3.53
0.39270,-0.39270,-0.39270,0.00000,0.39270,0.39270,0.39270,0.00000,-0.39270,-0.39270,0.00000,0.39270,0.39270,-0.39270,0.00000,0.00000,0.00000,0.39270,0.00000,0.39270,0.39270,-0.39270,-0.39270,0.39270,0.78540,0.39270,0.78540,-0.78540,0.00000,0.39270,0.00000,0.78540
7.08
0.78540,-1.17810,0.00000,-0.39270,0.39270,0.78540,0.00000,0.78540,0.39270,0.39270,-0.78540,0.00000,0.00000,0.78540,-0.78540,0.39270,-0.39270,-0.78540,-1.17810,0.39270,1.17810,-0.78540,-0.39270,0.00000,0.39270,1.17810,0.78540,-0.78540,0.00000,-0.39270,0.39270,0.78540
29.63
1.96350,-1.96350,-0.78540,-0.39270,0.00000,0.39270,1.17810,1.96350,-1.96350,-0.78540,0.00000,0.39270,1.17810,0.00000,0.00000,0.00000,0.00000,1.17810,0.39270,1.96350,1.57080,-0.78540,-0.78540,0.00000,1.57080,1.57080,0.39270,-0.78540,0.00000,0.39270,1.17810,2.35619
72.77
3.14159,-2.74889,-1.96350,0.00000,0.00000,0.78540,1.96350,2.74889,-2.74889,-0.78540,0.00000,0.78540,1.96350,-1.96350,-0.39270,-0.39270,0.39270,1.57080,1.57080,3.14159,3.14159,-1.57080,-0.78540,0.39270,2.35619,2.74889,-1.57080,-0.78540,-0.39270,0.78540,2.74889,3.14159
79.23
3.14159,-2.74889,-1.96350,-0.78540,0.00000,0.78540,1.96350,2.74889,-2.74889,-1.57080,0.00000,1.17810,2.35619,-2.74889,-1.17810,-0.39270,0.78540,1.17810,1.96350,3.14159,3.14159,-1.96350,-0.78540,0.39270,2.74889,3.14159,-2.74889,-1.17810,0.39270,1.17810,3.14159,3.14159
79.86
-2.74889,-2.74889,-2.74889,-1.57080,-0.78540,0.78540,1.17810,2.74889,-2.74889,-1.17810,0.39270,1.17810,2.74889,3.14159,-1.96350,-0.39270,0.00000,1.96350,2.74889,2.74889,3.14159,-1.17810,-0.78540,0.39270,2.74889,3.14159,-2.35619,-0.39270,0.39270,1.57080,2.74889,3.14159
80.77
-2.74889,-2.74889,-2.74889,-1.57080,0.00000,0.78540,1.57080,2.35619,-2.74889,-1.57080,0.00000,1.17810,2.35619,3.14159,-1.96350,-0.78540,0.39270,2.35619,1.96350,3.14159,3.14159,-1.17810,-0.39270,0.78540,2.35619,3.14159,-2.74889,-0.78540,0.00000,1.57080,3.14159,3.14159
80.96
-2.74889,-2.74889,-2.74889,-1.57080,0.39270,0.78540,1.17810,2.74889,-2.74889,-1.17810,0.00000,1.57080,2.35619,3.14159,-1.96350,-1.17810,0.39270,1.96350,3.14159,3.14159,3.14159,-1.57080,-0.39270,0.78540,2.35619,3.14159,-1.57080,-0.78540,0.78540,1.57080,2.74889,3.14159
81.72
-2.74889,-2.74889,-2.74889,-0.78540,-0.78540,1.17810,1.96350,2.74889,-2.74889,-0.78540,0.00000,1.17810,2.35619,3.14159,-2.35619,-0.78540,0.00000,1.17810,2.74889,3.14159,3.14159,-1.57080,0.00000,0.78540,2.35619,3.14159,-1.96350,-0.39270,0.39270,1.57080,3.14159,3.14159
81.81
-2.74889,-2.74889,-2.74889,-1.17810,-0.39270,0.78540,1.17810,3.14159,-2.74889,-1.17810,0.00000,1.17810,2.74889,3.14159,-1.57080,-0.78540,0.39270,1.96350,3.14159,3.14159,3.14159,-1.57080,0.00000,0.78540,2.35619,3.14159,-2.35619,-0.78540,0.00000,1.57080,3.14159,3.14159
81.89
-2.74889,-2.74889,-2.74889,-0.39270,-0.39270,0.39270,1.17810,2.74889,-2.74889,-1.17810,0.00000,1.17810,2.35619,3.14159,-2.35619,-0.39270,0.00000,1.57080,2.35619,3.14159,3.14159,-1.57080,-0.39270,0.39270,2.35619,3.14159,-2.35619,-0.39270,0.39270,1.57080,3.14159,3.14159
82.20
-2.74889,-2.74889,-2.74889,-1.17810,-0.39270,0.39270,1.57080,2.74889,-2.74889,-1.57080,0.00000,1.17810,2.74889,3.14159,-1.96350,-0.78540,0.00000,1.57080,2.35619,3.14159,3.14159,-0.78540,0.00000,0.78540,2.35619,3.14159,-2.35619,-1.17810,0.00000,1.57080,3.14159,3.14159
82.74
-2.74889,-2.74889,-2.74889,-1.17810,0.00000,0.39270,1.17810,2.74889,-2.74889,-1.17810,-0.39270,0.78540,2.74889,3.14159,-1.96350,-0.78540,0.39270,1.57080,2.35619,2.74889,3.14159,-1.17810,-0.39270,0.78540,2.35619,3.14159,-2.35619,-1.17810,0.78540,1.57080,3.14159,3.14159
82.76
-2.74889,-2.74889,-2.74889,-1.96350,-0.78540,0.39270,1.96350,2.74889,-2.74889,-1.17810,0.00000,1.57080,1.96350,3.14159,-2.35619,-0.78540,0.39270,1.57080,2.74889,3.14159,3.14159,-1.57080,-0.78540,0.78540,1.57080,3.14159,-1.96350,-0.78540,0.39270,1.57080,3.14159,3.14159
83.11
-2.74889,-2.74889,-2.74889,-1.17810,-0.39270,0.39270,1.57080,2.74889,-2.74889,-1.57080,0.39270,0.78540,2.35619,3.14159,-1.96350,-1.17810,0.78540,1.57080,2.35619,3.14159,3.14159,-1.17810,-0.78540,0.78540,1.57080,3.14159,-1.96350,-1.17810,0.39270,1.57080,3.14159,3.14159
83.80
-2.74889,-2.74889,-2.74889,-1.17810,-0.39270,0.39270,1.17810,2.74889,-2.74889,-1.17810,-0.39270,1.17810,2.74889,3.14159,-1.96350,-0.39270,0.00000,1.57080,2.35619,2.74889,3.14159,-1.57080,-0.39270,0.39270,2.35619,2.74889,-2.35619,-0.78540,0.39270,1.57080,3.14159,3.14159
84.70
-2.74889,-2.74889,-2.74889,-1.17810,0.00000,0.78540,1.57080,2.74889,-2.74889,-0.78540,0.00000,1.17810,2.35619,3.14159,-1.57080,-0.78540,0.39270,1.96350,2.35619,3.14159,3.14159,-1.17810,-0.39270,0.78540,2.35619,3.14159,-1.96350,-0.78540,0.39270,1.17810,3.14159,3.14159
85.53
-2.74889,-2.74889,-2.74889,-1.17810,-0.39270,0.39270,1.57080,2.74889,-2.74889,-1.17810,0.00000,0.78540,2.35619,3.14159,-1.96350,-0.78540,0.00000,1.57080,2.35619,2.74889,3.14159,-1.17810,-0.39270,1.17810,1.96350,3.14159,-2.35619,-0.78540,0.39270,1.17810,3.14159,3.14159
85.62
-2.74889,-2.74889,-2.74889,-1.57080,-0.78540,0.78540,1.57080,2.74889,-2.74889,-1.17810,-0.39270,1.17810,2.35619,-2.74889,-1.17810,-0.78540,0.39270,1.17810,2.74889,3.14159,3.14159,-1.57080,-0.39270,0.78540,1.96350,3.14159,-1.96350,-0.78540,0.78540,1.57080,3.14159,3.14159
85.94
-2.74889,-2.74889,-2.74889,-1.57080,-0.39270,0.78540,1.57080,2.74889,-2.74889,-1.17810,-0.39270,1.17810,2.35619,-2.74889,-1.96350,-0.78540,0.00000,1.17810,1.57080,3.14159,3.14159,-1.17810,-0.39270,0.78540,2.35619,3.14159,-1.96350,-0.78540,0.39270,1.57080,3.14159,3.14159
86.89
-2.74889,-2.74889,-2.74889,-1.57080,-0.39270,0.39270,1.17810,2.35619,-2.74889,-1.17810,-0.39270,1.17810,2.35619,-2.74889,-1.96350,-0.78540,0.39270,1.17810,1.57080,3.14159,3.14159,-1.57080,-0.39270,0.78540,1.96350,3.14159,-2.35619,-1.17810,0.00000,1.17810,2.74889,3.14159
87.08
-2.74889,-2.74889,-2.74889,-1.17810,-0.39270,0.39270,1.96350,2.74889,-2.74889,-1.17810,0.00000,0.78540,2.35619,-2.74889,-1.96350,-0.78540,0.39270,1.57080,2.35619,2.74889,3.14159,-1.17810,-0.78540,0.78540,1.96350,3.14159,-1.96350,-0.78540,0.39270,1.57080,2.74889,3.14159
87.39
-2.74889,-2.74889,-2.74889,-1.57080,-0.78540,0.39270,1.57080,2.74889,-2.74889,-1.57080,0.00000,1.17810,1.96350,-2.74889,-1.96350,-0.78540,0.39270,1.57080,1.96350,2.74889,3.14159,-1.57080,-0.39270,0.39270,1.96350,3.14159,-2.35619,-1.17810,0.39270,1.17810,2.74889,3.14159
87.53
-2.74889,-2.74889,-2.74889,-1.57080,-0.78540,0.39270,1.57080,2.74889,-2.74889,-1.17810,-0.39270,1.17810,1.96350,-2.74889,-1.96350,-0.78540,0.39270,1.57080,2.35619,2.74889,3.14159,-1.57080,-0.78540,0.78540,1.96350,3.14159,-1.96350,-0.78540,0.39270,1.17810,2.74889,3.14159
87.59
-2.74889,-2.74889,-2.74889,-1.57080,-0.39270,0.39270,1.96350,2.74889,-2.74889,-1.17810,0.00000,1.17810,2.35619,-2.74889,-1.57080,-0.78540,0.39270,1.57080,2.35619,3.14159,3.14159,-1.57080,-0.39270,0.78540,1.96350,3.14159,-1.96350,-0.78540,0.39270,1.57080,3.14159,3.14159
88.13
-2.74889,-2.74889,-2.74889,-1.57080,-0.39270,0.39270,1.57080,2.35619,-2.74889,-1.17810,0.00000,1.17810,2.35619,-2.74889,-1.57080,-0.78540,0.39270,1.17810,1.96350,3.14159,3.14159,-1.57080,-0.39270,0.78540,1.57080,3.14159,-1.96350,-0.78540,0.39270,1.57080,2.74889,3.14159
88.26
-2.74889,-2.74889,-2.74889,-1.17810,-0.39270,0.39270,1.96350,2.74889,-2.74889,-1.17810,0.00000,1.17810,2.35619,-2.74889,-1.57080,-0.78540,0.39270,1.17810,1.96350,2.35619,3.14159,-1.17810,-0.39270,0.78540,1.96350,3.14159,-1.96350,-0.78540,0.39270,1.57080,2.74889,3.14159
88.39
-2.74889,-2.74889,-2.74889,-1.57080,-0.39270,0.39270,1.57080,2.74889,-2.74889,-1.17810,0.00000,0.78540,2.35619,-2.74889,-1.96350,-0.78540,0.39270,1.17810,1.57080,2.74889,3.14159,-1.57080,-0.39270,0.78540,1.96350,3.14159,-1.96350,-0.78540,0.39270,1.17810,2.74889,3.14159
88.59
-2.74889,-2.74889,-2.74889,-1.17810,-0.39270,0.39270,1.57080,2.74889,-2.74889,-1.17810,0.00000,1.17810,2.35619,3.14159,-1.57080,-0.78540,0.39270,1.17810,1.96350,3.14159,3.14159,-1.57080,-0.39270,0.78540,1.96350,3.14159,-1.96350,-0.78540,0.39270,1.57080,2.74889,3.14159
88.66
-2.74889,-2.74889,-2.74889,-1.17810,-0.39270,0.39270,1.57080,2.74889,-2.35619,-1.17810,0.00000,1.17810,2.35619,3.14159,-1.57080,-0.78540,0.39270,1.57080,1.96350,3.14159,3.14159,-1.57080,-0.39270,0.78540,1.96350,3.14159,-1.96350,-0.78540,0.39270,1.17810,2.35619,3.14159
88.68
-2.74889,-2.74889,-2.74889,-1.17810,-0.39270,0.78540,1.57080,2.74889,-2.35619,-1.17810,0.00000,1.17810,2.35619,3.14159,-1.57080,-0.39270,0.39270,1.17810,2.35619,3.14159,3.14159,-1.57080,-0.39270,0.78540,1.96350,3.14159,-1.96350,-0.78540,0.39270,1.57080,2.74889,3.14159
88.74
-2.74889,-2.74889,-2.74889,-1.17810,-0.78540,0.39270,1.57080,2.74889,-2.35619,-1.17810,0.00000,1.17810,2.35619,3.14159,-1.57080,-0.39270,0.39270,1.17810,1.96350,3.14159,3.14159,-1.17810,-0.39270,0.78540,1.96350,3.14159,-1.96350,-0.78540,0.39270,1.57080,2.74889,3.14159
88.77
-2.74889,-2.74889,-2.74889,-1.17810,-0.39270,0.39270,1.57080,2.74889,-2.35619,-1.17810,0.00000,1.17810,2.35619,3.14159,-1.96350,-0.78540,0.39270,1.57080,1.96350,3.14159,3.14159,-1.57080,-0.39270,0.78540,1.96350,3.14159,-1.96350,-0.78540,0.39270,1.57080,2.35619,3.14159
88.85
-2.74889,-2.74889,-2.74889,-1.17810,-0.39270,0.39270,1.57080,2.74889,-2.74889,-1.17810,0.00000,1.17810,2.35619,3.14159,-1.57080,-0.78540,0.39270,1.17810,1.96350,2.74889,3.14159,-1.57080,-0.39270,0.78540,1.96350,3.14159,-1.96350,-0.78540,0.39270,1.57080,2.74889,3.14159
88.91
-2.74889,-2.74889,-2.74889,-1.17810,-0.39270,0.39270,1.57080,2.74889,-2.35619,-1.17810,0.00000,1.17810,2.35619,3.14159,-1.57080,-0.78540,0.39270,1.17810,1.96350,3.14159,3.14159,-1.17810,-0.39270,0.78540,1.96350,3.14159,-1.96350,-0.78540,0.39270,1.57080,2.74889,3.14159
88.98
-2.74889,-2.74889,-2.74889,-1.17810,-0.39270,0.39270,1.57080,2.74889,-2.35619,-1.17810,0.00000,1.17810,2.35619,3.14159,-1.57080,-0.78540,0.39270,1.17810,2.35619,3.14159,3.14159,-1.57080,-0.39270,0.78540,1.96350,3.14159,-1.96350,-0.78540,0.39270,1.57080,2.74889,3.14159
88.99
-2.74889,-2.74889,-2.74889,-1.17810,-0.39270,0.39270,1.57080,2.74889,-2.35619,-1.17810,0.00000,1.17810,2.35619,3.14159,-1.57080,-0.78540,0.39270,1.57080,1.96350,3.14159,3.14159,-1.57080,-0.39270,0.78540,1.96350,3.14159,-1.96350,-0.78540,0.39270,1.57080,2.74889,3.14159
89.25
-2.74889,-2.74889,-2.74889,-1.57080,-0.39270,0.39270,1.57080,2.74889,-2.35619,-1.17810,0.00000,1.17810,2.35619,3.14159,-1.57080,-0.78540,0.39270,1.57080,1.96350,2.74889,3.14159,-1.57080,-0.39270,0.78540,1.96350,3.14159,-1.96350,-0.78540,0.39270,1.57080,2.74889,3.14159
89.34
-2.74889,-2.74889,-2.74889,-1.17810,-0.39270,0.39270,1.57080,2.74889,-2.35619,-1.17810,0.00000,1.17810,2.35619,3.14159,-1.57080,-0.78540,0.39270,1.17810,1.96350,2.74889,3.14159,-1.57080,-0.39270,0.78540,1.96350,3.14159,-1.96350,-0.78540,0.39270,1.57080,2.35619,3.14159
89.36
-2.74889,-2.74889,-2.74889,-1.17810,-0.39270,0.39270,1.57080,2.74889,-2.35619,-1.17810,0.00000,1.17810,2.35619,3.14159,-1.57080,-0.78540,0.39270,1.17810,1.96350,2.74889,3.14159,-1.57080,-0.39270,0.78540,1.96350,3.14159,-1.96350,-0.78540,0.39270,1.57080,2.74889,3.14159
89.40
-2.74889,-2.74889,-2.74889,-1.57080,-0.39270,0.39270,1.57080,2.74889,-2.35619,-1.17810,0.00000,1.17810,2.35619,3.14159,-1.57080,-0.78540,0.39270,1.17810,1.96350,2.74889,3.14159,-1.57080,-0.39270,0.78540,1.96350,3.14159,-1.96350,-0.78540,0.39270,1.57080,2.74889,3.14159
89.43
-2.74889,-2.74889,-2.35619,-1.17810,-0.78540,0.39270,1.57080,2.74889,-2.35619,-1.17810,0.00000,1.17810,2.35619,3.14159,-1.57080,-0.78540,0.39270,1.17810,1.96350,3.14159,3.14159,-1.57080,-0.39270,0.78540,1.96350,3.14159,-1.96350,-0.78540,0.39270,1.57080,2.74889,3.14159
89.50
-2.74889,-2.74889,-2.35619,-1.17810,-0.39270,0.39270,1.57080,2.74889,-2.35619,-1.17810,0.00000,1.17810,2.35619,3.14159,-1.57080,-0.78540,0.39270,1.17810,1.96350,3.14159,3.14159,-1.57080,-0.39270,0.78540,1.96350,3.14159,-1.96350,-0.78540,0.39270,1.57080,2.74889,3.14159
89.53
-2.74889,-2.74889,-2.35619,-1.57080,-0.39270,0.39270,1.57080,2.74889,-2.35619,-1.17810,0.00000,1.17810,2.35619,3.14159,-1.57080,-0.78540,0.39270,1.17810,1.96350,3.14159,3.14159,-1.57080,-0.39270,0.78540,1.96350,3.14159,-1.96350,-0.78540,0.39270,1.57080,2.74889,3.14159
