3.18
0.78540,0.00000,0.39270,-0.39270,0.00000,-0.39270,0.00000,0.39270,0.00000,-0.39270,-0.78540,0.39270,0.00000,0.39270,0.39270,-0.39270,-0.39270,0.00000,0.00000,0.00000,0.00000,0.00000,0.00000,0.00000,0.39270,0.39270,-0.39270,0.00000,0.00000,0.39270,-0.39270,-0.39270
3.38
0.78540,1.57080,0.39270,-0.78540,0.39270,0.00000,1.57080,0.78540,0.78540,-0.78540,-0.78540,-0.39270,0.78540,0.00000,0.78540,-0.39270,-1.17810,0.00000,0.78540,-0.78540,0.00000,0.00000,-0.78540,0.39270,0.00000,0.39270,0.00000,-0.39270,0.78540,0.39270,-0.39270,0.00000
48.58
1.17810,1.17810,2.35619,-1.96350,-1.57080,-0.78540,0.00000,0.78540,1.17810,-2.35619,-0.78540,0.00000,0.39270,1.96350,1.96350,-0.78540,0.00000,0.39270,0.78540,1.57080,-0.78540,-0.78540,0.00000,-0.39270,1.17810,1.96350,-2.35619,-0.39270,0.00000,1.17810,0.78540,-1.96350
78.53
1.17810,1.96350,3.14159,-2.74889,-2.35619,-1.57080,0.39270,1.57080,2.74889,-2.74889,-1.17810,0.00000,1.17810,3.14159,3.14159,-1.17810,-0.39270,0.78540,1.17810,1.96350,-2.74889,-0.78540,-0.39270,0.00000,1.57080,3.14159,-2.74889,-0.39270,0.39270,1.17810,1.96350,-2.74889
79.92
1.17810,2.74889,3.14159,-2.74889,-2.35619,-1.57080,0.00000,1.96350,2.74889,-2.74889,-1.57080,-0.39270,1.17810,3.14159,3.14159,-1.96350,-0.39270,0.39270,1.57080,2.35619,-2.74889,-1.57080,-0.39270,0.00000,1.57080,3.14159,-2.74889,-1.17810,0.00000,1.17810,2.35619,-2.74889
81.10
0.78540,2.74889,3.14159,-2.74889,-1.96350,-1.57080,0.39270,1.57080,2.74889,-2.74889,-1.57080,-0.39270,1.17810,3.14159,3.14159,-1.57080,0.00000,0.78540,1.17810,1.96350,-2.74889,-1.57080,-0.78540,0.00000,1.96350,3.14159,-2.74889,-1.17810,0.00000,1.17810,2.74889,-2.74889
81.23
1.17810,2.35619,3.14159,-2.74889,-2.74889,-1.17810,0.00000,1.17810,3.14159,-2.74889,-1.17810,0.00000,1.17810,3.14159,3.14159,-1.57080,-0.78540,0.78540,1.17810,2.35619,-2.74889,-1.17810,-0.78540,0.39270,1.96350,3.14159,-2.74889,-1.17810,0.39270,1.57080,2.74889,-2.74889
81.24
1.17810,2.74889,3.14159,-2.74889,-2.35619,-0.78540,0.00000,1.57080,3.14159,-2.74889,-1.17810,0.39270,1.17810,3.14159,3.14159,-1.96350,-0.78540,0.39270,1.57080,2.35619,-2.74889,-1.57080,-0.39270,0.39270,1.96350,3.14159,-2.74889,-1.17810,0.39270,1.57080,3.14159,-2.74889
82.11
1.17810,2.74889,3.14159,-2.74889,-1.96350,-0.78540,0.39270,1.96350,3.14159,-2.74889,-1.17810,0.39270,1.57080,3.14159,3.14159,-1.57080,-0.78540,0.78540,2.35619,2.74889,-2.74889,-1.96350,-0.78540,0.78540,1.57080,3.14159,-2.74889,-0.78540,0.39270,1.57080,3.14159,-2.74889
82.92
0.78540,2.35619,2.74889,-2.74889,-2.74889,-0.39270,0.39270,1.17810,3.14159,-2.74889,-1.17810,0.00000,1.17810,3.14159,3.14159,-1.17810,-0.39270,0.78540,1.96350,2.35619,-2.74889,-1.96350,-0.78540,0.78540,1.96350,3.14159,-2.74889,-0.78540,0.39270,1.57080,2.74889,-2.74889
83.30
1.17810,1.96350,2.35619,-2.74889,-2.74889,-0.39270,0.39270,1.96350,3.14159,-2.74889,-1.17810,0.00000,1.17810,3.14159,3.14159,-1.57080,-0.39270,0.39270,1.17810,2.74889,-2.74889,-1.96350,-0.39270,0.39270,1.57080,3.14159,-2.74889,-0.78540,0.39270,1.57080,2.74889,-2.74889
84.80
1.17810,1.96350,3.14159,-2.74889,-2.35619,-1.17810,0.00000,1.57080,3.14159,-2.74889,-0.78540,0.39270,1.57080,3.14159,3.14159,-1.57080,-0.39270,0.78540,1.96350,2.74889,-2.74889,-1.96350,-0.78540,0.39270,1.96350,3.14159,-1.96350,-0.78540,0.39270,1.57080,3.14159,-2.74889
84.80
1.17810,1.57080,3.14159,-2.74889,-2.35619,-0.78540,0.39270,1.57080,3.14159,-2.74889,-0.78540,0.00000,1.57080,3.14159,3.14159,-1.17810,-0.39270,0.39270,1.57080,2.74889,-2.74889,-1.96350,-0.78540,0.78540,1.57080,3.14159,-2.74889,-0.78540,0.39270,1.57080,2.74889,-2.74889
85.19
1.17810,2.35619,3.14159,-2.74889,-2.35619,-0.78540,0.39270,1.57080,3.14159,-2.74889,-1.17810,0.39270,1.57080,3.14159,3.14159,-1.57080,-0.39270,0.78540,1.17810,2.35619,-2.74889,-1.96350,-0.78540,0.39270,1.57080,3.14159,-2.74889,-0.78540,0.39270,1.57080,2.74889,-2.74889
85.22
0.78540,2.35619,3.14159,-2.74889,-1.96350,-0.78540,0.39270,1.57080,3.14159,-2.74889,-1.17810,0.00000,1.17810,3.14159,3.14159,-1.96350,-0.39270,0.39270,1.57080,2.35619,-2.74889,-1.96350,-0.78540,0.39270,1.57080,3.14159,-2.74889,-0.78540,0.39270,1.57080,2.74889,-2.74889
85.57
1.17810,1.57080,3.14159,-2.74889,-1.57080,-0.78540,0.39270,1.57080,3.14159,-2.74889,-1.17810,0.39270,1.17810,3.14159,3.14159,-1.57080,-0.39270,0.78540,1.57080,2.35619,-2.74889,-1.96350,-0.78540,0.39270,1.57080,3.14159,-2.74889,-0.78540,0.00000,1.57080,2.74889,-2.74889
85.75
1.17810,1.57080,3.14159,-2.74889,-1.96350,-0.78540,0.39270,1.57080,3.14159,-2.74889,-1.17810,0.39270,1.17810,3.14159,3.14159,-1.57080,-0.39270,0.78540,1.57080,2.35619,-2.74889,-1.96350,-0.78540,0.39270,1.57080,3.14159,-2.74889,-0.78540,0.00000,1.57080,2.74889,-2.74889
85.94
1.17810,1.96350,3.14159,-2.74889,-2.35619,-0.78540,0.00000,1.57080,3.14159,-2.74889,-1.17810,0.00000,1.17810,2.74889,3.14159,-1.57080,0.00000,0.39270,1.57080,2.35619,-2.74889,-1.96350,-0.78540,0.39270,1.57080,3.14159,-2.74889,-1.17810,0.00000,1.57080,2.74889,-2.74889
85.99
0.78540,1.96350,3.14159,-2.74889,-1.57080,-0.78540,0.39270,1.57080,3.14159,-2.74889,-1.17810,0.00000,1.17810,2.35619,3.14159,-1.17810,-0.78540,0.39270,1.57080,2.35619,-2.74889,-1.96350,-0.39270,0.39270,1.57080,3.14159,-2.74889,-0.78540,0.39270,1.57080,2.74889,-2.74889
86.11
1.17810,2.35619,3.14159,-2.74889,-1.96350,-0.78540,0.39270,1.57080,3.14159,-2.74889,-1.17810,0.39270,1.57080,2.74889,3.14159,-1.57080,-0.39270,0.39270,1.57080,2.35619,-2.74889,-1.96350,-0.78540,0.39270,1.96350,3.14159,-2.74889,-0.78540,0.39270,1.57080,2.74889,-2.74889
87.05
1.17810,1.57080,3.14159,-2.74889,-1.96350,-0.78540,0.39270,1.57080,3.14159,-2.35619,-0.78540,0.00000,1.17810,2.74889,3.14159,-1.57080,-0.78540,0.39270,1.57080,2.35619,-2.74889,-1.96350,-0.78540,0.39270,1.57080,3.14159,-2.74889,-0.78540,0.39270,1.57080,2.74889,-2.74889
87.71
0.78540,1.57080,3.14159,-2.74889,-2.35619,-0.78540,0.39270,1.57080,3.14159,-2.74889,-1.17810,0.39270,1.57080,2.74889,3.14159,-1.57080,-0.39270,0.39270,1.17810,2.35619,-2.74889,-1.96350,-0.78540,0.39270,1.57080,3.14159,-2.35619,-0.78540,0.39270,1.57080,2.74889,-2.74889
88.13
0.78540,1.96350,3.14159,-2.74889,-1.96350,-0.78540,0.39270,1.57080,3.14159,-2.74889,-1.17810,0.39270,1.57080,2.74889,3.14159,-1.57080,-0.39270,0.78540,1.17810,2.35619,-2.74889,-1.96350,-0.78540,0.39270,1.57080,3.14159,-2.35619,-0.78540,0.39270,1.57080,2.74889,-2.74889
88.24
0.78540,1.96350,3.14159,-2.74889,-1.96350,-0.78540,0.39270,1.57080,3.14159,-2.74889,-1.17810,0.00000,1.57080,2.74889,3.14159,-1.57080,-0.39270,0.78540,1.17810,2.35619,-2.74889,-1.96350,-0.78540,0.39270,1.57080,3.14159,-2.35619,-0.78540,0.39270,1.57080,2.74889,-2.74889
88.57
0.78540,1.96350,3.14159,-2.74889,-1.96350,-0.78540,0.39270,1.57080,3.14159,-2.35619,-1.17810,0.00000,1.17810,2.35619,3.14159,-1.17810,-0.39270,0.39270,1.17810,2.35619,-2.74889,-1.96350,-0.78540,0.39270,1.57080,3.14159,-2.35619,-0.78540,0.39270,1.57080,2.35619,-2.74889
88.79
1.17810,1.57080,3.14159,-2.74889,-1.96350,-0.78540,0.39270,1.57080,3.14159,-2.35619,-1.17810,0.00000,1.17810,2.74889,3.14159,-1.57080,-0.39270,0.78540,1.17810,2.35619,-2.74889,-1.96350,-0.78540,0.39270,1.57080,3.14159,-2.35619,-0.78540,0.39270,1.57080,2.74889,-2.74889
88.81
0.78540,1.96350,3.14159,-2.74889,-1.96350,-0.78540,0.39270,1.57080,3.14159,-2.35619,-1.17810,0.39270,1.17810,2.74889,3.14159,-1.57080,-0.39270,0.78540,1.57080,1.96350,-2.74889,-1.96350,-0.78540,0.39270,1.57080,3.14159,-2.35619,-0.78540,0.39270,1.57080,2.74889,-2.74889
89.04
0.78540,1.57080,3.14159,-2.74889,-1.96350,-0.78540,0.39270,1.57080,3.14159,-2.35619,-1.17810,0.00000,1.17810,2.74889,3.14159,-1.57080,-0.39270,0.78540,1.57080,2.35619,-2.74889,-1.96350,-0.78540,0.39270,1.57080,3.14159,-2.35619,-0.78540,0.39270,1.57080,2.74889,-2.74889
89.24
0.78540,1.57080,3.14159,-2.74889,-1.96350,-0.78540,0.39270,1.57080,2.74889,-2.35619,-1.17810,0.00000,1.17810,2.74889,3.14159,-1.17810,-0.39270,0.78540,1.57080,1.96350,-2.74889,-1.96350,-0.78540,0.39270,1.57080,3.14159,-2.35619,-0.78540,0.39270,1.57080,2.35619,-2.74889
89.26
0.78540,1.96350,3.14159,-2.74889,-1.96350,-0.78540,0.39270,1.57080,2.74889,-2.35619,-1.17810,0.00000,1.17810,2.35619,3.14159,-1.57080,-0.39270,0.78540,1.57080,2.35619,-2.74889,-1.96350,-0.78540,0.39270,1.57080,3.14159,-2.35619,-0.78540,0.39270,1.57080,2.35619,-2.74889
89.33
0.78540,1.96350,3.14159,-2.74889,-1.96350,-0.78540,0.39270,1.57080,2.74889,-2.35619,-1.17810,0.39270,1.17810,2.74889,3.14159,-1.57080,-0.39270,0.78540,1.57080,2.35619,-2.74889,-1.96350,-0.78540,0.39270,1.57080,3.14159,-2.35619,-0.78540,0.39270,1.57080,2.74889,-2.74889
89.45
0.78540,1.57080,3.14159,-2.74889,-1.96350,-0.78540,0.39270,1.57080,2.74889,-2.35619,-1.17810,0.39270,1.57080,2.74889,3.14159,-1.57080,-0.39270,0.78540,1.57080,2.35619,-2.74889,-1.96350,-0.78540,0.39270,1.57080,3.14159,-1.96350,-0.78540,0.39270,1.57080,2.74889,-2.74889
89.50
0.78540,1.96350,3.14159,-2.74889,-1.96350,-0.78540,0.39270,1.57080,2.74889,-2.35619,-1.17810,0.00000,1.57080,2.74889,3.14159,-1.17810,-0.39270,0.78540,1.57080,2.35619,-2.74889,-1.96350,-0.78540,0.39270,1.57080,3.14159,-1.96350,-0.78540,0.39270,1.57080,2.74889,-2.74889
89.71
0.78540,1.57080,2.35619,-2.74889,-1.96350,-0.78540,0.39270,1.57080,2.74889,-2.35619,-0.78540,0.00000,1.57080,2.74889,3.14159,-1.57080,-0.39270,0.78540,1.17810,2.35619,-2.74889,-1.96350,-0.78540,0.39270,1.57080,2.74889,-2.35619,-0.78540,0.39270,1.57080,2.74889,-2.74889
89.73
0.78540,1.96350,3.14159,-2.74889,-1.96350,-0.78540,0.39270,1.57080,2.74889,-2.35619,-1.17810,0.00000,1.17810,2.74889,3.14159,-1.57080,-0.39270,0.78540,1.17810,2.35619,-2.74889,-1.96350,-0.78540,0.39270,1.57080,2.74889,-2.35619,-0.78540,0.39270,1.57080,2.74889,-2.74889
89.78
0.78540,1.57080,3.14159,-2.74889,-1.96350,-0.78540,0.39270,1.57080,2.74889,-2.35619,-1.17810,0.00000,1.17810,2.74889,3.14159,-1.57080,-0.39270,0.39270,1.17810,2.35619,-2.74889,-1.96350,-0.78540,0.39270,1.57080,2.74889,-2.35619,-0.78540,0.39270,1.57080,2.35619,-2.74889
89.97
0.78540,1.57080,2.74889,-2.74889,-1.96350,-0.78540,0.39270,1.57080,2.74889,-2.35619,-1.17810,0.00000,1.17810,2.35619,3.14159,-1.17810,-0.39270,0.78540,1.17810,2.35619,-2.74889,-1.96350,-0.78540,0.39270,1.57080,2.74889,-2.35619,-0.78540,0.39270,1.57080,2.74889,-2.74889
90.20
0.78540,1.57080,2.74889,-2.74889,-1.96350,-0.78540,0.39270,1.57080,2.74889,-2.35619,-1.17810,0.00000,1.17810,2.35619,3.14159,-1.57080,-0.39270,0.39270,1.17810,2.35619,-2.74889,-1.96350,-0.78540,0.39270,1.57080,2.74889,-2.35619,-0.78540,0.39270,1.57080,2.35619,-2.74889
90.27
0.78540,1.57080,2.35619,-2.74889,-1.96350,-0.78540,0.39270,1.57080,2.74889,-2.35619,-1.17810,0.00000,1.17810,2.74889,3.14159,-1.57080,-0.39270,0.39270,1.17810,2.35619,-2.74889,-1.96350,-0.78540,0.39270,1.57080,2.74889,-2.35619,-1.17810,0.39270,1.57080,2.35619,-2.74889
90.44
0.78540,1.57080,2.35619,-2.74889,-1.96350,-0.78540,0.39270,1.57080,2.74889,-2.35619,-1.17810,0.00000,1.17810,2.35619,3.14159,-1.57080,-0.39270,0.39270,1.17810,1.96350,-2.74889,-1.96350,-0.78540,0.39270,1.57080,2.74889,-2.35619,-1.17810,0.39270,1.17810,2.35619,-2.74889
90.45
0.78540,1.57080,2.35619,-2.74889,-1.96350,-0.78540,0.39270,1.57080,2.74889,-2.35619,-1.17810,0.00000,1.17810,2.35619,3.14159,-1.57080,-0.39270,0.39270,1.57080,1.96350,-2.74889,-1.96350,-0.78540,0.39270,1.57080,2.74889,-2.35619,-1.17810,0.00000,1.17810,2.35619,-2.74889
90.54
0.78540,1.57080,2.35619,-2.74889,-1.96350,-0.78540,0.39270,1.57080,2.74889,-2.35619,-1.17810,0.00000,1.17810,2.35619,3.14159,-1.57080,-0.39270,0.39270,1.17810,1.96350,-2.74889,-1.96350,-0.78540,0.39270,1.57080,2.74889,-2.35619,-1.17810,0.00000,1.17810,2.35619,-2.74889
90.54
0.78540,1.57080,2.35619,-2.74889,-1.96350,-1.17810,0.00000,1.57080,2.74889,-2.35619,-1.17810,0.00000,1.17810,2.35619,3.14159,-1.57080,-0.39270,0.39270,1.17810,1.96350,-2.74889,-1.96350,-0.78540,0.39270,1.57080,2.74889,-2.35619,-1.17810,0.00000,1.17810,2.35619,-2.74889
