7.44
0.00000,0.78540,-0.39270,0.00000,-0.39270,0.39270,0.39270,0.78540,-0.78540,-0.78540,0.39270,0.39270,0.39270,-0.39270,-0.39270,0.00000,0.39270,0.00000,0.00000,0.78540,-0.39270,-0.39270,0.78540,0.39270,0.39270,-0.78540,-0.78540,0.00000,0.78540,0.78540,0.78540,-0.39270
8.99
0.39270,1.57080,-1.17810,1.17810,-0.39270,0.78540,0.39270,1.17810,-1.17810,0.39270,1.17810,0.39270,1.17810,-0.78540,-0.39270,0.00000,0.78540,0.00000,-0.39270,0.39270,-0.78540,-1.17810,-0.39270,0.00000,0.78540,-1.17810,-0.78540,-0.78540,0.78540,0.39270,-0.39270,-1.17810
74.27
1.57080,2.74889,-2.35619,-0.78540,-0.78540,0.00000,0.78540,2.35619,-2.74889,-0.78540,0.00000,1.17810,2.35619,-2.35619,-0.39270,0.00000,0.39270,0.78540,1.57080,2.74889,-2.35619,-0.39270,0.39270,1.17810,2.35619,-2.74889,-0.78540,0.00000,1.17810,2.35619,2.74889,-1.17810
75.27
2.74889,3.14159,-2.74889,-1.57080,-1.17810,0.00000,0.78540,3.14159,-2.74889,-1.17810,0.00000,1.57080,2.74889,-2.74889,-1.17810,-0.78540,0.78540,1.17810,2.74889,3.14159,-2.74889,-1.17810,0.78540,1.57080,3.14159,-2.74889,-1.57080,0.00000,0.78540,3.14159,3.14159,-0.78540
75.76
1.96350,3.14159,-2.74889,-2.35619,-1.17810,0.39270,1.57080,3.14159,-2.74889,-1.57080,0.39270,1.17810,3.14159,-2.74889,-1.57080,-0.39270,1.57080,1.96350,-2.74889,3.14159,-2.74889,-0.78540,0.78540,2.35619,2.74889,-2.74889,-1.17810,0.39270,1.57080,3.14159,3.14159,-1.57080
76.72
1.96350,3.14159,-2.74889,-2.74889,-1.57080,0.00000,1.57080,3.14159,-2.74889,-1.17810,0.78540,1.17810,2.74889,-2.74889,-1.57080,-0.39270,1.17810,1.96350,-2.74889,3.14159,-2.74889,-0.78540,0.39270,1.96350,2.74889,-2.74889,-1.17810,0.39270,1.57080,3.14159,3.14159,-1.57080
77.05
2.35619,3.14159,-2.74889,-2.74889,-0.78540,0.39270,0.78540,3.14159,-2.74889,-1.17810,0.39270,0.78540,2.74889,-2.74889,-1.57080,-0.39270,0.78540,1.57080,-2.74889,3.14159,-2.74889,-0.78540,0.39270,1.57080,2.74889,-2.74889,-0.78540,0.00000,1.17810,3.14159,3.14159,-0.78540
78.16
2.35619,3.14159,-2.74889,-2.35619,-0.78540,0.39270,1.17810,3.14159,-2.74889,-0.78540,0.39270,0.78540,2.74889,-2.74889,-1.57080,-0.39270,1.17810,1.57080,-2.74889,3.14159,-2.74889,-1.17810,0.39270,1.57080,2.74889,-2.74889,-1.17810,0.00000,1.57080,3.14159,3.14159,-1.17810
79.66
1.96350,3.14159,-2.74889,-1.57080,-1.17810,0.39270,1.17810,3.14159,-2.74889,-1.57080,0.39270,1.57080,2.74889,-2.74889,-1.57080,-0.39270,1.17810,1.57080,-2.74889,3.14159,-2.74889,-0.78540,0.39270,1.57080,2.74889,-2.74889,-1.17810,0.00000,1.57080,3.14159,3.14159,-1.57080
79.83
1.96350,3.14159,-2.74889,-1.96350,-0.78540,0.39270,1.17810,3.14159,-2.74889,-1.17810,0.00000,1.57080,2.35619,-2.74889,-1.17810,-0.39270,0.78540,1.96350,-2.74889,3.14159,-1.57080,-1.17810,0.78540,1.96350,3.14159,-2.74889,-0.78540,0.00000,1.57080,3.14159,3.14159,-1.96350
80.08
1.96350,3.14159,-2.74889,-1.57080,-0.78540,0.39270,1.17810,3.14159,-2.74889,-1.57080,0.00000,1.17810,2.74889,-2.74889,-1.17810,-0.39270,0.78540,1.57080,-2.74889,3.14159,-2.74889,-0.78540,0.78540,1.96350,2.74889,-2.74889,-1.17810,0.39270,1.17810,3.14159,3.14159,-1.57080
80.09
1.96350,3.14159,-2.74889,-2.35619,-1.17810,0.00000,1.57080,3.14159,-2.74889,-1.17810,0.00000,1.17810,2.35619,-2.74889,-1.57080,-0.78540,1.17810,1.57080,-2.74889,3.14159,-2.74889,-0.78540,0.39270,1.57080,3.14159,-2.74889,-1.17810,0.39270,1.17810,3.14159,3.14159,-1.17810
80.30
1.96350,3.14159,-2.74889,-1.17810,-1.17810,0.00000,1.17810,3.14159,-2.74889,-1.17810,0.00000,1.17810,2.35619,-2.74889,-1.57080,-0.39270,1.17810,1.96350,-2.74889,3.14159,-2.74889,-0.39270,0.39270,1.57080,2.74889,-2.74889,-0.78540,0.39270,1.57080,3.14159,3.14159,-1.57080
81.29
2.35619,3.14159,-2.74889,-1.57080,-0.78540,0.00000,1.17810,3.14159,-2.74889,-1.17810,0.00000,1.17810,2.74889,-2.74889,-1.57080,0.00000,1.17810,1.57080,-2.74889,3.14159,-1.96350,-0.78540,0.78540,1.57080,2.74889,-2.74889,-0.78540,0.39270,1.17810,3.14159,3.14159,-1.57080
82.52
1.96350,3.14159,-2.74889,-1.96350,-1.17810,0.39270,1.17810,3.14159,-2.74889,-1.57080,0.00000,1.17810,2.74889,-2.74889,-1.57080,-0.39270,0.78540,1.57080,-2.74889,3.14159,-1.96350,-0.78540,0.39270,1.57080,2.74889,-2.74889,-1.17810,0.00000,1.17810,3.14159,3.14159,-1.57080
82.56
1.96350,3.14159,-2.74889,-1.96350,-0.78540,0.39270,1.17810,3.14159,-2.74889,-1.17810,0.00000,1.17810,2.35619,-2.74889,-1.17810,-0.78540,0.78540,1.96350,-2.74889,3.14159,-1.96350,-0.78540,0.39270,1.57080,2.74889,-2.74889,-1.17810,0.00000,1.57080,3.14159,3.14159,-1.17810
82.57
1.57080,3.14159,-2.74889,-1.57080,-0.78540,0.00000,1.57080,3.14159,-2.74889,-1.17810,0.00000,1.17810,2.35619,-2.74889,-1.17810,-0.39270,0.78540,1.96350,-2.74889,3.14159,-1.57080,-0.78540,0.39270,1.57080,2.74889,-2.74889,-0.78540,0.39270,1.57080,3.14159,3.14159,-1.57080
82.61
1.96350,3.14159,-2.74889,-1.96350,-0.78540,0.39270,1.17810,3.14159,-2.74889,-1.57080,0.00000,1.17810,2.35619,-2.74889,-1.57080,-0.39270,0.78540,1.96350,-2.74889,3.14159,-2.35619,-0.78540,0.39270,1.57080,2.74889,-2.74889,-1.17810,0.00000,1.57080,3.14159,3.14159,-1.57080
82.69
1.96350,3.14159,-2.74889,-1.96350,-0.78540,0.39270,1.57080,3.14159,-2.74889,-1.17810,0.00000,1.17810,2.74889,-2.74889,-1.57080,-0.39270,0.78540,1.96350,-2.74889,3.14159,-1.96350,-0.78540,0.39270,1.57080,2.74889,-2.74889,-1.17810,0.00000,1.17810,3.14159,3.14159,-1.57080
83.26
1.96350,3.14159,-2.74889,-1.96350,-0.78540,0.39270,1.17810,2.74889,-2.74889,-1.17810,0.00000,1.17810,2.35619,-2.74889,-1.17810,-0.39270,0.78540,1.96350,-2.74889,3.14159,-1.96350,-0.78540,0.39270,1.17810,2.74889,-2.74889,-1.17810,0.39270,1.17810,3.14159,3.14159,-1.57080
83.26
1.96350,3.14159,-2.74889,-1.96350,-0.78540,0.00000,1.17810,2.74889,-2.74889,-1.17810,0.00000,0.78540,2.35619,-2.74889,-1.57080,-0.39270,0.78540,1.57080,-2.74889,3.14159,-1.96350,-0.78540,0.39270,1.57080,2.74889,-2.74889,-0.78540,0.39270,1.17810,3.14159,3.14159,-1.17810
83.56
1.96350,3.14159,-2.74889,-1.96350,-0.78540,0.39270,1.17810,2.74889,-2.74889,-1.17810,0.00000,1.57080,2.35619,-2.74889,-1.57080,-0.39270,0.78540,1.57080,-2.74889,3.14159,-1.96350,-0.78540,0.39270,1.57080,2.74889,-2.74889,-1.17810,0.00000,1.57080,3.14159,3.14159,-1.17810
83.95
1.96350,3.14159,-2.74889,-1.96350,-0.78540,0.00000,1.57080,2.35619,-2.74889,-1.17810,0.00000,1.17810,2.35619,-2.74889,-1.57080,-0.39270,0.78540,1.57080,-2.74889,3.14159,-1.96350,-0.78540,0.39270,1.57080,2.74889,-2.74889,-1.17810,0.39270,1.17810,3.14159,3.14159,-1.17810
84.10
1.57080,3.14159,-2.74889,-1.96350,-0.78540,0.00000,1.17810,2.35619,-2.74889,-1.17810,0.00000,1.17810,2.35619,-2.74889,-1.57080,-0.39270,0.78540,1.57080,-2.74889,3.14159,-1.96350,-0.78540,0.39270,1.57080,2.74889,-2.74889,-1.17810,0.39270,1.57080,3.14159,3.14159,-1.17810
84.21
1.96350,3.14159,-2.74889,-1.96350,-0.78540,0.39270,1.17810,2.74889,-2.74889,-1.17810,0.00000,1.17810,2.74889,-2.74889,-1.57080,-0.39270,0.78540,1.96350,-2.74889,3.14159,-1.57080,-0.78540,0.39270,1.57080,2.74889,-2.74889,-1.17810,0.39270,1.57080,2.74889,3.14159,-1.17810
84.29
1.57080,2.74889,-2.74889,-1.57080,-1.17810,0.00000,1.17810,2.35619,3.14159,-1.17810,-0.39270,1.17810,2.35619,-2.74889,-1.57080,-0.39270,0.39270,1.57080,-2.74889,3.14159,-2.35619,-0.78540,0.39270,1.17810,2.74889,-2.74889,-1.17810,0.00000,1.57080,2.35619,3.14159,-1.57080
84.41
1.57080,2.74889,-2.74889,-1.96350,-1.17810,0.00000,1.17810,2.35619,3.14159,-1.17810,-0.39270,0.78540,2.35619,-2.74889,-1.57080,-0.39270,0.39270,1.57080,-2.74889,3.14159,-1.96350,-0.78540,0.39270,1.57080,2.35619,-2.74889,-1.17810,0.00000,1.17810,2.35619,3.14159,-1.17810
84.64
1.57080,2.74889,-2.74889,-1.96350,-0.78540,0.00000,1.17810,2.35619,3.14159,-1.17810,0.00000,1.17810,2.35619,-2.74889,-1.57080,-0.39270,0.78540,1.57080,-2.74889,3.14159,-1.96350,-0.78540,0.39270,1.57080,2.74889,-2.74889,-1.17810,0.00000,1.57080,2.35619,3.14159,-1.57080
84.67
1.57080,2.35619,-2.74889,-1.96350,-1.17810,0.00000,1.17810,2.35619,3.14159,-1.57080,-0.39270,0.78540,2.35619,-2.74889,-1.57080,-0.39270,0.78540,1.57080,-2.74889,3.14159,-1.96350,-0.78540,0.00000,1.17810,2.74889,-2.74889,-1.17810,0.00000,1.17810,2.74889,3.14159,-1.57080
84.90
1.57080,2.74889,-2.74889,-1.96350,-1.17810,0.00000,1.17810,2.35619,3.14159,-1.17810,-0.39270,1.17810,2.35619,-2.74889,-1.57080,-0.39270,0.39270,1.57080,-2.74889,3.14159,-1.96350,-0.78540,0.00000,1.57080,2.74889,-2.74889,-1.17810,0.00000,1.17810,2.35619,3.14159,-1.57080
84.94
1.57080,2.35619,-2.74889,-1.96350,-1.17810,0.00000,1.17810,2.35619,3.14159,-1.17810,-0.39270,1.17810,2.35619,-2.74889,-1.57080,-0.78540,0.39270,1.57080,-2.74889,3.14159,-2.35619,-1.17810,0.00000,1.57080,2.35619,-2.74889,-1.17810,0.00000,1.17810,2.35619,3.14159,-1.57080
84.95
1.57080,2.74889,-2.74889,-1.96350,-1.17810,0.00000,1.17810,2.35619,3.14159,-1.57080,-0.39270,0.78540,1.96350,-2.74889,-1.57080,-0.39270,0.39270,1.57080,-2.74889,3.14159,-1.96350,-0.78540,0.00000,1.57080,2.35619,-2.74889,-1.17810,0.00000,1.17810,2.35619,3.14159,-1.57080
85.20
1.57080,2.35619,-2.74889,-1.96350,-1.17810,0.00000,0.78540,2.35619,3.14159,-1.57080,-0.39270,0.78540,1.96350,-2.74889,-1.57080,-0.78540,0.39270,1.57080,-2.74889,3.14159,-2.35619,-1.17810,0.00000,1.57080,2.35619,-2.74889,-1.17810,0.00000,1.17810,2.35619,3.14159,-1.57080
85.24
1.57080,2.74889,-2.74889,-1.96350,-1.17810,0.00000,1.17810,2.35619,3.14159,-1.57080,-0.39270,0.78540,2.35619,-2.74889,-1.57080,-0.78540,0.39270,1.57080,-2.74889,3.14159,-2.35619,-1.17810,0.00000,1.17810,2.74889,-2.74889,-1.57080,0.00000,1.17810,2.35619,3.14159,-1.57080
85.34
1.57080,2.74889,-2.74889,-1.96350,-1.17810,0.00000,1.17810,2.35619,3.14159,-1.57080,-0.39270,0.78540,2.35619,-2.74889,-1.57080,-0.39270,0.39270,1.57080,-2.74889,3.14159,-2.35619,-1.17810,0.00000,1.57080,2.35619,-2.74889,-1.17810,0.00000,1.17810,2.35619,3.14159,-1.57080
85.41
1.57080,2.74889,-2.74889,-1.96350,-1.17810,0.00000,1.17810,2.35619,3.14159,-1.57080,-0.39270,0.78540,2.35619,-2.74889,-1.57080,-0.78540,0.39270,1.57080,-2.74889,3.14159,-2.35619,-1.17810,0.00000,1.17810,2.74889,-2.74889,-1.17810,0.00000,1.17810,2.35619,3.14159,-1.57080
85.65
1.57080,2.35619,-2.74889,-1.96350,-1.17810,0.00000,1.17810,2.35619,3.14159,-1.57080,-0.39270,0.78540,2.35619,-2.74889,-1.57080,-0.78540,0.39270,1.57080,-2.74889,3.14159,-2.35619,-1.17810,0.00000,1.17810,2.35619,-2.74889,-1.17810,0.00000,1.17810,2.35619,3.14159,-1.57080
85.91
1.17810,1.96350,-2.74889,-2.74889,-1.57080,0.00000,0.78540,1.96350,3.14159,-1.57080,-0.39270,0.39270,1.96350,-2.74889,-1.96350,-1.17810,0.00000,1.57080,1.57080,2.74889,-2.74889,-1.17810,0.00000,1.17810,2.35619,-2.74889,-1.57080,-0.39270,1.17810,2.35619,3.14159,-1.96350
86.05
1.17810,1.96350,-2.74889,-2.35619,-1.17810,-0.39270,0.78540,1.96350,3.14159,-1.57080,-0.78540,0.78540,1.96350,-2.74889,-1.96350,-0.78540,0.00000,1.57080,2.74889,3.14159,-2.74889,-1.57080,0.00000,0.78540,2.35619,-2.74889,-1.57080,-0.39270,0.78540,1.96350,3.14159,-1.96350
86.15
1.17810,1.96350,-2.74889,-2.35619,-1.17810,0.00000,1.17810,2.35619,3.14159,-1.57080,-0.39270,0.78540,1.96350,-2.74889,-1.96350,-0.78540,0.39270,1.17810,3.14159,3.14159,-2.35619,-1.17810,0.00000,1.17810,2.35619,-2.74889,-1.57080,-0.39270,1.17810,2.35619,3.14159,-1.96350
86.34
1.57080,1.96350,-2.74889,-2.35619,-1.17810,0.00000,1.17810,2.35619,3.14159,-1.57080,-0.39270,0.78540,1.96350,-2.74889,-1.57080,-0.78540,0.39270,1.17810,3.14159,3.14159,-2.35619,-1.17810,0.00000,1.17810,2.35619,-2.74889,-1.57080,0.00000,1.17810,2.35619,3.14159,-1.57080
86.56
1.17810,1.96350,-2.74889,-2.35619,-1.57080,0.00000,0.78540,2.35619,3.14159,-1.57080,-0.39270,0.78540,1.96350,-2.74889,-1.96350,-0.78540,0.39270,1.17810,2.74889,3.14159,-2.74889,-1.17810,0.00000,1.17810,2.35619,-2.74889,-1.57080,-0.39270,0.78540,1.96350,3.14159,-1.96350
86.59
1.57080,1.96350,-2.74889,-2.35619,-1.57080,0.00000,1.17810,2.35619,3.14159,-1.57080,-0.39270,0.78540,2.35619,-2.74889,-1.96350,-0.78540,0.39270,1.17810,2.35619,3.14159,-2.35619,-1.17810,-0.39270,1.17810,2.35619,-2.74889,-1.57080,0.00000,0.78540,2.35619,3.14159,-1.57080
86.65
1.57080,1.96350,-2.74889,-2.35619,-1.17810,0.00000,1.17810,2.35619,3.14159,-1.57080,-0.39270,0.78540,1.96350,-2.74889,-1.57080,-0.78540,0.00000,1.17810,2.35619,3.14159,-2.35619,-1.17810,-0.39270,1.17810,2.35619,-2.74889,-1.57080,0.00000,1.17810,1.96350,3.14159,-1.57080
86.67
1.57080,1.96350,-2.74889,-1.96350,-1.57080,0.00000,1.17810,2.35619,3.14159,-1.57080,-0.39270,0.78540,1.96350,-2.74889,-1.96350,-1.17810,0.00000,1.17810,2.35619,3.14159,-2.35619,-1.17810,0.00000,1.17810,2.35619,-2.74889,-1.57080,-0.39270,1.17810,1.96350,3.14159,-1.57080
87.05
1.57080,2.35619,-2.74889,-2.35619,-1.17810,0.00000,1.17810,2.35619,3.14159,-1.57080,-0.39270,0.78540,1.96350,-2.74889,-1.96350,-1.17810,0.00000,1.17810,2.35619,3.14159,-2.35619,-1.17810,0.00000,1.17810,2.35619,-2.74889,-1.57080,0.00000,1.17810,1.96350,3.14159,-1.96350
87.07
1.57080,2.35619,-2.74889,-2.35619,-1.17810,0.00000,1.17810,2.35619,3.14159,-1.57080,-0.39270,0.78540,1.96350,-2.74889,-1.96350,-1.17810,0.00000,1.17810,1.96350,3.14159,-2.35619,-1.17810,0.00000,1.17810,2.35619,-2.74889,-1.57080,0.00000,1.17810,1.96350,3.14159,-1.57080
87.14
1.57080,2.35619,-2.74889,-1.96350,-1.17810,0.00000,1.17810,2.35619,3.14159,-1.57080,-0.39270,0.78540,1.96350,-2.74889,-1.96350,-1.17810,0.00000,1.17810,1.96350,3.14159,-2.35619,-1.17810,0.00000,1.17810,2.35619,-2.74889,-1.57080,-0.39270,1.17810,2.35619,3.14159,-1.57080
