5.47
0.39270,-0.39270,-0.39270,-0.78540,0.00000,0.00000,0.39270,0.39270,-0.39270,-0.39270,0.39270,0.78540,0.39270,-0.39270,-0.39270,0.00000,0.39270,0.39270,-0.39270,-0.39270,-0.39270,0.00000,0.78540,0.39270,0.39270,0.00000,-0.39270,0.39270,0.39270,0.39270,-0.39270,-0.78540
58.15
2.35619,-2.35619,-0.78540,-0.78540,0.00000,0.00000,0.78540,2.35619,-2.35619,-0.39270,0.78540,1.17810,2.35619,-2.35619,-0.78540,-0.39270,0.39270,0.78540,-2.35619,-1.96350,-1.57080,0.00000,0.78540,0.78540,1.96350,-1.17810,-0.39270,0.39270,0.78540,1.96350,-1.96350,-1.17810
74.34
3.14159,-2.74889,-1.17810,-1.57080,-0.78540,0.00000,0.78540,3.14159,-2.74889,-0.78540,0.00000,1.57080,3.14159,-2.74889,-1.17810,0.00000,1.17810,2.35619,-2.74889,-2.74889,-1.96350,0.00000,0.39270,1.96350,3.14159,-2.74889,-1.17810,0.39270,1.17810,3.14159,-2.74889,-1.17810
75.12
3.14159,-2.74889,-1.96350,-1.57080,-0.78540,0.00000,1.17810,3.14159,-2.74889,-1.17810,0.00000,1.96350,3.14159,-2.74889,-1.17810,0.00000,1.57080,2.74889,-2.74889,-2.74889,-2.35619,-0.39270,0.39270,1.96350,3.14159,-2.74889,-0.78540,0.39270,1.17810,3.14159,-2.74889,-1.57080
75.28
2.35619,-2.74889,-2.74889,-2.74889,-0.78540,0.00000,1.57080,3.14159,-2.74889,-1.57080,0.00000,1.57080,3.14159,-2.74889,-0.78540,0.00000,0.78540,1.96350,-2.74889,-2.74889,-1.96350,-0.39270,0.00000,1.17810,3.14159,-2.35619,-1.57080,0.39270,1.17810,3.14159,-2.74889,-0.78540
75.38
1.57080,-2.74889,-2.74889,-1.96350,-0.78540,0.39270,1.57080,3.14159,-2.74889,-0.78540,0.00000,1.96350,3.14159,-2.74889,-0.78540,0.00000,0.78540,1.17810,-2.74889,-2.74889,-2.35619,-0.78540,0.39270,2.35619,3.14159,-2.35619,-1.57080,0.00000,1.96350,3.14159,-2.74889,-1.57080
77.26
2.74889,-2.74889,-2.74889,-2.35619,-0.78540,0.78540,1.96350,3.14159,-2.74889,-1.17810,0.39270,1.96350,3.14159,-2.74889,-0.39270,0.00000,0.78540,1.96350,-2.74889,-2.74889,-1.57080,-1.17810,0.78540,2.35619,3.14159,-1.96350,-0.78540,0.78540,1.57080,3.14159,-2.74889,-1.17810
78.07
3.14159,-2.74889,-2.74889,-1.96350,-0.39270,0.39270,2.35619,3.14159,-2.74889,-1.17810,0.00000,1.57080,3.14159,-2.74889,-0.78540,0.00000,1.17810,1.96350,-2.74889,-2.74889,-1.96350,-0.39270,0.78540,1.96350,3.14159,-2.35619,-0.78540,0.78540,1.17810,3.14159,-2.74889,-0.78540
78.10
2.74889,-2.74889,-2.74889,-1.96350,-0.78540,0.39270,1.57080,3.14159,-2.74889,-1.57080,0.78540,1.57080,3.14159,-2.74889,-0.78540,0.39270,0.78540,2.35619,-2.74889,-2.74889,-1.96350,-0.39270,0.78540,1.57080,3.14159,-2.35619,-1.17810,0.39270,1.57080,3.14159,-2.74889,-1.57080
79.24
3.14159,-2.74889,-2.74889,-1.57080,-0.78540,0.39270,1.57080,3.14159,-2.74889,-1.57080,0.39270,1.57080,3.14159,-2.74889,-0.78540,0.00000,0.78540,2.35619,-2.74889,-2.74889,-1.57080,-0.39270,0.78540,1.57080,3.14159,-2.35619,-1.17810,0.39270,1.57080,3.14159,-2.74889,-1.17810
79.44
2.35619,-2.74889,-2.74889,-2.35619,-0.78540,0.39270,1.57080,3.14159,-2.74889,-1.17810,0.00000,1.17810,3.14159,-2.74889,-1.17810,0.00000,0.78540,2.35619,-2.74889,-2.74889,-1.96350,-0.78540,0.39270,1.57080,3.14159,-2.35619,-0.78540,0.78540,1.96350,3.14159,-2.74889,-0.78540
79.51
2.35619,-2.74889,-2.74889,-1.96350,-0.78540,0.78540,1.96350,3.14159,-2.74889,-1.57080,0.39270,1.96350,3.14159,-2.74889,-1.17810,0.00000,1.17810,1.96350,-2.74889,-2.74889,-1.57080,-0.39270,0.78540,1.96350,3.14159,-2.35619,-1.17810,0.39270,1.57080,3.14159,-2.74889,-1.57080
80.05
2.74889,-2.74889,-2.74889,-2.35619,-0.78540,0.39270,1.96350,3.14159,-2.74889,-1.17810,0.39270,1.57080,3.14159,-2.74889,-0.78540,0.00000,0.78540,2.35619,-2.74889,-2.74889,-1.96350,-0.39270,0.78540,1.96350,3.14159,-2.35619,-0.78540,0.39270,1.96350,3.14159,-2.74889,-1.17810
80.23
1.96350,-2.74889,-2.74889,-1.96350,-0.78540,0.39270,1.96350,3.14159,-2.74889,-1.17810,0.00000,1.57080,3.14159,-2.74889,-0.78540,0.00000,0.39270,1.96350,-2.74889,-2.74889,-1.96350,-0.39270,0.39270,1.96350,3.14159,-2.35619,-0.78540,0.39270,1.96350,3.14159,-2.74889,-1.57080
80.51
2.35619,-2.74889,-2.74889,-1.96350,-0.78540,0.78540,1.57080,3.14159,-2.74889,-0.78540,0.39270,1.57080,3.14159,-2.74889,-1.17810,-0.39270,1.17810,1.57080,-2.74889,-2.74889,-1.17810,-0.39270,0.78540,1.57080,3.14159,-2.35619,-0.78540,0.39270,1.96350,3.14159,-2.74889,-1.57080
81.11
2.74889,-2.74889,-2.74889,-1.96350,-0.39270,0.78540,1.96350,3.14159,-2.74889,-1.17810,0.39270,1.57080,3.14159,-2.74889,-1.17810,0.39270,0.78540,2.35619,-2.74889,-2.74889,-1.57080,-0.78540,0.78540,1.96350,3.14159,-2.35619,-0.78540,0.39270,1.57080,3.14159,-2.74889,-1.17810
81.36
2.74889,-2.74889,-2.74889,-1.57080,-0.78540,0.78540,1.96350,3.14159,-2.74889,-1.17810,0.39270,1.57080,3.14159,-2.74889,-1.17810,0.00000,0.78540,2.35619,-2.74889,-2.74889,-1.96350,-0.78540,0.78540,1.96350,3.14159,-2.35619,-0.78540,0.39270,1.96350,3.14159,-2.74889,-1.17810
81.44
2.74889,-2.74889,-2.74889,-1.57080,-0.39270,0.39270,1.57080,3.14159,-2.74889,-1.17810,0.39270,1.57080,3.14159,-2.74889,-0.78540,-0.39270,1.17810,1.96350,-2.74889,-2.74889,-1.57080,-0.78540,0.78540,1.96350,3.14159,-2.35619,-0.78540,0.39270,1.57080,3.14159,-2.74889,-1.57080
81.79
2.74889,-2.74889,-2.74889,-1.17810,-0.39270,0.78540,1.96350,3.14159,-2.74889,-1.17810,0.39270,1.57080,3.14159,-2.74889,-1.17810,0.00000,1.17810,1.57080,-2.74889,-2.74889,-1.57080,-0.78540,0.78540,1.96350,3.14159,-1.96350,-0.78540,0.39270,1.57080,3.14159,-2.74889,-1.57080
81.84
2.35619,-2.74889,-2.74889,-1.57080,-0.39270,0.39270,1.57080,3.14159,-2.74889,-1.17810,0.39270,1.57080,3.14159,-2.74889,-1.17810,0.00000,0.39270,1.96350,-2.74889,-2.74889,-1.96350,-0.78540,0.78540,1.96350,3.14159,-1.96350,-0.78540,0.39270,1.96350,3.14159,-2.74889,-1.17810
81.95
2.35619,-2.74889,-2.74889,-1.57080,-0.39270,0.39270,1.96350,3.14159,-2.74889,-0.78540,0.39270,1.57080,3.14159,-2.74889,-0.78540,0.00000,0.78540,1.96350,-2.74889,-2.74889,-1.17810,-0.39270,0.78540,1.57080,3.14159,-1.96350,-0.78540,0.39270,1.96350,3.14159,-2.74889,-1.17810
82.49
2.35619,-2.74889,-2.74889,-1.17810,-0.39270,0.39270,1.96350,3.14159,-2.74889,-0.78540,0.39270,1.57080,3.14159,-2.74889,-1.17810,0.00000,0.78540,1.96350,-2.74889,-2.74889,-1.57080,-0.78540,0.39270,1.96350,3.14159,-1.96350,-0.78540,0.39270,1.57080,3.14159,-2.74889,-0.78540
82.65
2.35619,-2.74889,-2.74889,-1.17810,-0.78540,0.39270,1.57080,3.14159,-2.74889,-1.17810,0.39270,1.57080,3.14159,-2.74889,-1.17810,0.00000,0.78540,1.96350,-2.74889,-2.74889,-1.57080,-0.78540,0.39270,1.96350,3.14159,-1.96350,-0.78540,0.39270,1.57080,3.14159,-2.74889,-1.17810
82.75
2.35619,-2.74889,-2.74889,-1.17810,-0.39270,0.39270,1.57080,3.14159,-2.74889,-0.78540,0.39270,1.57080,3.14159,-2.74889,-1.17810,0.00000,0.78540,1.96350,-2.74889,-2.74889,-1.57080,-0.78540,0.78540,1.96350,3.14159,-1.96350,-0.78540,0.39270,1.96350,3.14159,-2.74889,-1.17810
82.77
2.35619,-2.74889,-2.74889,-1.57080,-0.78540,0.39270,1.96350,3.14159,-2.35619,-0.78540,0.39270,1.17810,3.14159,-2.74889,-1.17810,0.00000,1.17810,1.96350,-2.74889,-2.74889,-1.57080,-0.78540,0.78540,1.57080,3.14159,-1.96350,-0.39270,0.39270,1.57080,3.14159,-2.74889,-1.17810
83.38
2.35619,-2.74889,-2.74889,-1.57080,-0.39270,0.39270,1.57080,3.14159,-2.35619,-0.78540,0.39270,1.17810,3.14159,-2.35619,-1.17810,0.00000,0.78540,2.35619,-2.74889,-2.74889,-1.57080,-0.78540,0.78540,1.57080,3.14159,-1.96350,-0.39270,0.39270,1.57080,3.14159,-2.74889,-1.17810
84.00
2.35619,-2.74889,-2.74889,-1.57080,-0.78540,0.39270,1.57080,3.14159,-2.35619,-0.78540,0.39270,1.57080,3.14159,-2.35619,-1.17810,0.00000,0.78540,2.35619,-2.74889,-2.74889,-1.57080,-0.78540,0.78540,1.96350,3.14159,-2.35619,-0.78540,0.39270,1.96350,3.14159,-2.74889,-1.17810
84.10
2.35619,-2.74889,-2.74889,-1.57080,-0.39270,0.39270,1.96350,3.14159,-1.96350,-0.78540,0.39270,1.57080,3.14159,-2.74889,-1.17810,0.00000,1.17810,1.96350,-2.74889,-2.74889,-1.57080,-0.78540,0.39270,1.57080,3.14159,-1.96350,-0.78540,0.39270,1.57080,3.14159,-2.74889,-1.17810
84.22
2.74889,-2.74889,-2.74889,-1.57080,-0.78540,0.78540,1.96350,3.14159,-1.96350,-0.78540,0.39270,1.57080,3.14159,-2.74889,-1.17810,0.00000,1.17810,1.96350,-2.74889,-2.74889,-1.57080,-0.39270,0.78540,1.96350,3.14159,-1.96350,-0.78540,0.39270,1.96350,3.14159,-2.74889,-1.17810
84.27
2.35619,-2.74889,-2.74889,-1.17810,-0.39270,0.39270,1.96350,3.14159,-1.96350,-0.78540,0.39270,1.57080,3.14159,-2.74889,-1.17810,0.39270,0.78540,1.96350,-2.74889,-2.74889,-1.57080,-0.39270,0.78540,1.96350,3.14159,-1.96350,-0.78540,0.39270,1.96350,3.14159,-2.74889,-1.17810
84.60
2.35619,-2.74889,-2.74889,-1.57080,-0.39270,0.78540,1.57080,3.14159,-1.96350,-0.78540,0.39270,1.57080,3.14159,-2.74889,-1.17810,0.00000,0.78540,1.96350,-2.74889,-2.74889,-1.57080,-0.39270,0.78540,1.96350,3.14159,-1.96350,-0.78540,0.39270,1.57080,3.14159,-2.74889,-1.17810
84.74
2.35619,-2.74889,-2.74889,-1.57080,-0.39270,0.39270,1.96350,3.14159,-1.96350,-0.78540,0.39270,1.57080,3.14159,-2.74889,-1.17810,0.00000,1.17810,1.96350,-2.74889,-2.74889,-1.57080,-0.39270,0.78540,1.96350,3.14159,-1.96350,-0.78540,0.39270,1.57080,3.14159,-2.74889,-1.17810
84.90
2.35619,-2.74889,-2.74889,-1.57080,-0.39270,0.39270,1.96350,3.14159,-1.96350,-0.78540,0.39270,1.57080,3.14159,-2.35619,-1.17810,0.00000,1.17810,2.35619,-2.74889,-2.74889,-1.57080,-0.39270,0.78540,1.96350,3.14159,-1.96350,-0.78540,0.39270,1.96350,3.14159,-2.74889,-1.57080
85.14
2.35619,-2.74889,-1.96350,-1.17810,-0.39270,0.78540,1.57080,3.14159,-1.96350,-0.78540,0.39270,1.57080,3.14159,-2.74889,-1.17810,0.00000,1.17810,1.96350,-2.74889,-2.74889,-1.57080,-0.39270,0.78540,1.96350,3.14159,-1.96350,-0.78540,0.39270,1.57080,3.14159,-2.74889,-1.17810
85.37
2.35619,-2.74889,-2.74889,-1.57080,-0.39270,0.39270,1.96350,3.14159,-1.96350,-0.78540,0.39270,1.57080,3.14159,-1.96350,-0.78540,0.00000,1.17810,1.96350,-2.74889,-2.74889,-1.57080,-0.39270,0.78540,1.96350,3.14159,-1.96350,-0.78540,0.39270,1.57080,3.14159,-2.74889,-1.17810
85.68
2.35619,-2.74889,-2.74889,-1.57080,-0.39270,0.39270,1.96350,3.14159,-2.35619,-0.78540,0.39270,1.57080,3.14159,-2.35619,-1.17810,0.00000,1.17810,2.35619,-2.74889,-2.74889,-1.57080,-0.39270,0.78540,1.96350,3.14159,-1.96350,-0.78540,0.39270,1.57080,3.14159,-2.35619,-1.17810
86.18
2.35619,-2.74889,-2.74889,-1.57080,-0.39270,0.39270,1.96350,3.14159,-1.96350,-0.78540,0.39270,1.57080,3.14159,-2.35619,-1.17810,0.00000,1.17810,1.96350,-2.74889,-2.74889,-1.57080,-0.39270,0.78540,1.96350,3.14159,-1.96350,-0.78540,0.39270,1.57080,3.14159,-2.35619,-1.17810
86.29
2.35619,-2.74889,-2.74889,-1.57080,-0.39270,0.78540,1.96350,3.14159,-1.96350,-0.78540,0.39270,1.57080,3.14159,-2.35619,-1.17810,0.00000,1.17810,1.96350,-2.74889,-2.74889,-1.57080,-0.39270,0.78540,1.96350,3.14159,-1.96350,-0.78540,0.39270,1.57080,3.14159,-2.35619,-1.17810
86.33
2.35619,-2.74889,-2.35619,-1.57080,-0.39270,0.78540,1.96350,3.14159,-1.96350,-0.78540,0.39270,1.57080,3.14159,-2.35619,-1.17810,0.00000,0.78540,2.35619,-2.74889,-2.74889,-1.57080,-0.39270,0.78540,1.96350,3.14159,-1.96350,-0.78540,0.78540,1.96350,3.14159,-2.35619,-1.17810
86.63
2.35619,-2.74889,-2.35619,-1.57080,-0.39270,0.78540,1.96350,3.14159,-1.96350,-0.78540,0.39270,1.57080,3.14159,-2.35619,-1.17810,0.00000,1.17810,1.96350,-2.74889,-2.74889,-1.57080,-0.39270,0.78540,1.96350,3.14159,-1.96350,-0.78540,0.78540,1.96350,3.14159,-2.35619,-1.17810
86.80
2.35619,-2.74889,-2.35619,-1.17810,-0.39270,0.78540,1.96350,3.14159,-1.96350,-0.78540,0.39270,1.57080,3.14159,-1.96350,-1.17810,0.00000,1.17810,2.35619,-2.74889,-2.74889,-1.57080,-0.39270,0.78540,1.96350,3.14159,-1.96350,-0.78540,0.39270,1.96350,3.14159,-2.35619,-1.17810
86.97
2.35619,-2.74889,-1.96350,-1.17810,-0.39270,0.78540,1.96350,3.14159,-1.96350,-0.78540,0.39270,1.57080,3.14159,-1.96350,-0.78540,0.00000,1.17810,2.35619,-2.74889,-2.74889,-1.57080,-0.39270,0.78540,1.96350,3.14159,-1.96350,-0.78540,0.78540,1.96350,3.14159,-2.35619,-1.17810
87.00
2.35619,-2.74889,-1.96350,-1.17810,-0.39270,0.39270,1.96350,3.14159,-1.96350,-0.78540,0.39270,1.57080,2.74889,-2.35619,-1.17810,0.00000,1.17810,1.96350,-2.74889,-2.74889,-1.57080,-0.39270,0.78540,1.96350,3.14159,-1.96350,-0.78540,0.39270,1.57080,2.74889,-2.35619,-1.17810
87.02
2.35619,-2.74889,-1.96350,-1.17810,-0.39270,0.78540,1.96350,3.14159,-1.96350,-0.78540,0.39270,1.57080,2.74889,-1.96350,-1.17810,0.00000,1.17810,1.96350,-2.74889,-2.74889,-1.57080,-0.39270,0.78540,1.96350,3.14159,-1.96350,-0.78540,0.39270,1.57080,2.74889,-2.35619,-1.17810
87.03
2.35619,-2.74889,-1.96350,-1.17810,-0.39270,0.78540,1.96350,3.14159,-1.96350,-0.78540,0.39270,1.57080,2.74889,-2.35619,-1.17810,0.00000,1.17810,1.96350,-2.74889,-2.74889,-1.57080,-0.39270,0.78540,1.96350,3.14159,-1.96350,-0.78540,0.39270,1.96350,2.74889,-2.35619,-1.17810
87.04
2.35619,-2.74889,-1.96350,-1.17810,-0.39270,0.78540,1.96350,3.14159,-1.96350,-0.78540,0.39270,1.57080,3.14159,-1.96350,-0.78540,0.00000,1.17810,2.35619,-2.74889,-2.35619,-1.57080,-0.39270,0.78540,1.96350,3.14159,-1.96350,-0.78540,0.78540,1.96350,3.14159,-2.35619,-1.17810
87.08
2.35619,-2.74889,-1.96350,-1.17810,-0.39270,0.78540,1.96350,3.14159,-1.96350,-0.78540,0.39270,1.57080,3.14159,-1.96350,-0.78540,0.00000,1.17810,2.35619,-2.74889,-2.35619,-1.57080,-0.39270,0.78540,1.96350,3.14159,-1.96350,-0.78540,0.78540,1.96350,3.14159,-1.96350,-1.17810
87.08
2.35619,-2.74889,-1.96350,-1.17810,-0.39270,0.78540,1.96350,3.14159,-1.96350,-0.78540,0.39270,1.96350,3.14159,-1.96350,-0.78540,0.00000,1.17810,2.35619,-2.74889,-2.35619,-1.57080,-0.39270,0.78540,1.96350,3.14159,-1.96350,-0.39270,0.78540,1.96350,3.14159,-1.96350,-0.78540
87.12
2.35619,-2.74889,-1.96350,-1.17810,-0.39270,0.78540,1.96350,3.14159,-1.96350,-0.78540,0.39270,1.96350,3.14159,-1.96350,-0.78540,0.39270,1.17810,2.35619,-2.74889,-2.35619,-1.57080,-0.39270,0.78540,1.96350,3.14159,-1.96350,-0.39270,0.78540,1.96350,3.14159,-1.96350,-0.78540
