3.48
-0.39270,-0.78540,0.00000,0.00000,-0.39270,0.00000,0.78540,0.39270,-0.39270,-0.78540,0.00000,0.78540,0.00000,0.39270,-1.17810,0.00000,0.39270,0.00000,0.00000,-0.78540,-0.78540,0.00000,-0.39270,0.39270,0.78540,0.39270,0.78540,0.00000,0.39270,0.39270,0.78540,0.39270
35.88
0.39270,-1.96350,-0.78540,-0.78540,-0.39270,0.78540,0.78540,1.57080,-1.57080,-0.39270,0.00000,1.17810,1.17810,1.57080,-0.78540,-0.39270,0.78540,0.78540,1.96350,-1.96350,-1.96350,-0.39270,0.00000,0.78540,1.96350,1.57080,-0.78540,0.00000,0.39270,1.57080,1.96350,-0.39270
73.51
2.35619,-2.74889,-0.78540,-0.39270,-0.39270,0.78540,1.57080,2.74889,-2.74889,-1.57080,0.39270,1.57080,1.96350,3.14159,-1.96350,-0.39270,0.39270,0.78540,2.35619,-2.74889,-2.74889,-0.78540,-0.78540,0.78540,1.96350,3.14159,-2.35619,0.00000,0.39270,1.17810,3.14159,-2.35619
73.95
2.74889,-2.74889,-2.74889,-0.39270,-0.39270,0.78540,1.96350,3.14159,-2.74889,-1.57080,0.00000,1.96350,2.35619,3.14159,-1.96350,-0.39270,0.39270,1.17810,1.96350,-2.74889,-2.74889,-0.78540,-0.78540,1.17810,2.35619,3.14159,-2.74889,-0.78540,0.39270,1.96350,3.14159,-2.74889
74.13
3.14159,-2.74889,-2.35619,-1.17810,-0.39270,0.39270,1.57080,-2.74889,-2.74889,-1.17810,0.00000,1.17810,2.35619,3.14159,-1.57080,-0.78540,0.39270,1.57080,1.96350,-2.74889,-2.74889,3.14159,-0.39270,0.78540,1.96350,-2.74889,-1.96350,-0.78540,0.78540,1.96350,3.14159,3.14159
74.14
3.14159,-2.74889,-2.35619,-1.57080,-0.39270,0.39270,1.57080,-2.74889,-2.74889,-1.17810,0.00000,1.57080,2.35619,3.14159,-1.57080,-0.39270,0.39270,1.17810,2.35619,-2.74889,-2.74889,3.14159,-0.39270,0.78540,1.96350,-2.74889,-1.96350,-0.78540,0.39270,1.57080,3.14159,3.14159
74.32
3.14159,-2.74889,-2.35619,-1.57080,-0.78540,0.39270,1.96350,-2.74889,-2.74889,-1.17810,0.00000,1.17810,2.35619,3.14159,-1.57080,-0.39270,0.39270,1.17810,2.35619,-2.74889,-2.74889,3.14159,-0.39270,0.78540,1.96350,-2.74889,-1.96350,-0.78540,0.39270,1.57080,3.14159,3.14159
74.71
3.14159,-2.74889,-2.35619,-1.57080,-0.39270,0.39270,1.57080,-2.74889,-2.74889,-1.17810,0.00000,1.17810,2.35619,3.14159,-1.57080,-0.78540,0.39270,1.57080,2.35619,-2.74889,-2.74889,3.14159,-0.39270,0.78540,1.96350,-2.74889,-1.96350,-0.78540,0.39270,1.57080,3.14159,3.14159
74.91
3.14159,-2.74889,-2.35619,-1.17810,-0.39270,0.39270,1.57080,-2.74889,-2.35619,-1.17810,0.00000,1.17810,2.35619,3.14159,-1.57080,-0.78540,0.39270,1.17810,2.35619,-2.74889,-2.74889,3.14159,0.00000,1.17810,1.96350,-2.74889,-1.96350,-0.78540,0.39270,1.57080,3.14159,3.14159
74.91
3.14159,-2.74889,-2.35619,-1.57080,-0.39270,0.39270,1.57080,-2.74889,-2.35619,-1.17810,0.00000,1.17810,2.35619,3.14159,-1.57080,-0.39270,0.39270,1.57080,2.35619,-2.74889,-2.74889,3.14159,0.00000,0.78540,1.96350,-2.74889,-1.96350,-0.39270,0.39270,1.57080,3.14159,3.14159
74.92
3.14159,-2.74889,-2.35619,-1.17810,-0.39270,0.39270,1.57080,-2.74889,-2.35619,-1.17810,0.00000,1.17810,2.35619,3.14159,-1.57080,-0.39270,0.39270,1.57080,2.35619,-2.74889,-2.74889,3.14159,-0.39270,0.78540,1.96350,-2.74889,-1.96350,-0.39270,0.39270,1.57080,3.14159,3.14159
75.10
3.14159,-2.74889,-2.35619,-1.17810,-0.39270,0.39270,1.57080,-2.74889,-2.35619,-1.17810,0.00000,1.17810,2.35619,3.14159,-1.57080,-0.39270,0.39270,1.57080,2.35619,-2.74889,-2.74889,3.14159,-0.39270,0.78540,1.96350,-2.74889,-1.96350,-0.78540,0.39270,1.57080,3.14159,3.14159
75.58
2.74889,-2.74889,-1.96350,-1.17810,-0.39270,0.39270,1.57080,-2.74889,-2.35619,-1.17810,0.00000,1.17810,2.35619,3.14159,-1.57080,-0.39270,0.39270,1.57080,1.96350,-2.74889,-2.35619,3.14159,0.00000,1.17810,1.96350,-2.74889,-1.96350,-0.39270,0.39270,1.57080,3.14159,3.14159
75.68
3.14159,-2.74889,-2.35619,-1.57080,-0.39270,0.39270,1.57080,-2.74889,-2.35619,-1.17810,0.00000,1.17810,2.35619,3.14159,-1.57080,-0.78540,0.39270,1.57080,1.96350,-2.74889,-2.74889,3.14159,-0.39270,0.78540,1.96350,-2.74889,-1.96350,-0.78540,0.39270,1.57080,2.74889,3.14159
75.69
3.14159,-2.74889,-2.35619,-1.57080,-0.39270,0.39270,1.57080,-2.74889,-2.35619,-1.17810,0.00000,1.17810,2.35619,3.14159,-1.57080,-0.78540,0.39270,1.17810,2.35619,-2.74889,-2.74889,3.14159,-0.39270,0.78540,1.96350,-2.74889,-1.96350,-0.78540,0.39270,1.57080,2.74889,3.14159
75.85
2.35619,-2.74889,-2.74889,-1.17810,-0.78540,0.39270,1.57080,-2.74889,-2.35619,-1.17810,0.00000,1.17810,2.35619,3.14159,-1.57080,-0.78540,0.39270,1.17810,1.96350,-2.74889,-2.74889,3.14159,-0.39270,0.78540,1.96350,-2.74889,-1.96350,-0.78540,0.39270,1.57080,3.14159,3.14159
75.96
2.35619,-2.74889,-2.74889,-1.57080,-0.78540,0.39270,1.57080,-2.74889,-2.35619,-1.17810,0.00000,1.17810,2.35619,3.14159,-1.57080,-0.78540,0.39270,1.17810,1.96350,-2.74889,-2.74889,3.14159,-0.39270,0.78540,1.96350,-2.74889,-1.96350,-0.78540,0.39270,1.57080,3.14159,3.14159
75.98
2.35619,-2.74889,-2.74889,-1.17810,-0.78540,0.39270,1.57080,-2.74889,-2.35619,-1.17810,0.00000,1.17810,2.35619,3.14159,-1.57080,-0.78540,0.39270,1.17810,2.35619,-2.74889,-2.74889,3.14159,-0.39270,1.17810,1.96350,-2.74889,-1.96350,-0.78540,0.39270,1.57080,2.74889,3.14159
76.10
2.74889,-2.74889,-2.74889,-1.17810,-0.78540,0.39270,1.57080,-2.74889,-2.35619,-1.17810,0.00000,1.17810,2.35619,3.14159,-1.57080,-0.78540,0.39270,1.17810,1.96350,-2.74889,-2.74889,3.14159,-0.39270,0.78540,1.96350,-2.74889,-1.96350,-0.78540,0.39270,1.57080,2.74889,3.14159
76.26
2.35619,-2.74889,-2.74889,-1.17810,-0.78540,0.39270,1.57080,-2.74889,-2.35619,-1.17810,0.00000,1.17810,2.35619,3.14159,-1.57080,-0.78540,0.39270,1.17810,2.35619,-2.74889,-2.74889,3.14159,-0.39270,0.78540,1.96350,-2.74889,-1.96350,-0.78540,0.39270,1.57080,2.74889,3.14159
76.32
2.35619,-2.74889,-2.74889,-1.17810,-0.39270,0.39270,1.57080,-2.74889,-2.35619,-1.17810,0.00000,1.17810,2.35619,3.14159,-1.57080,-0.78540,0.39270,1.17810,1.96350,-2.74889,-2.74889,3.14159,-0.39270,0.78540,1.96350,-2.74889,-1.96350,-0.78540,0.39270,1.57080,2.74889,3.14159
76.36
2.35619,-2.74889,-2.74889,-1.17810,-0.78540,0.39270,1.57080,-2.74889,-2.35619,-1.17810,0.00000,1.17810,2.35619,3.14159,-1.57080,-0.78540,0.39270,1.17810,1.96350,-2.74889,-2.74889,3.14159,-0.39270,0.78540,1.96350,-2.74889,-1.96350,-0.78540,0.39270,1.57080,2.74889,3.14159
76.49
2.35619,-2.74889,-2.74889,-1.57080,-0.78540,0.39270,1.57080,-2.74889,-2.35619,-1.17810,0.00000,1.17810,2.35619,3.14159,-1.57080,-0.78540,0.39270,1.17810,1.96350,-2.74889,-2.74889,3.14159,-0.39270,0.78540,1.96350,-2.74889,-1.96350,-0.78540,0.39270,1.57080,2.74889,3.14159
76.52
2.35619,-2.74889,-2.35619,-1.57080,-0.78540,0.39270,1.57080,-2.74889,-2.35619,-1.17810,0.00000,1.17810,2.35619,3.14159,-1.57080,-0.78540,0.39270,1.17810,1.96350,-2.74889,-2.74889,3.14159,-0.39270,0.78540,1.96350,-2.74889,-1.96350,-0.78540,0.39270,1.57080,2.35619,3.14159
76.59
2.35619,-2.74889,-2.35619,-1.57080,-0.39270,0.39270,1.57080,-2.74889,-2.35619,-1.17810,0.00000,1.17810,2.35619,3.14159,-1.57080,-0.78540,0.39270,1.57080,1.96350,-2.74889,-2.74889,3.14159,-0.39270,0.78540,1.96350,-2.74889,-1.96350,-0.78540,0.39270,1.57080,2.74889,3.14159
76.69
2.35619,-2.74889,-2.35619,-1.57080,-0.39270,0.39270,1.57080,-2.74889,-2.35619,-1.17810,0.00000,1.17810,2.35619,3.14159,-1.57080,-0.78540,0.39270,1.17810,1.96350,-2.74889,-2.74889,3.14159,-0.39270,0.78540,1.96350,-2.74889,-1.96350,-0.78540,0.39270,1.57080,2.74889,3.14159
76.74
2.35619,-2.74889,-2.35619,-1.57080,-0.78540,0.39270,1.57080,-2.74889,-2.35619,-1.17810,0.00000,1.17810,2.35619,3.14159,-1.57080,-0.78540,0.39270,1.17810,1.96350,-2.74889,-2.74889,3.14159,-0.39270,0.78540,1.96350,-2.74889,-1.96350,-0.78540,0.39270,1.57080,2.74889,3.14159
