8.18
-0.39270,-0.39270,0.00000,0.00000,0.39270,0.00000,0.78540,-0.39270,-0.39270,-0.39270,0.78540,0.39270,-0.39270,-0.78540,-0.39270,0.39270,0.39270,-0.39270,-0.39270,-0.39270,0.00000,0.00000,0.78540,0.78540,0.78540,-0.39270,0.00000,0.00000,0.78540,0.00000,-0.39270,-0.78540
15.99
0.00000,0.00000,0.39270,0.39270,0.78540,0.00000,0.39270,-0.78540,-1.17810,0.00000,1.17810,1.17810,-1.17810,-0.78540,-0.78540,0.39270,0.39270,0.39270,-0.39270,0.00000,1.17810,-0.39270,1.17810,0.39270,1.57080,-0.39270,-0.78540,1.17810,1.17810,0.78540,-1.57080,-1.17810
75.15
-2.35619,-0.39270,0.00000,0.00000,0.78540,0.78540,2.74889,-2.35619,-0.78540,-0.39270,1.17810,2.35619,-2.35619,-1.17810,-0.39270,0.78540,1.57080,-2.35619,-2.35619,-2.35619,-0.39270,0.00000,0.78540,1.57080,2.35619,-2.35619,-0.39270,0.00000,1.17810,0.39270,-2.35619,-0.78540
90.65
-2.74889,-0.78540,-0.39270,0.39270,0.78540,1.96350,3.14159,-2.74889,-0.78540,0.00000,1.57080,3.14159,-2.74889,-1.96350,-0.39270,1.17810,1.96350,-2.74889,-2.74889,-2.74889,-0.78540,-0.39270,0.78540,1.96350,3.14159,-2.74889,-1.17810,0.39270,1.17810,1.57080,-2.74889,-1.57080
91.02
-2.74889,-0.78540,0.00000,0.78540,1.17810,1.96350,3.14159,-2.74889,-0.39270,0.00000,1.17810,3.14159,-2.74889,-1.96350,0.00000,0.78540,1.96350,-2.74889,-2.74889,-2.74889,-1.17810,-0.39270,1.17810,1.96350,3.14159,-2.74889,-1.17810,0.39270,1.17810,1.96350,-2.74889,-1.57080
91.17
-2.74889,-1.17810,0.00000,0.39270,1.17810,2.35619,3.14159,-2.74889,-0.78540,0.00000,1.17810,3.14159,-2.74889,-1.57080,-0.39270,0.39270,2.35619,-2.74889,-2.74889,-2.74889,-1.17810,-0.78540,1.17810,1.57080,3.14159,-2.74889,-1.17810,0.00000,1.57080,1.96350,-2.74889,-1.17810
92.08
-2.74889,-1.96350,-0.78540,0.39270,1.17810,2.74889,3.14159,-2.74889,-1.17810,0.00000,1.17810,3.14159,-2.74889,-1.57080,-0.39270,0.39270,2.35619,-2.74889,-2.74889,-2.74889,-1.96350,-0.39270,1.17810,1.96350,3.14159,-2.74889,-0.78540,0.00000,1.57080,2.74889,-2.74889,-1.57080
92.31
-2.74889,-1.17810,0.00000,0.39270,1.57080,2.74889,3.14159,-2.74889,-1.17810,0.00000,1.17810,3.14159,-2.74889,-1.57080,-0.39270,0.78540,1.57080,-2.74889,-2.74889,-2.74889,-1.96350,-0.39270,1.17810,1.96350,3.14159,-2.74889,-1.17810,0.39270,1.17810,2.74889,-2.74889,-1.57080
93.01
-2.74889,-1.57080,-0.39270,0.39270,1.57080,2.74889,3.14159,-2.74889,-1.17810,0.00000,1.57080,3.14159,-2.74889,-1.57080,-0.39270,0.78540,1.57080,-2.74889,-2.74889,-2.74889,-1.57080,0.00000,0.78540,2.35619,3.14159,-2.74889,-0.78540,0.00000,1.57080,2.74889,-2.74889,-1.96350
93.97
-2.74889,-1.96350,-0.78540,0.39270,0.78540,1.96350,3.14159,-2.74889,-0.78540,0.39270,1.17810,3.14159,-2.74889,-1.57080,-0.78540,0.78540,1.96350,-2.74889,-2.74889,-2.74889,-1.96350,0.00000,0.78540,1.57080,3.14159,-2.74889,-0.78540,0.00000,1.57080,2.74889,-2.74889,-1.96350
94.17
-2.74889,-1.17810,-0.39270,0.00000,0.78540,1.96350,3.14159,-2.74889,-1.17810,0.00000,0.78540,3.14159,-2.74889,-1.17810,-0.39270,0.78540,1.57080,-2.74889,-2.74889,-2.74889,-1.96350,0.00000,0.78540,1.96350,3.14159,-2.74889,-1.17810,0.00000,1.57080,2.74889,-2.74889,-1.96350
94.19
-2.74889,-1.57080,-0.39270,0.00000,0.78540,1.96350,3.14159,-2.74889,-0.78540,0.39270,1.57080,3.14159,-2.74889,-0.78540,-0.39270,0.78540,1.57080,-2.74889,-2.74889,-2.74889,-1.96350,-0.39270,0.78540,1.96350,3.14159,-2.74889,-1.17810,0.00000,1.57080,2.74889,-2.74889,-1.57080
94.91
-2.74889,-1.57080,-0.39270,0.39270,1.17810,2.35619,3.14159,-2.74889,-1.17810,0.39270,1.17810,3.14159,-2.74889,-1.57080,-0.39270,0.78540,1.96350,-2.74889,-2.74889,-2.74889,-1.17810,-0.39270,1.17810,2.35619,3.14159,-2.74889,-0.78540,0.39270,1.57080,2.74889,-2.74889,-1.96350
95.16
-2.74889,-1.57080,-0.39270,0.39270,1.17810,2.35619,3.14159,-2.74889,-0.78540,0.00000,1.57080,3.14159,-2.74889,-1.57080,-0.39270,0.78540,1.96350,-2.74889,-2.74889,-2.35619,-1.17810,-0.39270,1.17810,1.96350,3.14159,-2.74889,-0.78540,0.00000,1.96350,2.74889,-2.74889,-1.57080
95.51
-2.74889,-1.17810,-0.78540,0.00000,1.17810,1.96350,3.14159,-2.74889,-0.78540,0.00000,1.17810,3.14159,-2.74889,-1.57080,-0.39270,0.78540,1.96350,-2.74889,-2.74889,-2.74889,-1.57080,0.00000,1.17810,2.35619,3.14159,-2.74889,-0.78540,0.39270,1.57080,2.74889,-2.74889,-1.57080
96.21
-2.74889,-1.57080,-0.39270,0.39270,1.17810,2.35619,3.14159,-2.74889,-0.78540,0.00000,1.17810,3.14159,-2.74889,-1.57080,-0.39270,0.78540,1.96350,-2.74889,-2.74889,-2.74889,-1.57080,-0.39270,0.78540,1.96350,3.14159,-2.74889,-0.78540,0.39270,1.57080,2.74889,-2.74889,-1.57080
96.52
-2.74889,-1.57080,-0.39270,0.39270,0.78540,1.96350,3.14159,-2.74889,-0.78540,0.00000,1.17810,3.14159,-2.74889,-1.17810,-0.39270,0.78540,1.57080,-2.74889,-2.74889,-2.74889,-1.57080,-0.39270,0.78540,1.96350,3.14159,-2.74889,-0.78540,0.00000,1.57080,2.74889,-2.74889,-1.57080
96.69
-2.74889,-1.57080,-0.39270,0.39270,0.78540,1.96350,3.14159,-2.74889,-1.17810,0.00000,1.17810,3.14159,-2.74889,-1.17810,-0.39270,0.78540,1.57080,-2.74889,-2.74889,-2.74889,-1.57080,-0.39270,0.78540,1.96350,3.14159,-2.74889,-0.78540,0.39270,1.17810,2.35619,-2.74889,-1.57080
97.12
-2.74889,-1.57080,-0.78540,0.39270,0.78540,1.96350,3.14159,-2.74889,-1.17810,0.00000,1.17810,3.14159,-2.74889,-1.57080,-0.39270,0.78540,1.57080,-2.74889,-2.74889,-2.74889,-1.17810,-0.39270,0.78540,1.96350,3.14159,-2.74889,-0.78540,0.39270,1.57080,2.35619,-2.74889,-1.57080
97.21
-2.74889,-1.17810,-0.78540,0.00000,0.78540,1.96350,3.14159,-2.74889,-1.17810,0.00000,1.17810,3.14159,-2.74889,-1.57080,-0.39270,0.78540,1.57080,-2.74889,-2.74889,-2.74889,-1.57080,-0.39270,0.78540,1.96350,3.14159,-2.74889,-1.17810,0.39270,1.57080,2.35619,-2.74889,-1.57080
97.22
-2.74889,-1.57080,-0.78540,0.00000,0.78540,1.96350,3.14159,-2.74889,-0.78540,0.39270,1.17810,3.14159,-2.74889,-1.57080,-0.39270,0.78540,1.57080,-2.74889,-2.74889,-2.74889,-1.57080,-0.39270,0.78540,1.96350,3.14159,-2.74889,-1.17810,0.39270,1.57080,2.35619,-2.74889,-1.57080
97.32
-2.74889,-1.57080,-0.78540,0.39270,1.17810,1.96350,3.14159,-2.74889,-1.17810,0.39270,1.17810,3.14159,-2.74889,-1.17810,0.00000,0.78540,1.96350,-2.74889,-2.74889,-2.74889,-1.57080,-0.39270,0.78540,1.96350,3.14159,-2.35619,-0.78540,0.39270,1.57080,2.74889,-2.74889,-1.96350
97.56
-2.74889,-1.96350,-0.78540,0.39270,1.17810,1.57080,3.14159,-2.74889,-1.17810,0.00000,1.17810,3.14159,-2.74889,-1.57080,-0.39270,0.78540,1.57080,-2.74889,-2.74889,-2.74889,-1.57080,-0.39270,0.78540,1.96350,3.14159,-2.35619,-0.78540,0.39270,1.57080,2.74889,-2.74889,-1.96350
97.75
-2.74889,-1.57080,-0.78540,0.39270,0.78540,1.57080,3.14159,-2.74889,-1.17810,0.00000,1.57080,3.14159,-2.74889,-1.57080,-0.39270,0.78540,1.57080,-2.74889,-2.74889,-2.74889,-1.57080,-0.39270,0.78540,1.96350,3.14159,-2.35619,-0.78540,0.39270,1.57080,2.74889,-2.74889,-1.96350
97.93
-2.74889,-1.57080,-0.78540,-0.39270,1.17810,1.96350,3.14159,-2.74889,-1.17810,0.00000,1.57080,3.14159,-2.74889,-1.57080,-0.39270,0.78540,1.57080,-2.74889,-2.74889,-2.74889,-1.57080,-0.39270,0.78540,1.96350,3.14159,-2.35619,-1.17810,0.00000,1.57080,2.35619,-2.74889,-1.57080
97.93
-2.74889,-1.57080,-0.78540,0.00000,0.78540,1.96350,3.14159,-2.74889,-0.78540,0.39270,1.57080,3.14159,-2.74889,-1.17810,-0.39270,0.78540,1.96350,-2.74889,-2.74889,-2.74889,-1.57080,-0.39270,0.78540,1.96350,3.14159,-2.35619,-0.78540,0.39270,1.57080,2.74889,-2.74889,-1.96350
98.11
-2.74889,-1.57080,-0.78540,0.00000,1.17810,1.96350,3.14159,-2.74889,-0.78540,0.39270,1.17810,3.14159,-2.74889,-1.17810,-0.39270,0.78540,1.57080,-2.74889,-2.74889,-2.74889,-1.57080,-0.39270,0.78540,1.96350,3.14159,-2.35619,-1.17810,0.39270,1.57080,2.35619,-2.74889,-1.96350
98.41
-2.74889,-1.57080,-0.78540,0.00000,0.78540,1.96350,3.14159,-2.74889,-0.78540,0.00000,1.17810,3.14159,-2.74889,-1.57080,-0.39270,0.78540,1.57080,-2.74889,-2.74889,-2.74889,-1.57080,-0.39270,0.78540,1.96350,3.14159,-2.35619,-1.17810,0.39270,1.57080,2.74889,-2.74889,-1.96350
98.41
-2.74889,-1.17810,-0.78540,0.00000,0.78540,1.96350,3.14159,-2.74889,-1.17810,0.00000,1.17810,3.14159,-2.74889,-1.57080,-0.39270,0.39270,1.57080,-2.74889,-2.74889,-2.74889,-1.57080,-0.39270,0.78540,1.96350,3.14159,-2.35619,-0.78540,0.39270,1.57080,2.35619,-2.74889,-1.96350
98.46
-2.74889,-1.57080,-0.78540,0.00000,0.78540,2.35619,3.14159,-2.74889,-0.78540,0.39270,1.17810,3.14159,-2.74889,-1.17810,-0.39270,0.78540,1.57080,-2.74889,-2.74889,-2.74889,-1.57080,-0.39270,0.78540,1.96350,3.14159,-1.96350,-0.78540,0.39270,1.57080,2.35619,-2.74889,-1.57080
98.54
-2.74889,-1.57080,-0.78540,0.00000,0.78540,1.96350,3.14159,-1.96350,-1.17810,0.00000,1.17810,3.14159,-2.74889,-1.57080,-0.39270,0.39270,1.57080,-2.74889,-2.74889,-2.74889,-1.17810,-0.39270,0.78540,1.96350,3.14159,-2.74889,-0.78540,0.00000,1.17810,2.35619,-2.74889,-1.57080
98.90
-2.74889,-1.17810,-0.78540,0.00000,0.39270,1.96350,3.14159,-2.74889,-1.17810,0.00000,1.17810,2.35619,-2.74889,-1.57080,-0.39270,0.78540,1.57080,-2.74889,-2.74889,-2.74889,-1.17810,-0.39270,0.78540,1.96350,3.14159,-2.74889,-1.17810,0.00000,1.57080,2.35619,-2.74889,-1.57080
99.06
-2.74889,-1.17810,-0.78540,0.00000,0.78540,1.96350,3.14159,-2.74889,-1.17810,0.39270,1.17810,2.35619,-2.74889,-1.57080,-0.39270,0.39270,1.57080,-2.74889,-2.74889,-2.74889,-1.57080,-0.39270,0.78540,1.96350,3.14159,-2.74889,-0.78540,0.39270,1.57080,2.35619,-2.74889,-1.57080
99.52
-2.74889,-1.57080,-0.78540,0.00000,1.17810,1.96350,3.14159,-2.74889,-1.17810,0.00000,1.17810,2.35619,-2.35619,-1.57080,-0.39270,0.78540,1.57080,-2.74889,-2.74889,-2.74889,-1.17810,-0.39270,0.78540,1.57080,3.14159,-2.35619,-1.17810,0.39270,1.57080,2.74889,-2.74889,-1.57080
100.07
-2.74889,-1.57080,-0.78540,0.00000,0.78540,1.57080,3.14159,-2.74889,-1.17810,0.00000,1.17810,2.35619,-2.35619,-1.57080,-0.39270,0.78540,1.57080,-2.74889,-2.74889,-2.74889,-1.17810,-0.39270,0.78540,1.57080,3.14159,-2.35619,-1.17810,0.00000,1.17810,2.35619,-2.74889,-1.57080
100.16
-2.74889,-1.57080,-0.78540,0.00000,0.78540,1.57080,3.14159,-2.74889,-0.78540,0.00000,1.17810,2.74889,-2.74889,-1.57080,-0.39270,0.78540,1.57080,3.14159,-2.74889,-2.35619,-1.17810,-0.39270,0.78540,1.96350,3.14159,-2.74889,-0.78540,0.39270,1.57080,2.35619,-2.74889,-1.57080
100.42
-2.74889,-1.57080,-0.78540,0.00000,0.78540,1.96350,3.14159,-2.74889,-0.78540,0.00000,1.17810,2.74889,-2.74889,-1.57080,-0.39270,0.78540,1.57080,3.14159,-2.74889,-2.35619,-1.17810,-0.39270,0.78540,1.96350,3.14159,-2.74889,-0.78540,0.39270,1.57080,2.35619,-2.74889,-1.57080
100.94
-2.74889,-1.17810,-0.39270,0.00000,0.78540,1.96350,3.14159,-2.35619,-1.17810,0.39270,1.57080,2.74889,-2.74889,-1.57080,-0.39270,0.39270,1.96350,-2.74889,-2.74889,-2.74889,-1.17810,0.00000,0.78540,1.96350,3.14159,-1.96350,-0.78540,0.39270,1.57080,2.74889,-2.74889,-1.57080
101.33
-2.74889,-1.17810,-0.39270,0.00000,1.17810,1.96350,3.14159,-2.35619,-1.17810,0.39270,1.57080,2.74889,-2.74889,-1.57080,-0.39270,0.39270,1.57080,-2.74889,-2.74889,-2.74889,-1.17810,-0.39270,0.78540,1.96350,3.14159,-1.96350,-0.78540,0.39270,1.57080,2.35619,-2.74889,-1.57080
101.70
-2.74889,-1.57080,-0.78540,0.00000,1.17810,1.96350,3.14159,-1.96350,-1.17810,0.39270,1.17810,2.74889,-2.74889,-1.57080,-0.39270,0.78540,1.57080,-2.74889,-2.74889,-2.74889,-1.17810,-0.39270,1.17810,1.96350,3.14159,-1.96350,-0.78540,0.39270,1.57080,2.74889,-2.74889,-1.57080
101.74
-2.74889,-1.57080,-0.39270,0.00000,0.78540,1.96350,3.14159,-1.96350,-0.78540,0.00000,1.17810,2.74889,-2.74889,-1.57080,-0.39270,0.39270,1.57080,-2.74889,-2.74889,-2.74889,-1.17810,0.00000,0.78540,1.96350,3.14159,-1.96350,-0.78540,0.39270,1.57080,2.35619,-2.74889,-1.57080
102.20
-2.74889,-1.57080,-0.39270,0.39270,1.17810,1.96350,3.14159,-1.96350,-0.78540,0.39270,1.57080,2.74889,-2.74889,-1.57080,-0.39270,0.78540,1.96350,-2.74889,-2.74889,-2.74889,-1.17810,0.00000,1.17810,1.96350,3.14159,-1.96350,-0.78540,0.39270,1.57080,2.74889,-2.74889,-1.57080
102.20
-2.74889,-1.57080,-0.39270,0.00000,1.17810,1.96350,3.14159,-1.96350,-0.78540,0.39270,1.57080,2.74889,-2.74889,-1.57080,-0.39270,0.78540,1.57080,-2.74889,-2.74889,-2.74889,-1.17810,0.00000,1.17810,1.96350,3.14159,-1.96350,-0.78540,0.39270,1.57080,2.74889,-2.74889,-1.57080
102.31
-2.74889,-1.57080,-0.39270,0.39270,0.78540,1.96350,3.14159,-1.96350,-0.78540,0.39270,1.17810,2.74889,-2.74889,-1.57080,-0.39270,0.78540,1.57080,-2.74889,-2.74889,-2.74889,-1.17810,-0.39270,0.78540,1.96350,3.14159,-1.96350,-0.78540,0.39270,1.57080,2.74889,-2.74889,-1.57080
102.39
-2.74889,-1.57080,-0.39270,0.00000,0.78540,1.96350,3.14159,-1.96350,-0.78540,0.39270,1.57080,2.74889,-2.74889,-1.57080,-0.39270,0.78540,1.57080,-2.74889,-2.74889,-2.74889,-1.17810,-0.39270,0.78540,1.96350,3.14159,-1.96350,-0.78540,0.39270,1.57080,2.74889,-2.74889,-1.57080
102.41
-2.74889,-1.57080,-0.39270,0.39270,0.78540,1.96350,3.14159,-1.96350,-0.78540,0.39270,1.57080,2.74889,-2.74889,-1.57080,-0.39270,0.78540,1.57080,-2.74889,-2.74889,-2.74889,-1.17810,-0.39270,0.78540,1.96350,3.14159,-1.96350,-0.78540,0.39270,1.57080,2.74889,-2.74889,-1.57080
102.48
-2.74889,-1.57080,-0.39270,0.00000,0.78540,1.96350,3.14159,-2.35619,-0.78540,0.00000,1.17810,2.35619,-2.74889,-1.17810,-0.39270,0.78540,1.17810,3.14159,-2.74889,-2.74889,-1.17810,-0.39270,0.78540,1.96350,3.14159,-1.96350,-0.78540,0.39270,1.57080,2.35619,-2.74889,-1.57080
102.64
-2.74889,-1.57080,-0.39270,0.00000,0.78540,1.96350,3.14159,-2.35619,-0.78540,0.00000,1.17810,2.74889,-2.74889,-1.57080,-0.39270,0.78540,1.57080,3.14159,-2.74889,-2.74889,-1.17810,-0.39270,0.78540,1.96350,3.14159,-1.96350,-0.78540,0.00000,1.17810,2.35619,-2.74889,-1.57080
102.64
-2.74889,-1.57080,-0.39270,0.00000,0.78540,1.96350,3.14159,-2.35619,-0.78540,0.00000,1.17810,2.74889,-2.74889,-1.57080,-0.39270,0.78540,1.57080,3.14159,-2.74889,-2.74889,-1.17810,-0.39270,0.78540,1.96350,3.14159,-2.35619,-0.78540,0.39270,1.17810,2.35619,-2.74889,-1.57080
102.80
-2.74889,-1.57080,-0.39270,0.39270,0.78540,1.96350,3.14159,-1.96350,-0.78540,0.00000,1.17810,2.74889,-2.74889,-1.17810,-0.39270,0.78540,1.57080,3.14159,-2.74889,-2.74889,-1.17810,-0.39270,0.78540,1.96350,3.14159,-1.96350,-0.78540,0.39270,1.17810,2.35619,-2.74889,-1.57080
102.99
-2.74889,-1.57080,-0.39270,0.39270,0.78540,1.96350,3.14159,-1.96350,-0.78540,0.00000,1.17810,2.74889,-2.74889,-1.57080,-0.39270,0.78540,1.57080,3.14159,-2.74889,-2.74889,-1.17810,-0.39270,0.78540,1.96350,3.14159,-1.96350,-0.78540,0.39270,1.17810,2.35619,-2.74889,-1.57080
103.15
-2.74889,-1.17810,-0.39270,0.39270,1.17810,1.96350,3.14159,-1.96350,-0.78540,0.39270,1.57080,2.74889,-2.74889,-1.17810,-0.39270,0.78540,1.57080,3.14159,-2.74889,-2.74889,-1.17810,-0.39270,1.17810,2.35619,3.14159,-1.96350,-0.78540,0.39270,1.57080,2.74889,-2.74889,-1.57080
103.22
-2.74889,-1.57080,-0.39270,0.39270,0.78540,1.96350,3.14159,-1.96350,-0.78540,0.39270,1.17810,2.74889,-2.74889,-1.17810,-0.39270,0.78540,1.57080,3.14159,-2.74889,-2.74889,-1.17810,-0.39270,0.78540,1.96350,3.14159,-1.96350,-0.78540,0.39270,1.57080,2.35619,-2.74889,-1.57080
103.34
-2.74889,-1.57080,-0.39270,0.39270,0.78540,1.96350,3.14159,-1.96350,-0.78540,0.00000,1.17810,2.35619,-2.74889,-1.57080,-0.39270,0.78540,1.57080,3.14159,-2.74889,-2.74889,-1.17810,-0.39270,0.78540,1.96350,3.14159,-1.96350,-0.78540,0.39270,1.57080,2.35619,-2.74889,-1.57080
103.40
-2.74889,-1.57080,-0.39270,0.39270,0.78540,1.96350,3.14159,-1.96350,-0.78540,0.39270,1.17810,2.35619,-2.74889,-1.57080,-0.39270,0.78540,1.57080,3.14159,-2.74889,-2.74889,-1.17810,-0.39270,0.78540,1.96350,3.14159,-1.96350,-0.78540,0.39270,1.57080,2.74889,-2.74889,-1.57080
103.40
-2.74889,-1.57080,-0.39270,0.39270,0.78540,1.96350,3.14159,-1.96350,-0.78540,0.39270,1.17810,2.35619,-2.74889,-1.57080,-0.39270,0.78540,1.57080,3.14159,-2.74889,-2.74889,-1.17810,-0.39270,0.78540,1.96350,3.14159,-1.96350,-0.78540,0.39270,1.57080,2.35619,-2.74889,-1.57080
103.42
-2.74889,-1.57080,-0.39270,0.39270,1.17810,1.96350,3.14159,-1.96350,-0.78540,0.39270,1.17810,2.74889,-2.74889,-1.57080,-0.39270,0.78540,1.57080,3.14159,-2.74889,-2.74889,-1.17810,-0.39270,0.78540,1.96350,3.14159,-1.96350,-0.78540,0.39270,1.57080,2.74889,-2.74889,-1.57080
103.51
-2.74889,-1.57080,-0.78540,0.00000,0.78540,1.96350,3.14159,-1.96350,-0.78540,0.39270,1.17810,2.35619,-2.74889,-1.57080,-0.39270,0.78540,1.57080,3.14159,-2.74889,-2.74889,-1.17810,-0.39270,0.78540,1.96350,3.14159,-1.96350,-0.78540,0.39270,1.57080,2.35619,-2.74889,-1.57080
103.53
-2.74889,-1.57080,-0.39270,0.39270,1.17810,1.96350,3.14159,-1.96350,-0.78540,0.39270,1.57080,2.74889,-2.74889,-1.57080,-0.39270,0.78540,1.57080,3.14159,-2.74889,-2.74889,-1.17810,-0.39270,0.78540,1.96350,3.14159,-1.96350,-0.78540,0.39270,1.57080,2.74889,-2.74889,-1.57080
103.57
-2.74889,-1.17810,-0.39270,0.39270,1.17810,1.96350,3.14159,-1.96350,-0.78540,0.39270,1.57080,2.74889,-2.74889,-1.17810,-0.39270,0.78540,1.57080,3.14159,-2.74889,-2.74889,-1.17810,-0.39270,0.78540,1.96350,3.14159,-1.96350,-0.78540,0.39270,1.57080,2.74889,-2.74889,-1.57080
103.70
-2.35619,-1.57080,-0.39270,0.00000,0.78540,1.96350,3.14159,-1.96350,-0.78540,0.39270,1.57080,2.74889,-2.74889,-1.57080,-0.39270,0.78540,1.57080,3.14159,-2.74889,-2.74889,-1.17810,0.00000,0.78540,1.96350,3.14159,-1.96350,-0.78540,0.39270,1.57080,2.35619,-2.74889,-1.57080
103.77
-2.35619,-1.57080,-0.39270,0.00000,0.78540,1.96350,3.14159,-1.96350,-0.78540,0.39270,1.17810,2.74889,-2.74889,-1.17810,-0.39270,0.78540,1.96350,2.74889,-2.74889,-2.74889,-1.17810,-0.39270,0.78540,2.35619,3.14159,-1.96350,-0.78540,0.39270,1.57080,2.74889,-2.74889,-1.57080
103.84
-2.35619,-1.57080,-0.39270,0.39270,0.78540,1.96350,3.14159,-1.96350,-0.78540,0.39270,1.57080,2.35619,-2.74889,-1.57080,-0.39270,0.78540,1.57080,3.14159,-2.74889,-2.74889,-1.17810,-0.39270,0.78540,1.96350,3.14159,-1.96350,-0.78540,0.39270,1.57080,2.35619,-2.74889,-1.57080
103.99
-2.35619,-1.57080,-0.39270,0.39270,1.17810,1.96350,3.14159,-1.96350,-0.78540,0.39270,1.57080,2.74889,-2.74889,-1.57080,-0.39270,0.78540,1.57080,3.14159,-2.74889,-2.74889,-1.17810,0.00000,0.78540,1.96350,3.14159,-1.96350,-0.78540,0.39270,1.57080,2.74889,-2.74889,-1.57080
104.10
-1.96350,-1.17810,-0.39270,0.39270,1.17810,1.96350,3.14159,-1.96350,-0.78540,0.39270,1.57080,2.74889,-2.74889,-1.17810,-0.39270,0.78540,1.57080,3.14159,-2.74889,-2.74889,-1.17810,0.00000,0.78540,1.96350,3.14159,-1.96350,-0.78540,0.39270,1.57080,2.74889,-2.74889,-1.57080
