6.07
0.00000,0.78540,0.00000,0.00000,0.39270,-0.39270,-0.78540,0.00000,0.00000,0.39270,0.39270,-0.39270,0.00000,-0.39270,0.39270,0.39270,0.00000,-0.78540,0.00000,-0.39270,-0.39270,-0.39270,0.39270,0.00000,0.39270,-0.78540,0.00000,0.39270,0.78540,0.39270,-0.78540,-0.39270
7.35
-0.78540,0.39270,0.78540,-0.78540,0.00000,-1.17810,-1.57080,-0.78540,0.00000,0.00000,0.00000,-0.39270,-0.78540,0.00000,-0.39270,0.78540,-0.78540,-1.96350,-0.78540,-0.78540,-1.57080,0.00000,-0.78540,-0.39270,0.39270,-1.17810,-0.39270,0.39270,0.39270,0.78540,-0.78540,0.00000
80.85
0.00000,1.17810,1.17810,2.35619,1.96350,-2.35619,-1.96350,-0.39270,0.78540,0.78540,1.96350,-2.35619,-0.78540,0.00000,0.78540,1.96350,0.78540,-2.35619,-1.57080,-0.78540,-0.78540,0.00000,1.17810,1.96350,1.96350,-1.17810,0.00000,0.78540,1.57080,2.35619,-2.35619,-1.17810
97.73
-0.39270,1.17810,2.35619,2.74889,3.14159,-2.74889,-1.96350,-0.39270,0.39270,1.96350,3.14159,-2.74889,-0.39270,0.00000,0.78540,1.57080,2.35619,-2.74889,-2.74889,-1.17810,-0.78540,0.78540,1.96350,2.35619,3.14159,-1.17810,-0.78540,0.39270,1.96350,3.14159,-2.74889,-1.96350
101.60
0.00000,0.39270,1.96350,2.74889,3.14159,-2.74889,-1.96350,-0.39270,0.78540,1.96350,3.14159,-2.74889,-0.78540,-0.39270,0.78540,1.57080,2.35619,-2.74889,-2.74889,-1.17810,-1.17810,0.39270,1.96350,2.35619,3.14159,-1.96350,-0.39270,0.78540,1.96350,3.14159,-2.74889,-1.96350
101.62
0.39270,0.78540,1.57080,3.14159,3.14159,-2.74889,-0.78540,0.00000,0.39270,1.96350,3.14159,-2.74889,-0.78540,-0.39270,0.78540,1.96350,3.14159,-2.74889,-2.74889,-1.17810,-0.39270,0.39270,1.57080,2.74889,3.14159,-1.57080,-0.39270,0.78540,1.96350,3.14159,-2.74889,-0.78540
102.06
0.00000,0.39270,2.35619,3.14159,3.14159,-2.74889,-1.57080,0.00000,0.39270,1.57080,3.14159,-2.74889,-1.17810,0.00000,0.78540,1.57080,3.14159,-2.74889,-2.74889,-0.78540,-0.39270,0.39270,1.57080,2.74889,3.14159,-1.57080,0.00000,0.78540,1.96350,3.14159,-2.74889,-1.57080
102.41
0.00000,0.78540,1.57080,3.14159,3.14159,-2.74889,-1.57080,-0.39270,0.39270,1.96350,3.14159,-2.74889,-1.57080,-0.39270,1.17810,1.96350,3.14159,-2.74889,-2.74889,-1.17810,0.00000,0.00000,1.57080,2.74889,3.14159,-1.57080,0.00000,0.78540,1.57080,3.14159,-2.74889,-1.57080
103.39
0.00000,0.78540,1.57080,3.14159,3.14159,-2.74889,-1.57080,0.00000,0.78540,1.96350,3.14159,-2.74889,-1.17810,-0.39270,1.17810,1.96350,3.14159,-2.74889,-2.74889,-1.17810,-0.78540,0.78540,1.57080,2.74889,3.14159,-1.17810,-0.39270,0.39270,1.57080,3.14159,-2.74889,-1.96350
103.57
0.00000,0.39270,1.96350,2.35619,3.14159,-2.74889,-1.17810,0.00000,0.78540,1.96350,3.14159,-2.74889,-1.17810,-0.39270,1.17810,2.35619,3.14159,-2.74889,-2.74889,-1.17810,-1.17810,0.39270,1.57080,2.74889,3.14159,-1.17810,-0.39270,0.78540,1.96350,3.14159,-2.74889,-1.17810
103.60
0.39270,0.00000,1.57080,3.14159,3.14159,-2.74889,-1.57080,-0.39270,0.39270,1.96350,3.14159,-2.74889,-1.17810,-0.39270,0.78540,1.96350,3.14159,-2.74889,-2.74889,-1.57080,-0.78540,0.39270,1.57080,2.35619,3.14159,-1.96350,-0.39270,0.39270,1.57080,3.14159,-2.74889,-1.96350
104.78
0.00000,0.39270,1.57080,2.74889,3.14159,-2.74889,-1.57080,-0.39270,0.78540,1.96350,3.14159,-2.74889,-1.17810,0.00000,1.57080,1.96350,3.14159,-2.74889,-2.74889,-1.17810,-0.39270,0.39270,1.57080,2.74889,3.14159,-1.57080,-0.39270,0.78540,1.96350,3.14159,-2.74889,-0.78540
105.17
0.00000,0.78540,1.57080,1.96350,3.14159,-2.74889,-1.57080,-0.78540,0.39270,1.96350,3.14159,-2.74889,-1.17810,-0.39270,0.78540,1.96350,3.14159,-2.74889,-2.74889,-0.78540,-0.78540,0.39270,1.17810,2.74889,3.14159,-1.57080,-0.39270,0.78540,1.96350,3.14159,-2.74889,-1.17810
105.22
0.39270,0.39270,1.57080,2.74889,3.14159,-2.74889,-1.57080,-0.39270,0.78540,1.96350,3.14159,-2.74889,-1.17810,-0.39270,1.17810,2.35619,3.14159,-2.74889,-2.74889,-1.57080,-0.39270,0.39270,1.57080,2.74889,3.14159,-1.57080,-0.39270,0.39270,1.96350,3.14159,-2.74889,-1.57080
105.97
0.39270,0.78540,1.17810,3.14159,3.14159,-2.74889,-1.57080,-0.39270,0.78540,1.96350,3.14159,-2.74889,-1.17810,0.00000,1.17810,1.96350,3.14159,-2.74889,-1.96350,-1.57080,-0.39270,0.78540,1.57080,2.74889,3.14159,-1.17810,-0.39270,0.78540,1.57080,3.14159,-2.74889,-1.17810
106.13
0.00000,0.78540,1.17810,2.74889,3.14159,-2.74889,-1.57080,-0.39270,0.39270,1.96350,3.14159,-2.74889,-1.17810,-0.39270,0.78540,1.96350,3.14159,-2.74889,-2.74889,-1.57080,-0.39270,0.39270,1.57080,2.74889,3.14159,-1.57080,-0.39270,0.39270,1.57080,3.14159,-2.74889,-1.96350
106.30
0.00000,0.78540,1.17810,2.74889,3.14159,-2.74889,-1.57080,-0.39270,0.39270,1.96350,3.14159,-2.74889,-1.17810,-0.39270,0.78540,1.57080,3.14159,-2.74889,-2.74889,-1.17810,-0.39270,0.39270,1.57080,2.35619,3.14159,-1.57080,-0.39270,0.39270,1.96350,3.14159,-2.74889,-1.57080
106.32
0.39270,0.78540,1.57080,2.35619,3.14159,-2.74889,-1.57080,-0.39270,0.78540,1.96350,3.14159,-2.74889,-1.17810,-0.39270,0.78540,1.96350,3.14159,-2.74889,-2.74889,-1.57080,-0.78540,0.39270,1.57080,2.35619,3.14159,-1.96350,-0.39270,0.39270,1.57080,3.14159,-2.74889,-1.57080
106.65
0.00000,0.39270,1.57080,2.35619,3.14159,-2.74889,-1.57080,-0.39270,0.39270,1.96350,3.14159,-2.74889,-1.17810,-0.39270,0.78540,1.96350,3.14159,-2.74889,-2.74889,-1.57080,-0.39270,0.00000,1.57080,2.35619,3.14159,-1.57080,-0.39270,0.39270,1.57080,3.14159,-2.74889,-1.57080
107.28
0.00000,0.78540,1.17810,2.74889,3.14159,-2.74889,-1.57080,-0.39270,0.39270,1.57080,2.74889,-2.74889,-1.17810,0.00000,0.78540,1.96350,3.14159,-2.74889,-2.74889,-1.17810,-0.78540,0.39270,1.57080,2.35619,3.14159,-1.57080,-0.39270,0.78540,1.57080,3.14159,-2.74889,-1.57080
107.89
-0.39270,0.78540,1.57080,2.35619,3.14159,-2.74889,-1.57080,-0.39270,0.39270,1.57080,3.14159,-2.74889,-1.17810,-0.39270,0.78540,1.96350,3.14159,-2.74889,-2.35619,-1.57080,-0.78540,0.39270,1.17810,2.35619,3.14159,-1.57080,-0.39270,0.39270,1.57080,3.14159,-2.74889,-1.57080
108.01
0.00000,0.39270,1.57080,2.35619,3.14159,-2.74889,-1.57080,-0.39270,0.78540,1.96350,2.74889,-2.74889,-1.17810,0.00000,0.78540,1.57080,3.14159,-2.74889,-2.74889,-1.57080,-0.39270,0.39270,1.57080,2.74889,3.14159,-1.57080,-0.39270,0.39270,1.57080,3.14159,-2.74889,-1.57080
108.19
0.00000,0.39270,1.57080,2.74889,3.14159,-2.74889,-1.57080,-0.39270,0.39270,1.57080,3.14159,-2.35619,-1.57080,-0.39270,0.78540,1.96350,2.74889,-2.74889,-1.96350,-1.17810,-0.78540,0.39270,1.57080,2.74889,3.14159,-1.57080,-0.39270,0.78540,1.57080,3.14159,-2.74889,-1.57080
108.26
0.00000,0.78540,1.17810,1.96350,3.14159,-2.74889,-1.57080,-0.39270,0.78540,1.57080,3.14159,-2.74889,-1.17810,0.00000,0.78540,1.57080,3.14159,-2.74889,-2.35619,-1.57080,-0.78540,0.39270,1.17810,2.35619,3.14159,-1.57080,-0.39270,0.39270,1.57080,3.14159,-2.74889,-1.57080
108.34
0.00000,0.39270,1.17810,2.35619,3.14159,-2.74889,-1.57080,-0.39270,0.78540,1.96350,3.14159,-2.74889,-1.17810,0.00000,0.78540,1.96350,3.14159,-2.74889,-2.35619,-1.57080,-0.78540,0.39270,1.57080,2.35619,3.14159,-1.57080,-0.39270,0.78540,1.57080,3.14159,-2.74889,-1.57080
108.47
-0.39270,0.39270,1.17810,2.35619,3.14159,-2.74889,-1.57080,-0.39270,0.78540,1.57080,3.14159,-2.74889,-1.17810,0.00000,0.78540,1.96350,3.14159,-2.74889,-1.96350,-1.17810,-0.39270,0.39270,1.57080,2.74889,3.14159,-1.57080,-0.39270,0.39270,1.57080,3.14159,-2.74889,-1.57080
108.48
0.00000,0.78540,1.17810,1.96350,3.14159,-2.74889,-1.57080,-0.39270,0.78540,1.96350,3.14159,-2.74889,-1.17810,0.00000,0.78540,1.96350,3.14159,-2.74889,-2.35619,-1.57080,-0.39270,0.39270,1.57080,2.35619,3.14159,-1.57080,-0.39270,0.39270,1.57080,3.14159,-2.74889,-1.57080
108.73
0.00000,0.39270,1.57080,2.35619,3.14159,-2.74889,-1.57080,-0.39270,0.78540,1.96350,3.14159,-2.74889,-1.17810,0.00000,0.78540,1.57080,2.74889,-2.74889,-2.35619,-1.57080,-0.39270,0.39270,1.57080,2.74889,3.14159,-1.57080,-0.39270,0.78540,1.96350,3.14159,-2.74889,-1.57080
108.94
-0.39270,0.39270,1.17810,1.96350,3.14159,-2.74889,-1.57080,-0.39270,0.78540,1.57080,3.14159,-2.74889,-1.17810,0.00000,0.78540,1.96350,2.35619,-2.74889,-2.35619,-1.57080,-0.39270,0.39270,1.57080,2.35619,3.14159,-1.57080,-0.39270,0.39270,1.57080,3.14159,-2.74889,-1.57080
109.39
0.00000,0.39270,1.17810,1.96350,2.74889,-2.74889,-1.57080,-0.39270,0.78540,1.57080,2.74889,-2.74889,-1.17810,0.00000,0.78540,1.57080,2.35619,-2.74889,-2.35619,-1.57080,-0.39270,0.00000,1.17810,2.35619,3.14159,-1.57080,-0.39270,0.39270,1.57080,3.14159,-2.74889,-1.57080
109.64
-0.39270,0.39270,1.17810,2.35619,2.74889,-2.74889,-1.96350,-0.39270,0.78540,1.57080,2.74889,-2.74889,-1.17810,-0.39270,0.78540,1.57080,2.35619,-2.74889,-2.35619,-1.57080,-0.39270,0.39270,1.57080,2.35619,3.14159,-1.57080,-0.39270,0.39270,1.57080,3.14159,-2.74889,-1.57080
110.01
-0.39270,0.39270,1.17810,2.35619,2.74889,-2.74889,-1.57080,-0.39270,0.78540,1.57080,2.74889,-2.74889,-1.17810,0.00000,0.78540,1.96350,2.74889,-2.74889,-1.96350,-1.57080,-0.78540,0.39270,1.57080,2.35619,3.14159,-1.57080,-0.39270,0.39270,1.57080,3.14159,-2.74889,-1.57080
110.99
0.00000,0.39270,1.17810,1.96350,2.74889,-2.74889,-1.57080,-0.39270,0.39270,1.57080,2.74889,-2.74889,-1.57080,-0.39270,0.78540,1.57080,2.74889,-2.74889,-2.35619,-1.96350,-0.78540,0.00000,1.57080,2.35619,3.14159,-1.57080,-0.78540,0.39270,1.57080,2.74889,-2.74889,-1.57080
111.22
0.00000,0.39270,1.17810,1.96350,2.74889,-2.74889,-1.57080,-0.78540,0.78540,1.57080,2.74889,-2.74889,-1.57080,-0.39270,0.78540,1.57080,2.35619,-2.74889,-2.35619,-1.57080,-0.39270,0.39270,1.17810,2.35619,3.14159,-1.57080,-0.78540,0.39270,1.57080,2.74889,-2.74889,-1.57080
111.41
-0.39270,0.39270,1.17810,1.96350,2.74889,-2.74889,-1.57080,-0.39270,0.39270,1.57080,2.74889,-2.74889,-1.57080,-0.39270,0.78540,1.57080,2.74889,-2.74889,-1.96350,-1.57080,-0.39270,0.39270,1.17810,2.35619,3.14159,-1.57080,-0.78540,0.39270,1.57080,2.74889,-2.74889,-1.96350
111.52
0.00000,0.39270,1.17810,1.57080,2.74889,-2.74889,-1.57080,-0.39270,0.39270,1.57080,2.74889,-2.74889,-1.57080,-0.39270,0.78540,1.57080,2.74889,-2.74889,-2.35619,-1.57080,-0.78540,0.39270,1.17810,2.35619,3.14159,-1.57080,-0.78540,0.39270,1.57080,2.35619,-2.74889,-1.57080
111.75
-0.39270,0.39270,1.17810,1.96350,2.74889,-2.74889,-1.57080,-0.39270,0.39270,1.57080,2.74889,-2.74889,-1.57080,-0.39270,0.78540,1.57080,2.74889,-2.74889,-1.96350,-1.57080,-0.78540,0.39270,1.57080,2.35619,3.14159,-1.57080,-0.78540,0.39270,1.57080,2.74889,-2.74889,-1.57080
111.78
0.00000,0.39270,1.17810,1.96350,2.74889,-2.74889,-1.57080,-0.39270,0.39270,1.57080,2.74889,-2.74889,-1.57080,-0.39270,0.78540,1.57080,2.35619,-2.74889,-2.35619,-1.57080,-0.78540,0.39270,1.17810,2.35619,3.14159,-1.57080,-0.78540,0.39270,1.57080,2.74889,-2.74889,-1.57080
111.85
-0.39270,0.39270,1.17810,1.96350,2.74889,-2.74889,-1.57080,-0.39270,0.39270,1.57080,2.74889,-2.74889,-1.57080,-0.39270,0.78540,1.57080,2.74889,-2.74889,-1.96350,-1.57080,-0.78540,0.39270,1.17810,2.35619,3.14159,-1.57080,-0.78540,0.39270,1.57080,2.74889,-2.74889,-1.57080
111.89
-0.39270,0.39270,1.17810,1.57080,2.74889,-2.74889,-1.57080,-0.39270,0.39270,1.57080,2.74889,-2.74889,-1.57080,-0.39270,0.78540,1.57080,2.35619,-2.74889,-2.35619,-1.57080,-0.78540,0.39270,1.17810,2.35619,3.14159,-1.57080,-0.78540,0.39270,1.57080,2.74889,-2.74889,-1.57080
111.93
-0.39270,0.39270,1.17810,1.96350,2.74889,-2.74889,-1.57080,-0.39270,0.39270,1.57080,2.35619,-2.74889,-1.57080,-0.39270,0.39270,1.57080,2.35619,-2.74889,-2.35619,-1.57080,-0.78540,0.39270,1.17810,2.35619,3.14159,-1.96350,-0.78540,0.39270,1.57080,2.35619,-2.74889,-1.57080
112.03
-0.39270,0.39270,1.17810,1.96350,2.74889,-2.74889,-1.57080,-0.78540,0.39270,1.57080,2.74889,-2.74889,-1.57080,-0.39270,0.78540,1.57080,2.35619,-2.74889,-2.35619,-1.57080,-0.78540,0.39270,1.17810,2.35619,3.14159,-1.57080,-0.78540,0.39270,1.57080,2.35619,-2.74889,-1.96350
112.09
-0.39270,0.39270,1.17810,1.96350,2.74889,-2.74889,-1.57080,-0.78540,0.39270,1.57080,2.74889,-2.74889,-1.57080,-0.39270,0.78540,1.57080,2.35619,-2.74889,-2.35619,-1.57080,-0.78540,0.39270,1.17810,2.35619,3.14159,-1.57080,-0.78540,0.39270,1.57080,2.74889,-2.74889,-1.57080
112.18
-0.39270,0.39270,1.17810,1.57080,2.74889,-2.74889,-1.96350,-0.78540,0.39270,1.57080,2.35619,-2.74889,-1.57080,-0.39270,0.78540,1.57080,2.35619,-2.74889,-2.35619,-1.57080,-0.78540,0.00000,1.17810,2.35619,3.14159,-1.96350,-0.78540,0.39270,1.57080,2.35619,-2.74889,-1.57080
112.19
-0.39270,0.39270,1.17810,1.57080,2.74889,-2.74889,-1.57080,-0.78540,0.39270,1.57080,2.74889,-2.74889,-1.57080,-0.39270,0.78540,1.57080,2.35619,-2.74889,-2.35619,-1.57080,-0.78540,0.39270,1.17810,2.35619,3.14159,-1.96350,-0.78540,0.39270,1.57080,2.35619,-2.74889,-1.96350
112.43
-0.39270,0.39270,1.17810,1.57080,2.35619,-2.74889,-1.96350,-0.78540,0.39270,1.57080,2.35619,-2.74889,-1.57080,-0.39270,0.39270,1.57080,2.35619,-2.74889,-2.35619,-1.57080,-0.78540,0.00000,1.17810,2.35619,3.14159,-1.96350,-0.78540,0.39270,1.57080,2.35619,-2.74889,-1.96350
