5.37
0.39270,0.39270,-0.78540,0.00000,-0.39270,-0.39270,0.39270,0.00000,-0.78540,-0.78540,0.00000,0.39270,0.39270,-0.78540,-0.39270,-0.39270,0.39270,0.78540,-0.39270,0.39270,-0.78540,-0.39270,0.00000,0.00000,0.00000,-0.78540,-0.39270,0.00000,0.39270,0.00000,-0.78540,0.78540
6.87
0.78540,0.00000,-0.78540,-0.78540,-0.78540,-0.78540,0.00000,-0.39270,-0.78540,-0.39270,0.00000,0.00000,0.78540,-0.78540,-1.17810,-0.39270,0.39270,0.39270,0.39270,0.78540,-0.39270,0.00000,0.39270,0.00000,0.00000,-1.17810,-0.78540,0.39270,1.17810,-0.78540,0.00000,-0.78540
41.35
1.17810,1.96350,-2.35619,-0.39270,0.00000,0.00000,0.78540,0.39270,-2.74889,-1.17810,0.00000,0.39270,1.17810,-2.74889,-0.78540,-0.39270,0.39270,0.78540,0.78540,1.96350,-2.35619,0.00000,0.00000,0.39270,1.17810,-2.74889,-1.17810,0.00000,0.39270,0.39270,-2.35619,0.39270
70.72
1.96350,3.14159,-2.74889,-1.17810,-1.17810,-0.39270,0.78540,1.57080,-2.74889,-1.57080,-0.39270,0.78540,1.96350,-2.74889,-1.57080,-0.78540,0.78540,1.17810,1.57080,3.14159,-2.74889,-0.78540,-0.39270,0.78540,1.17810,-2.74889,-1.57080,-0.39270,0.78540,1.17810,-2.74889,-0.78540
76.98
2.35619,3.14159,-2.74889,-1.17810,-1.96350,0.00000,0.78540,2.35619,-2.74889,-1.57080,-0.39270,0.78540,1.96350,-2.74889,-1.57080,-0.78540,0.78540,1.17810,2.35619,3.14159,-2.74889,-1.57080,-0.39270,1.17810,1.96350,-2.74889,-1.57080,-0.78540,1.17810,1.57080,-2.74889,-2.35619
77.11
2.35619,3.14159,-2.74889,-1.96350,-1.17810,0.00000,1.57080,3.14159,-2.35619,-1.17810,0.39270,1.17810,3.14159,-2.74889,-1.96350,-0.39270,0.39270,1.96350,3.14159,3.14159,-2.35619,-1.17810,0.00000,1.57080,3.14159,-2.74889,-1.17810,0.00000,1.57080,3.14159,-2.74889,-1.57080
77.79
2.74889,3.14159,-2.74889,-1.96350,-1.17810,0.39270,1.57080,3.14159,-2.35619,-1.17810,0.39270,1.17810,3.14159,-2.74889,-1.96350,-0.39270,0.39270,1.57080,2.74889,3.14159,-2.35619,-0.78540,0.39270,1.57080,3.14159,-2.74889,-1.17810,0.39270,1.57080,3.14159,-2.74889,-1.17810
78.16
1.96350,2.74889,-2.74889,-1.96350,-1.57080,0.39270,1.57080,3.14159,-2.35619,-1.17810,-0.39270,1.17810,3.14159,-2.74889,-1.57080,-0.39270,0.39270,1.57080,2.74889,3.14159,-2.74889,-1.17810,0.00000,1.57080,3.14159,-2.74889,-1.17810,0.00000,1.17810,2.74889,-2.74889,-1.17810
78.23
2.35619,3.14159,-2.74889,-1.57080,-1.17810,0.00000,1.57080,3.14159,-2.74889,-1.17810,0.00000,1.17810,3.14159,-2.74889,-1.57080,-0.78540,0.39270,1.57080,3.14159,3.14159,-2.35619,-0.78540,0.39270,1.96350,3.14159,-2.74889,-0.78540,0.00000,1.17810,2.74889,-2.74889,-1.57080
79.59
1.96350,3.14159,-2.74889,-1.96350,-0.78540,0.39270,1.57080,3.14159,-2.74889,-1.17810,0.00000,1.17810,3.14159,-2.74889,-1.57080,-0.39270,0.39270,1.57080,3.14159,3.14159,-1.96350,-0.78540,0.00000,1.57080,3.14159,-2.74889,-1.17810,0.00000,1.17810,2.74889,-2.74889,-1.96350
80.28
1.96350,3.14159,-2.74889,-1.57080,-0.78540,0.39270,1.96350,3.14159,-1.96350,-1.17810,0.39270,1.57080,3.14159,-2.74889,-1.17810,-0.39270,1.17810,1.96350,2.74889,-2.74889,-1.96350,-0.78540,0.39270,1.96350,3.14159,-2.35619,-1.17810,0.00000,1.17810,3.14159,-2.74889,-1.57080
80.59
2.35619,3.14159,-2.74889,-1.57080,-1.17810,0.39270,1.96350,3.14159,-2.35619,-1.17810,0.39270,1.17810,3.14159,-2.74889,-1.17810,-0.39270,0.78540,1.96350,2.74889,-2.74889,-1.96350,-0.78540,0.39270,1.57080,3.14159,-2.74889,-1.17810,0.39270,1.57080,2.74889,-2.74889,-1.57080
80.64
1.96350,3.14159,-2.74889,-1.96350,-0.78540,0.39270,1.57080,3.14159,-2.35619,-0.78540,0.00000,1.17810,3.14159,-2.74889,-1.57080,-0.39270,1.17810,1.96350,2.74889,-2.74889,-1.57080,-0.78540,0.39270,1.96350,3.14159,-1.96350,-1.17810,0.00000,1.57080,3.14159,-2.74889,-1.17810
81.76
1.96350,3.14159,-2.35619,-1.17810,-0.78540,0.39270,1.57080,3.14159,-2.35619,-0.78540,0.39270,1.57080,3.14159,-2.74889,-0.78540,-0.39270,1.17810,1.96350,2.74889,-2.74889,-1.57080,-0.78540,0.39270,1.96350,3.14159,-2.35619,-0.78540,0.39270,1.57080,3.14159,-2.74889,-1.17810
81.78
2.35619,3.14159,-2.74889,-1.57080,-0.39270,0.78540,1.96350,3.14159,-2.35619,-0.78540,0.39270,1.57080,3.14159,-2.74889,-1.17810,0.39270,1.17810,1.96350,2.74889,-2.74889,-1.57080,-0.78540,0.78540,1.96350,3.14159,-2.35619,-0.78540,0.39270,1.57080,3.14159,-2.74889,-1.17810
82.03
2.35619,3.14159,-2.74889,-1.57080,-0.39270,0.78540,1.96350,3.14159,-2.35619,-0.78540,0.39270,1.57080,3.14159,-2.74889,-1.17810,0.00000,0.78540,1.57080,2.74889,-2.74889,-1.57080,-0.78540,0.39270,1.96350,3.14159,-1.96350,-0.78540,0.39270,1.96350,2.74889,-2.74889,-1.17810
82.14
1.96350,3.14159,-2.74889,-1.57080,-0.39270,0.78540,1.57080,3.14159,-1.96350,-0.78540,0.39270,1.17810,3.14159,-2.74889,-1.17810,0.00000,0.78540,1.96350,2.74889,-2.74889,-1.96350,-0.78540,0.39270,1.57080,3.14159,-2.35619,-0.78540,0.39270,1.57080,2.74889,-2.74889,-1.17810
82.46
1.96350,3.14159,-2.74889,-1.57080,-0.78540,0.39270,1.57080,3.14159,-2.35619,-1.17810,0.39270,1.57080,3.14159,-2.74889,-1.17810,0.00000,0.78540,1.96350,2.35619,-2.74889,-1.96350,-0.78540,0.39270,1.96350,3.14159,-2.35619,-0.78540,0.39270,1.57080,2.74889,-2.74889,-1.17810
82.51
1.96350,3.14159,-2.74889,-1.57080,-0.39270,0.39270,1.57080,3.14159,-1.96350,-1.17810,0.00000,1.57080,3.14159,-2.74889,-1.17810,0.00000,0.78540,1.96350,2.74889,-2.74889,-1.96350,-0.78540,0.78540,1.96350,3.14159,-1.96350,-0.78540,0.39270,1.57080,2.74889,-2.74889,-1.17810
82.56
2.35619,3.14159,-2.74889,-1.57080,-0.39270,0.39270,1.57080,2.74889,-2.35619,-1.17810,0.00000,1.57080,3.14159,-2.74889,-1.57080,-0.39270,0.78540,1.96350,2.74889,3.14159,-1.96350,-0.78540,0.39270,1.57080,3.14159,-2.35619,-0.78540,0.39270,1.57080,2.74889,-2.74889,-1.17810
82.72
1.96350,3.14159,-2.74889,-1.57080,-0.78540,0.39270,1.57080,2.74889,-2.35619,-1.17810,0.00000,1.57080,3.14159,-2.74889,-1.57080,0.00000,0.78540,1.96350,2.35619,3.14159,-1.96350,-0.78540,0.39270,1.57080,3.14159,-2.35619,-1.17810,0.39270,1.57080,2.74889,-2.74889,-1.17810
82.84
1.57080,3.14159,-2.74889,-1.57080,-0.78540,0.39270,1.57080,2.74889,-2.35619,-1.17810,0.00000,1.17810,2.74889,-2.74889,-1.57080,-0.39270,0.78540,1.96350,2.74889,3.14159,-1.96350,-0.78540,0.39270,1.57080,3.14159,-2.35619,-1.17810,0.00000,1.17810,2.74889,-2.74889,-0.78540
82.89
1.57080,3.14159,-2.74889,-1.57080,-0.78540,0.39270,1.57080,2.74889,-2.35619,-1.17810,0.39270,1.17810,2.35619,-2.74889,-1.57080,-0.39270,0.78540,1.96350,2.35619,3.14159,-1.96350,-0.78540,0.39270,1.57080,3.14159,-1.96350,-0.78540,0.39270,1.57080,2.74889,-2.74889,-1.17810
83.23
1.57080,3.14159,-2.74889,-1.57080,-0.78540,0.39270,1.57080,2.74889,-2.35619,-1.17810,0.00000,1.17810,2.74889,-2.74889,-1.57080,0.00000,0.39270,1.96350,2.35619,3.14159,-1.96350,-0.78540,0.39270,1.57080,3.14159,-2.35619,-1.17810,0.39270,1.17810,2.74889,-2.74889,-1.57080
83.34
1.57080,3.14159,-2.74889,-1.57080,-0.78540,0.39270,1.57080,2.74889,-2.35619,-1.17810,0.00000,1.17810,2.74889,-2.74889,-1.57080,-0.39270,0.78540,1.96350,2.74889,3.14159,-1.57080,-0.78540,0.39270,1.57080,3.14159,-2.35619,-0.78540,0.39270,1.57080,2.74889,-2.74889,-1.17810
83.34
2.35619,3.14159,-2.74889,-1.57080,-0.78540,0.39270,1.57080,2.74889,-2.35619,-1.17810,0.00000,1.17810,2.74889,-2.74889,-1.57080,0.00000,0.78540,1.57080,2.74889,3.14159,-1.96350,-0.78540,0.78540,1.57080,3.14159,-2.35619,-1.17810,0.39270,1.57080,2.74889,-2.74889,-1.17810
83.87
1.96350,3.14159,-2.74889,-1.57080,-0.78540,0.39270,1.17810,2.74889,-2.35619,-1.17810,0.00000,1.17810,2.74889,-2.74889,-1.17810,0.00000,0.39270,1.96350,2.74889,3.14159,-1.96350,-0.78540,0.39270,1.57080,2.74889,-2.35619,-1.17810,0.39270,1.57080,2.74889,-2.74889,-1.57080
84.12
1.96350,3.14159,-2.74889,-1.57080,-0.78540,0.39270,1.57080,2.74889,-2.35619,-1.17810,0.00000,1.17810,2.74889,-2.35619,-1.57080,-0.39270,0.78540,1.96350,2.74889,3.14159,-1.96350,-0.78540,0.39270,1.57080,3.14159,-2.35619,-1.17810,0.39270,1.57080,2.74889,-2.74889,-1.17810
84.12
1.96350,3.14159,-2.74889,-1.57080,-0.78540,0.39270,1.57080,2.35619,-2.35619,-1.17810,0.00000,1.17810,2.74889,-2.74889,-1.17810,-0.39270,0.78540,1.57080,2.74889,3.14159,-1.96350,-0.78540,0.39270,1.57080,2.74889,-2.35619,-1.17810,0.39270,1.17810,2.74889,-2.74889,-1.57080
84.62
1.96350,2.74889,-2.74889,-1.57080,-0.78540,0.39270,1.57080,2.74889,-2.35619,-1.17810,0.00000,1.17810,2.74889,-2.74889,-1.17810,-0.39270,0.78540,1.57080,2.74889,3.14159,-1.96350,-0.78540,0.39270,1.57080,2.74889,-2.35619,-1.17810,0.00000,1.57080,2.35619,-2.74889,-1.57080
84.64
1.57080,2.74889,-2.74889,-1.96350,-0.78540,0.39270,1.57080,2.74889,-2.35619,-1.17810,0.00000,1.17810,2.35619,-2.74889,-1.17810,-0.39270,0.78540,1.57080,2.74889,3.14159,-1.96350,-0.78540,0.39270,1.57080,2.74889,-2.35619,-1.17810,0.00000,1.17810,2.35619,-2.74889,-1.57080
84.89
1.96350,3.14159,-2.74889,-1.57080,-0.78540,0.39270,1.17810,2.74889,-2.35619,-1.17810,0.00000,1.17810,2.35619,-2.74889,-1.57080,-0.39270,0.78540,1.57080,2.35619,3.14159,-1.96350,-0.78540,0.39270,1.57080,2.74889,-2.35619,-1.17810,0.00000,1.17810,2.35619,-2.74889,-1.57080
85.05
1.96350,2.74889,-2.74889,-1.57080,-0.78540,0.39270,1.17810,2.74889,-2.35619,-1.17810,0.00000,1.17810,2.35619,-2.74889,-1.57080,-0.39270,0.78540,1.57080,2.35619,3.14159,-1.96350,-0.78540,0.39270,1.57080,2.74889,-2.35619,-1.17810,0.00000,1.17810,2.35619,-2.74889,-1.57080
