1.06
0.00000,0.00000,0.00000,0.00000,0.00000,0.00000,0.00000,0.00000,0.00000,0.00000,0.00000,0.00000,0.00000,0.00000,0.00000,0.00000,0.00000,0.00000,0.00000,0.00000,0.00000,0.00000,0.00000,0.00000,0.00000,0.00000,0.00000,0.00000,0.00000,0.00000,0.00000,0.00000
1.86
-0.39270,-0.78540,0.00000,0.39270,0.78540,2.35619,-1.57080,0.39270,-1.96350,-0.39270,0.78540,0.00000,0.00000,0.78540,0.39270,0.39270,-1.57080,2.35619,0.00000,0.00000,-0.78540,-2.35619,1.17810,-0.78540,-1.17810,-1.17810,-0.78540,-0.78540,-1.96350,2.35619,0.00000,0.39270
2.27
-1.17810,1.17810,3.14159,0.39270,-0.39270,1.57080,-1.57080,0.39270,0.00000,-1.17810,0.39270,-1.17810,3.14159,0.78540,0.39270,2.35619,-1.17810,1.96350,-2.74889,-0.39270,-0.39270,-2.74889,1.57080,-2.74889,-2.35619,-0.78540,-2.74889,-0.78540,-1.17810,3.14159,0.39270,-1.17810
2.67
0.78540,0.00000,3.14159,1.17810,1.57080,1.17810,-1.96350,0.39270,-1.17810,-0.78540,-0.39270,1.17810,3.14159,0.78540,1.17810,3.14159,-1.17810,1.96350,-2.35619,-0.78540,-0.39270,-1.57080,0.00000,-2.74889,-2.74889,0.78540,-0.78540,-0.39270,-1.96350,3.14159,1.17810,-1.96350
4.38
1.57080,0.00000,3.14159,0.78540,1.57080,-1.96350,-0.39270,1.57080,-2.74889,1.57080,3.14159,-1.57080,0.39270,0.00000,1.96350,1.17810,0.78540,1.96350,0.78540,2.35619,-2.74889,0.39270,2.35619,3.14159,-0.39270,0.78540,0.00000,-0.78540,-2.35619,2.35619,-1.17810,1.17810
4.44
1.96350,-1.17810,3.14159,3.14159,2.35619,2.35619,-1.57080,-0.39270,-0.39270,0.00000,1.57080,3.14159,-0.39270,-0.39270,0.39270,-1.17810,0.00000,-0.78540,-2.74889,-2.74889,0.39270,0.39270,3.14159,1.17810,0.78540,0.00000,3.14159,-2.74889,1.17810,-1.17810,0.39270,-0.78540
7.05
3.14159,-2.74889,2.35619,1.17810,3.14159,-2.74889,-1.57080,0.00000,-2.74889,3.14159,0.00000,-1.57080,1.57080,2.74889,1.96350,1.17810,-2.74889,1.17810,-2.74889,-2.74889,-2.74889,-2.74889,2.35619,3.14159,-2.35619,-2.74889,0.00000,0.00000,-2.74889,2.35619,-2.74889,-0.78540
8.68
3.14159,-0.78540,1.57080,0.78540,3.14159,-2.74889,-2.74889,1.17810,-0.78540,3.14159,2.74889,-0.39270,-0.78540,1.57080,-1.17810,2.74889,-2.74889,2.35619,-0.78540,-2.74889,-2.74889,-2.74889,1.17810,3.14159,-1.17810,-2.35619,-0.78540,0.39270,-2.74889,1.96350,-1.96350,-0.39270
12.63
3.14159,-1.57080,1.96350,2.74889,1.96350,-2.74889,-0.39270,0.39270,-2.35619,3.14159,1.96350,-1.17810,-1.96350,0.78540,-2.35619,1.57080,-2.74889,1.57080,-1.17810,-1.57080,-0.78540,-2.74889,3.14159,3.14159,-0.78540,-2.74889,-1.96350,0.00000,-2.74889,3.14159,-2.74889,-1.17810
15.66
3.14159,3.14159,3.14159,0.00000,3.14159,3.14159,-1.96350,-2.35619,-0.39270,0.39270,3.14159,3.14159,-2.74889,3.14159,2.35619,-2.74889,0.00000,2.74889,1.57080,-2.74889,-2.74889,0.78540,3.14159,2.74889,-2.74889,-2.74889,-1.96350,1.96350,-2.74889,1.57080,3.14159,0.39270
15.84
1.96350,3.14159,-0.78540,-2.74889,1.57080,3.14159,-2.74889,0.39270,-1.17810,1.57080,3.14159,3.14159,-2.74889,-0.39270,0.78540,-1.96350,3.14159,1.17810,3.14159,3.14159,-2.74889,0.39270,3.14159,1.17810,-2.74889,-1.96350,0.00000,-2.74889,-2.74889,2.35619,-2.74889,2.35619
17.05
1.96350,-0.39270,2.35619,3.14159,2.74889,3.14159,-2.35619,-0.78540,1.17810,3.14159,3.14159,1.57080,-1.96350,3.14159,-0.78540,0.39270,-2.74889,1.57080,-1.57080,-2.74889,-1.17810,-0.78540,2.74889,3.14159,-2.35619,-2.74889,-1.57080,-2.74889,-2.74889,1.57080,-2.74889,-2.74889
26.43
-1.17810,2.35619,3.14159,-2.35619,-0.39270,-0.78540,1.17810,3.14159,-2.74889,-1.17810,3.14159,-2.74889,-2.74889,2.74889,2.74889,-2.74889,-1.17810,-1.57080,-0.78540,2.74889,2.74889,3.14159,2.74889,0.78540,0.39270,1.96350,2.74889,-2.35619,2.74889,0.39270,0.39270,-1.57080
28.48
1.96350,2.74889,3.14159,-2.35619,-1.17810,2.35619,3.14159,3.14159,-2.74889,0.39270,1.17810,1.96350,2.35619,-2.74889,1.57080,-1.17810,-1.96350,-2.74889,1.57080,2.74889,3.14159,-2.35619,-0.39270,-0.39270,2.35619,2.35619,-2.74889,-2.74889,1.96350,2.74889,-2.35619,2.35619
32.69
2.35619,2.74889,3.14159,-1.17810,-1.57080,2.35619,3.14159,2.74889,-2.74889,0.39270,1.17810,1.57080,2.35619,-2.74889,2.35619,-1.96350,-1.57080,-2.74889,1.96350,1.57080,3.14159,-1.96350,-0.78540,-0.39270,1.96350,1.96350,-2.74889,-2.74889,2.74889,2.74889,-2.35619,1.57080
33.24
0.78540,2.35619,3.14159,-2.35619,-0.78540,1.57080,3.14159,3.14159,-2.74889,-0.78540,-0.78540,2.74889,1.17810,-2.74889,2.74889,-2.35619,-2.35619,0.39270,1.57080,2.74889,3.14159,-2.74889,-1.57080,1.57080,1.57080,3.14159,-2.74889,2.74889,2.74889,3.14159,-1.57080,2.74889
40.34
2.74889,3.14159,-1.96350,-0.39270,-0.39270,0.39270,3.14159,-2.74889,-2.74889,-0.78540,0.39270,1.17810,1.17810,-2.74889,-2.74889,-1.57080,-1.96350,-0.78540,1.17810,1.96350,3.14159,-2.74889,-1.96350,0.39270,-1.57080,3.14159,-2.74889,-2.35619,-1.96350,1.96350,3.14159,2.35619
42.39
3.14159,3.14159,-2.74889,0.00000,0.00000,2.74889,3.14159,-2.74889,-2.74889,0.00000,1.17810,2.35619,2.74889,-2.35619,-2.74889,-2.35619,-2.74889,0.39270,2.35619,3.14159,3.14159,-2.74889,-0.39270,1.57080,2.74889,3.14159,-2.74889,-1.57080,-1.17810,1.17810,2.74889,3.14159
46.26
3.14159,3.14159,3.14159,-1.57080,-1.17810,1.17810,3.14159,3.14159,-2.74889,-0.78540,0.39270,1.57080,-1.17810,-2.74889,-2.74889,-2.35619,0.00000,-0.39270,1.57080,3.14159,3.14159,-2.74889,-0.39270,0.39270,1.96350,2.35619,-2.74889,-2.74889,-0.39270,2.35619,-0.39270,0.00000
48.19
1.57080,2.35619,3.14159,0.39270,-0.78540,0.39270,3.14159,-2.35619,-2.74889,-0.78540,0.00000,2.35619,2.35619,-2.74889,1.57080,-2.74889,0.00000,-0.78540,1.57080,2.74889,2.74889,-2.74889,-1.57080,0.78540,1.57080,3.14159,-2.74889,-1.57080,-1.57080,0.00000,-0.39270,1.96350
49.79
2.35619,3.14159,-2.35619,-0.78540,0.00000,1.96350,3.14159,-2.74889,-2.74889,-1.17810,0.39270,2.35619,-1.17810,-2.74889,-2.74889,-2.35619,-2.74889,-0.39270,1.17810,2.74889,3.14159,-2.35619,-1.17810,0.78540,2.35619,2.74889,-2.35619,-1.96350,0.00000,-1.17810,2.35619,3.14159
53.04
2.74889,2.74889,2.74889,-1.17810,-1.17810,1.96350,3.14159,-2.74889,-2.74889,-0.78540,0.39270,0.39270,2.35619,-2.74889,-2.74889,-2.74889,-0.39270,0.00000,1.17810,2.74889,3.14159,-2.74889,-0.39270,0.39270,1.96350,3.14159,-2.74889,-2.74889,-1.57080,-0.39270,1.57080,2.74889
54.42
3.14159,2.74889,-1.96350,-1.57080,0.78540,2.35619,3.14159,-2.74889,-2.74889,-0.39270,0.39270,1.17810,1.96350,-2.74889,-2.74889,-1.96350,-1.17810,0.00000,1.17810,2.74889,3.14159,-2.74889,-0.78540,1.57080,1.96350,3.14159,-2.74889,-1.57080,-0.78540,1.17810,3.14159,2.74889
56.37
2.74889,2.74889,-1.96350,-0.78540,0.78540,1.96350,3.14159,-2.74889,-2.74889,-0.39270,0.00000,1.17810,2.35619,-2.35619,-2.74889,-1.57080,-1.17810,0.00000,1.17810,3.14159,3.14159,-2.74889,-0.78540,1.57080,1.96350,3.14159,-2.74889,-0.78540,-0.78540,1.17810,3.14159,2.74889
57.22
2.74889,2.35619,-2.74889,0.39270,-0.39270,2.35619,3.14159,-2.74889,-1.17810,-0.78540,-0.39270,2.74889,2.35619,-2.74889,-2.74889,-1.57080,-0.39270,0.39270,1.57080,2.74889,3.14159,-1.96350,-0.78540,0.78540,1.17810,3.14159,-2.74889,-1.17810,1.17810,0.00000,1.96350,2.74889
58.57
2.74889,-2.74889,-2.74889,0.78540,1.17810,1.96350,3.14159,-2.74889,-2.35619,0.00000,0.39270,1.96350,2.74889,-2.35619,-2.74889,-1.57080,-1.17810,0.39270,1.96350,3.14159,3.14159,-1.57080,0.39270,0.78540,1.57080,3.14159,-2.74889,-1.17810,-0.78540,0.00000,2.74889,3.14159
59.19
3.14159,3.14159,-2.74889,-0.39270,1.17810,1.96350,3.14159,-2.74889,-1.17810,0.00000,0.39270,0.78540,1.96350,-2.74889,-2.74889,-2.74889,-1.17810,-0.39270,1.96350,2.74889,3.14159,-0.78540,0.00000,1.17810,2.74889,3.14159,-2.74889,-1.57080,0.39270,1.17810,1.96350,3.14159
65.53
1.17810,2.35619,-2.35619,-1.17810,-0.78540,1.17810,3.14159,-2.74889,-2.74889,-1.17810,0.00000,0.78540,2.35619,-2.74889,-2.35619,-2.74889,-0.78540,0.00000,0.78540,3.14159,3.14159,-2.74889,-0.78540,0.39270,1.17810,3.14159,-2.74889,-1.96350,-1.57080,-0.78540,0.00000,1.57080
66.00
3.14159,3.14159,-2.74889,-0.39270,0.39270,1.57080,3.14159,-2.74889,-1.96350,-0.39270,0.39270,1.96350,2.74889,-2.74889,-2.74889,-2.74889,-1.17810,-0.39270,0.78540,3.14159,3.14159,-1.96350,-0.39270,0.39270,1.57080,3.14159,-2.74889,-1.17810,0.78540,0.00000,1.17810,3.14159
66.77
2.74889,3.14159,-2.74889,-0.39270,0.00000,1.57080,3.14159,-2.74889,-1.96350,-0.78540,0.00000,1.57080,2.74889,-2.74889,-2.74889,-2.35619,-1.57080,-0.39270,0.78540,3.14159,3.14159,-1.96350,-0.39270,0.00000,1.17810,3.14159,-2.74889,-1.17810,0.00000,-0.39270,1.57080,2.74889
67.54
3.14159,3.14159,-1.96350,-1.17810,1.17810,1.17810,3.14159,-2.74889,-2.35619,-0.39270,0.78540,2.35619,-2.74889,-2.74889,-2.74889,-0.39270,-0.39270,0.39270,1.57080,2.74889,3.14159,-1.57080,-0.39270,0.39270,2.35619,3.14159,-2.74889,-1.17810,-0.39270,0.39270,2.35619,1.96350
68.36
3.14159,3.14159,-2.74889,-0.78540,0.00000,1.17810,3.14159,-2.74889,-1.96350,-0.39270,0.78540,1.57080,1.96350,-2.74889,-2.74889,-1.57080,-0.78540,-0.39270,1.57080,2.74889,3.14159,-1.96350,-0.39270,1.57080,1.96350,3.14159,-2.74889,-0.39270,-0.39270,1.17810,0.39270,2.74889
68.53
3.14159,3.14159,-1.96350,-1.17810,0.39270,1.96350,3.14159,-2.74889,-1.17810,-0.39270,0.39270,1.17810,1.57080,-1.57080,-2.74889,-1.17810,-1.17810,0.00000,1.17810,1.96350,3.14159,-1.96350,-0.78540,0.78540,1.96350,3.14159,-2.74889,-1.17810,0.39270,-0.39270,1.17810,2.74889
72.16
2.74889,3.14159,-2.74889,-0.78540,0.39270,1.57080,3.14159,-2.74889,-2.35619,-0.39270,0.78540,1.57080,2.74889,-2.74889,-2.74889,-2.35619,-0.78540,-0.39270,1.17810,2.74889,3.14159,-1.57080,-0.39270,0.39270,1.57080,3.14159,-2.74889,-1.57080,0.39270,0.00000,0.78540,2.74889
73.25
2.74889,-2.74889,-2.74889,-1.17810,0.00000,1.17810,2.74889,-2.74889,-1.96350,-1.17810,0.78540,1.96350,2.74889,-2.74889,-2.74889,-1.17810,-0.39270,0.39270,0.78540,2.35619,3.14159,-1.57080,-0.78540,0.78540,1.96350,3.14159,-2.74889,-1.17810,-0.78540,0.00000,2.35619,1.57080
73.37
3.14159,3.14159,-2.35619,-1.17810,0.00000,1.17810,3.14159,-2.74889,-1.57080,-0.39270,0.39270,1.17810,3.14159,-2.74889,-2.74889,-1.96350,-0.78540,0.00000,1.17810,2.74889,3.14159,-2.35619,-0.78540,0.78540,2.35619,3.14159,-2.74889,-1.96350,-0.39270,0.00000,0.78540,1.96350
73.58
-2.74889,-2.74889,-1.57080,0.00000,0.78540,2.35619,-2.74889,-2.35619,-0.78540,0.39270,1.57080,3.14159,-2.74889,-2.74889,-0.78540,-0.78540,0.00000,1.57080,2.35619,-2.74889,-1.96350,-0.78540,0.39270,1.57080,2.35619,-2.74889,-2.74889,-0.39270,0.78540,1.17810,1.57080,-2.74889
73.59
-2.74889,-2.74889,-1.57080,0.00000,0.78540,1.96350,-2.74889,-1.96350,-0.78540,0.39270,1.57080,3.14159,-2.74889,-2.74889,-1.57080,-0.78540,0.00000,1.57080,2.35619,-2.74889,-1.96350,-1.17810,0.78540,1.57080,2.74889,-2.74889,-2.74889,-0.39270,0.78540,0.78540,2.35619,-2.74889
74.01
-2.74889,-2.74889,-1.17810,0.00000,1.17810,2.35619,-2.74889,-1.96350,-0.78540,0.39270,1.17810,3.14159,-2.74889,-2.74889,-1.57080,-1.17810,0.00000,1.17810,2.35619,-2.74889,-1.96350,-0.78540,0.00000,1.57080,1.96350,-2.74889,-2.74889,-0.39270,0.78540,1.17810,1.17810,-2.74889
75.07
-2.74889,-2.74889,-1.17810,-0.39270,1.17810,2.35619,-2.74889,-1.96350,-0.78540,0.39270,1.57080,3.14159,-2.74889,-2.74889,-1.57080,-1.57080,0.00000,1.17810,2.35619,-2.74889,-1.96350,-0.78540,0.39270,1.57080,2.74889,-2.74889,-2.74889,0.00000,0.39270,1.17810,1.57080,-2.74889
75.59
-2.74889,-2.35619,-1.17810,-0.39270,1.17810,1.96350,-2.74889,-1.57080,-0.78540,0.78540,1.17810,2.74889,-2.74889,-2.74889,-1.96350,-0.78540,-0.39270,0.78540,1.96350,-2.74889,-1.96350,-0.78540,0.39270,1.57080,2.35619,-2.74889,-2.74889,-0.39270,0.39270,1.17810,1.57080,-2.74889
75.66
-2.74889,-2.74889,-1.17810,-0.39270,0.78540,1.57080,-2.74889,-2.35619,-0.78540,0.39270,1.17810,3.14159,-2.74889,-1.17810,-1.57080,-0.78540,0.00000,0.78540,2.35619,-2.74889,-1.96350,-0.78540,0.00000,1.57080,2.35619,-2.74889,-1.96350,-0.39270,0.78540,1.17810,1.96350,-2.74889
76.08
-2.74889,-2.74889,-1.57080,-0.39270,0.78540,1.96350,-2.74889,-2.74889,-0.78540,0.00000,1.57080,2.74889,-2.74889,-1.96350,-1.96350,-0.78540,-0.39270,0.78540,2.35619,-2.74889,-1.96350,-0.78540,0.39270,1.17810,2.74889,-2.74889,-1.96350,-0.39270,0.39270,1.17810,1.96350,-2.74889
76.28
-2.74889,-2.74889,-1.17810,0.00000,0.78540,1.96350,-2.74889,-2.74889,-0.39270,0.39270,1.17810,2.74889,-2.74889,-1.96350,-1.96350,-0.78540,-0.39270,0.78540,2.35619,-2.74889,-1.96350,-0.78540,0.39270,1.57080,1.96350,-2.74889,-1.57080,-0.39270,0.39270,1.17810,1.57080,-2.74889
76.28
-2.74889,-2.74889,-1.17810,0.00000,0.78540,1.96350,-2.74889,-2.74889,-0.78540,0.00000,1.17810,3.14159,-2.74889,-1.96350,-1.57080,-0.78540,-0.39270,1.17810,1.96350,-2.74889,-1.57080,-0.78540,0.39270,1.57080,2.74889,-2.74889,-1.57080,-0.39270,0.39270,1.17810,1.57080,-2.74889
77.46
-2.74889,-2.74889,-1.17810,-0.39270,0.78540,1.96350,-2.74889,-2.35619,-0.39270,0.39270,1.57080,3.14159,-2.74889,-1.96350,-1.57080,-0.78540,-0.39270,1.17810,2.35619,-2.74889,-1.96350,-0.78540,0.39270,1.17810,2.35619,-2.74889,-1.17810,-0.78540,0.39270,1.17810,1.96350,-2.74889
77.66
-2.74889,-2.74889,-1.57080,0.00000,1.17810,1.96350,-2.74889,-1.96350,-0.78540,0.00000,1.17810,2.35619,-2.74889,-2.74889,-1.17810,-0.78540,0.00000,0.78540,2.35619,-2.74889,-1.96350,-0.78540,0.39270,1.57080,2.35619,-2.74889,-2.35619,-0.78540,0.39270,1.17810,1.57080,-2.74889
78.43
-2.74889,-2.74889,-1.17810,-0.39270,0.78540,1.96350,-2.74889,-1.96350,-1.17810,0.39270,1.17810,2.35619,-2.74889,-2.74889,-1.57080,-0.78540,-0.39270,0.78540,2.35619,-2.74889,-1.96350,-0.78540,0.39270,1.57080,2.35619,-2.74889,-1.96350,-0.78540,0.39270,1.17810,1.96350,-2.74889
78.73
-2.74889,-2.74889,-1.57080,0.00000,1.17810,2.35619,-2.74889,-1.57080,-0.78540,0.39270,1.17810,2.74889,-2.74889,-2.74889,-2.35619,-0.78540,0.00000,0.78540,1.96350,-2.74889,-1.96350,-0.78540,0.39270,1.57080,2.74889,-2.74889,-1.57080,-0.39270,0.39270,1.57080,1.57080,-2.74889
78.74
-2.74889,-2.74889,-1.57080,-0.39270,1.17810,1.96350,-2.74889,-1.57080,-0.78540,0.39270,1.17810,2.74889,-2.74889,-2.74889,-1.57080,-1.17810,-0.39270,0.78540,2.35619,-2.74889,-1.96350,-0.78540,0.39270,1.57080,2.74889,-2.74889,-1.57080,-0.39270,0.39270,0.78540,1.96350,-2.74889
78.78
-2.74889,-2.74889,-1.57080,0.00000,1.17810,1.96350,-2.74889,-1.96350,-0.78540,0.00000,1.17810,2.74889,-2.74889,-2.74889,-1.57080,-0.78540,0.00000,1.17810,2.35619,-2.74889,-1.96350,-0.39270,0.39270,1.57080,2.74889,-2.74889,-1.96350,-0.39270,0.39270,0.78540,1.57080,-2.74889
79.21
-2.74889,-2.74889,-0.78540,0.00000,0.78540,2.35619,-2.74889,-1.96350,-0.78540,0.39270,1.17810,2.35619,-2.74889,-1.57080,-1.57080,-1.17810,0.00000,0.78540,1.96350,-2.74889,-1.96350,-0.78540,0.39270,1.17810,2.35619,-2.74889,-1.17810,-0.39270,0.39270,0.78540,1.96350,-2.74889
80.08
-2.74889,-2.74889,-1.17810,0.00000,0.78540,2.35619,-2.74889,-1.96350,-0.78540,0.39270,1.57080,2.74889,-2.74889,-2.35619,-1.57080,-0.39270,0.00000,0.78540,2.35619,-2.74889,-1.96350,-0.78540,0.39270,1.57080,2.35619,-2.74889,-1.57080,-0.39270,0.78540,1.17810,1.57080,-2.74889
80.25
-2.74889,-2.74889,-1.17810,0.00000,0.78540,2.35619,-2.74889,-1.96350,-0.39270,0.39270,1.57080,2.35619,-2.74889,-1.96350,-1.17810,-1.17810,0.00000,1.17810,2.35619,-2.74889,-1.57080,-0.39270,0.39270,1.57080,2.74889,-2.74889,-1.17810,-0.39270,0.78540,0.78540,1.57080,-2.74889
80.58
-2.74889,-2.74889,-1.17810,-0.39270,1.17810,1.96350,-2.74889,-1.96350,-0.78540,0.39270,1.57080,2.35619,-2.74889,-2.74889,-1.57080,-0.78540,0.00000,1.17810,2.35619,-2.74889,-1.96350,-0.78540,0.39270,1.57080,2.74889,-2.74889,-1.57080,-0.39270,0.39270,0.78540,1.57080,-2.74889
80.67
-2.74889,-2.74889,-1.17810,0.00000,1.17810,1.96350,-2.74889,-1.96350,-0.78540,0.39270,1.57080,2.74889,-2.74889,-2.74889,-1.57080,-0.78540,0.00000,1.17810,2.35619,-2.74889,-1.57080,-0.78540,0.39270,1.57080,2.74889,-2.74889,-1.57080,-0.39270,0.39270,1.17810,1.96350,-2.74889
80.79
-2.74889,-2.74889,-1.17810,0.00000,1.17810,2.35619,-2.74889,-1.57080,-0.78540,0.39270,1.57080,2.74889,-2.74889,-2.74889,-1.57080,-0.78540,0.39270,1.17810,2.35619,-2.74889,-1.96350,-0.78540,0.39270,1.57080,2.74889,-2.74889,-1.57080,-0.39270,0.78540,1.17810,1.57080,-2.74889
81.15
-2.74889,-2.74889,-1.17810,0.00000,1.17810,1.96350,-2.74889,-1.96350,-0.78540,0.39270,1.17810,2.35619,-2.74889,-2.35619,-1.57080,-1.17810,0.00000,1.17810,2.35619,-2.74889,-1.96350,-0.78540,0.39270,1.57080,2.74889,-2.74889,-1.57080,-0.39270,0.39270,0.78540,1.57080,-2.74889
81.30
-2.74889,-2.74889,-1.17810,0.00000,1.17810,2.35619,-2.74889,-1.57080,-0.78540,0.39270,1.57080,2.35619,-2.74889,-2.35619,-1.57080,-0.78540,0.00000,1.17810,2.35619,-2.74889,-1.96350,-0.39270,0.39270,1.57080,2.74889,-2.74889,-1.17810,-0.39270,0.39270,1.17810,1.96350,-2.74889
81.54
-2.74889,-2.74889,-1.17810,0.00000,1.17810,2.35619,-2.74889,-1.57080,-0.78540,0.39270,1.57080,2.35619,-2.74889,-1.96350,-1.17810,-0.78540,0.00000,1.17810,2.35619,-2.74889,-1.96350,-0.78540,0.39270,1.57080,2.74889,-2.74889,-1.57080,-0.39270,0.39270,1.17810,1.96350,-2.74889
81.66
-2.74889,-2.74889,-1.17810,0.00000,1.17810,2.35619,-2.74889,-1.57080,-0.39270,0.39270,1.57080,2.74889,-2.74889,-1.96350,-1.57080,-0.78540,0.39270,1.57080,2.35619,-2.74889,-1.57080,-0.39270,0.78540,1.57080,2.74889,-2.74889,-1.17810,-0.39270,0.78540,1.17810,1.96350,-2.74889
81.66
-2.74889,-2.74889,-1.17810,0.00000,1.17810,2.35619,-2.74889,-1.57080,-0.39270,0.78540,1.57080,2.74889,-2.74889,-1.57080,-1.57080,-0.78540,0.39270,1.17810,2.35619,-2.74889,-1.57080,-0.39270,0.78540,1.57080,2.74889,-2.74889,-1.17810,-0.39270,0.78540,1.17810,1.96350,-2.74889
81.69
-2.74889,-2.74889,-1.17810,0.00000,1.17810,2.35619,-2.74889,-1.57080,-0.39270,0.39270,1.57080,2.74889,-2.74889,-1.96350,-1.57080,-0.78540,0.39270,1.17810,2.35619,-2.74889,-1.57080,-0.78540,0.39270,1.57080,2.74889,-2.74889,-1.17810,-0.39270,0.39270,1.17810,1.96350,-2.74889
81.70
-2.74889,-2.74889,-0.78540,0.39270,1.17810,2.35619,-2.74889,-1.57080,-0.39270,0.78540,1.57080,2.74889,-2.74889,-1.57080,-1.57080,-0.78540,0.39270,1.57080,2.35619,-2.74889,-1.57080,-0.39270,0.78540,1.57080,2.74889,-2.74889,-1.17810,0.00000,0.78540,1.17810,1.96350,-2.74889
81.71
-2.74889,-2.74889,-1.17810,0.00000,1.17810,2.35619,-2.74889,-1.57080,-0.39270,0.78540,1.57080,2.74889,-2.74889,-1.96350,-1.57080,-0.78540,0.39270,1.17810,2.35619,-2.74889,-1.57080,-0.39270,0.78540,1.57080,2.74889,-2.74889,-1.17810,-0.39270,0.39270,1.17810,1.96350,-2.74889
81.73
-2.74889,-2.74889,-0.78540,0.00000,1.17810,2.35619,-2.74889,-1.57080,-0.39270,0.78540,1.57080,2.74889,-2.74889,-1.96350,-1.17810,-0.78540,0.39270,1.17810,2.35619,-2.74889,-1.57080,-0.39270,0.78540,1.57080,2.74889,-2.74889,-1.17810,-0.39270,0.78540,1.17810,1.96350,-2.74889
81.73
-2.74889,-2.74889,-0.78540,0.00000,1.17810,2.35619,-2.74889,-1.57080,-0.39270,0.78540,1.57080,2.74889,-2.74889,-1.96350,-1.57080,-0.78540,0.39270,1.57080,2.35619,-2.74889,-1.57080,-0.39270,0.78540,1.57080,2.74889,-2.74889,-1.17810,-0.39270,0.78540,1.17810,1.96350,-2.74889
81.76
-2.74889,-2.74889,-0.78540,0.39270,1.17810,2.35619,-2.74889,-1.57080,-0.39270,0.78540,1.57080,2.74889,-2.74889,-1.57080,-1.17810,-0.78540,0.39270,1.57080,2.35619,-2.74889,-1.57080,-0.39270,0.78540,1.96350,2.74889,-2.74889,-1.17810,0.00000,0.78540,1.17810,1.96350,-2.74889
82.10
-2.74889,-2.35619,-1.17810,0.39270,1.57080,2.35619,-2.74889,-1.57080,-0.39270,0.78540,1.57080,2.74889,-2.74889,-1.57080,-1.57080,-0.78540,0.39270,1.17810,2.35619,-2.74889,-1.57080,-0.39270,0.78540,1.96350,2.74889,-2.74889,-1.17810,-0.39270,0.39270,1.17810,1.96350,-2.74889
82.45
-2.74889,-2.35619,-1.17810,0.39270,1.17810,2.35619,-2.74889,-1.57080,-0.39270,0.78540,1.57080,2.74889,-2.74889,-1.57080,-1.57080,-0.78540,0.39270,1.57080,2.35619,-2.74889,-1.57080,-0.39270,0.78540,1.57080,2.74889,-2.74889,-1.17810,0.00000,0.78540,1.17810,1.96350,-2.74889
