1.31
0.00000,0.00000,0.00000,0.00000,0.00000,0.00000,0.00000,0.00000,0.00000,0.00000,0.00000,0.00000,0.00000,0.00000,0.00000,0.00000,0.00000,0.00000,0.00000,0.00000,0.00000,0.00000,0.00000,0.00000,0.00000,0.00000,0.00000,0.00000,0.00000,0.00000,0.00000,0.00000
2.56
0.00000,0.00000,1.57080,1.17810,1.57080,0.78540,0.39270,0.78540,1.17810,0.78540,-0.39270,0.78540,0.78540,-0.78540,0.39270,1.57080,0.78540,0.00000,-0.78540,1.96350,-0.39270,-0.78540,1.57080,0.78540,0.39270,0.39270,-1.17810,1.96350,-0.39270,0.78540,-1.17810,0.78540
5.33
-0.39270,1.17810,3.14159,-1.17810,2.74889,-1.17810,-0.39270,0.00000,1.96350,0.78540,0.00000,1.57080,0.39270,-0.39270,-0.39270,1.17810,0.39270,1.17810,-2.74889,3.14159,0.00000,-0.39270,2.35619,-0.78540,0.39270,-0.39270,-1.57080,3.14159,-1.57080,-0.39270,-1.17810,1.57080
5.85
0.00000,0.00000,-1.17810,0.39270,-0.39270,3.14159,-0.39270,3.14159,1.57080,1.57080,2.35619,-1.96350,2.35619,-2.74889,0.00000,0.39270,1.96350,-0.78540,-0.39270,3.14159,-0.78540,0.78540,0.78540,-0.39270,2.35619,-0.78540,0.00000,3.14159,-0.39270,0.78540,0.39270,-1.96350
6.69
1.17810,2.74889,-2.35619,-2.35619,0.78540,0.78540,0.39270,1.17810,1.96350,2.35619,0.39270,0.39270,-1.17810,0.39270,0.39270,0.39270,-1.57080,0.39270,-1.96350,0.78540,0.00000,1.17810,-1.17810,0.78540,0.39270,-1.17810,-0.78540,0.78540,0.78540,-1.17810,1.17810,-0.39270
9.59
0.78540,0.78540,-1.96350,-2.35619,-0.39270,1.17810,0.00000,0.00000,1.96350,2.35619,0.39270,0.78540,0.78540,-1.17810,1.57080,1.17810,-1.17810,-0.78540,-2.74889,1.57080,0.00000,1.57080,-2.74889,1.96350,-0.78540,-0.78540,-1.57080,0.39270,0.78540,1.96350,0.78540,0.78540
12.73
1.57080,0.78540,0.39270,-0.39270,2.74889,-2.74889,-1.57080,-0.39270,-0.39270,2.35619,-0.39270,-0.39270,1.17810,-1.17810,0.78540,-1.57080,1.96350,1.17810,-2.74889,3.14159,-0.39270,1.57080,0.00000,1.96350,1.17810,-1.17810,-0.78540,3.14159,1.57080,2.74889,-2.74889,-0.78540
13.11
2.74889,-2.74889,-2.74889,-2.74889,3.14159,0.78540,-2.35619,3.14159,3.14159,3.14159,3.14159,-1.96350,-2.74889,-0.39270,3.14159,0.39270,3.14159,-2.74889,-1.96350,-0.39270,-0.39270,2.35619,3.14159,2.74889,0.39270,-2.74889,-0.78540,3.14159,1.96350,3.14159,-2.74889,-2.74889
13.50
3.14159,-2.74889,-2.74889,-2.74889,3.14159,0.39270,-2.35619,3.14159,2.35619,3.14159,3.14159,-1.57080,-2.74889,-1.17810,3.14159,0.39270,3.14159,-2.74889,-1.57080,0.78540,-1.17810,3.14159,3.14159,3.14159,-0.78540,-2.74889,0.39270,2.74889,1.96350,3.14159,-2.74889,-2.74889
16.83
-1.17810,1.96350,-2.74889,-0.78540,-1.17810,-1.96350,2.35619,1.17810,2.74889,1.57080,-1.57080,-1.96350,0.00000,-1.57080,2.35619,0.00000,2.74889,2.35619,-2.74889,-1.96350,-0.39270,2.35619,-2.74889,2.74889,0.00000,-1.96350,1.57080,2.35619,1.17810,0.00000,-1.96350,-1.57080
18.17
0.00000,1.96350,-1.96350,0.78540,-1.96350,-2.35619,0.39270,1.57080,1.96350,2.74889,-0.78540,0.78540,-1.96350,-2.35619,1.57080,-2.35619,2.35619,2.35619,-2.74889,-0.78540,-1.57080,1.17810,-1.57080,1.96350,-1.96350,-2.35619,0.00000,0.39270,-2.35619,0.78540,-2.35619,-1.96350
18.48
0.39270,1.96350,-2.35619,1.57080,-2.35619,-2.74889,0.39270,1.96350,2.35619,2.74889,-1.17810,1.17810,-2.35619,-2.74889,1.96350,-2.74889,2.74889,2.74889,-2.74889,-0.39270,-1.96350,1.57080,-1.96350,2.35619,-2.35619,-2.74889,0.00000,0.39270,-2.74889,0.78540,-2.74889,-2.35619
20.60
2.74889,3.14159,2.35619,-2.74889,3.14159,-1.17810,0.78540,2.74889,0.78540,3.14159,-0.78540,1.17810,-0.39270,0.78540,-2.74889,1.57080,2.74889,2.74889,-2.74889,-0.78540,3.14159,2.74889,-2.74889,3.14159,3.14159,-2.74889,0.00000,2.35619,-2.74889,2.74889,-2.74889,-2.74889
22.85
0.39270,-2.74889,3.14159,-2.74889,-2.74889,-1.96350,-0.39270,-0.39270,3.14159,2.74889,3.14159,-2.74889,-2.74889,-2.74889,3.14159,-2.74889,2.35619,3.14159,-2.74889,-1.96350,-0.78540,1.17810,0.39270,2.35619,-2.74889,-2.74889,-1.96350,3.14159,3.14159,-2.74889,-2.74889,0.78540
25.71
1.17810,0.39270,0.39270,-2.35619,2.35619,-2.74889,0.78540,2.35619,2.74889,3.14159,-2.74889,-1.57080,-2.74889,-2.74889,0.78540,0.39270,1.17810,2.35619,-2.74889,-2.74889,0.78540,2.35619,-2.74889,3.14159,-1.96350,-1.96350,0.78540,0.00000,1.96350,-2.74889,-2.74889,-2.35619
33.74
2.74889,1.17810,2.74889,-2.74889,-2.74889,-0.39270,0.00000,1.96350,1.96350,3.14159,1.57080,0.39270,-0.78540,-1.57080,2.35619,1.57080,3.14159,3.14159,-2.74889,-0.78540,-2.74889,2.74889,-2.74889,2.74889,-2.35619,-0.78540,-0.39270,1.57080,-2.74889,1.96350,-2.74889,-0.39270
34.37
1.17810,2.35619,-2.74889,-2.74889,-2.74889,-2.35619,-0.39270,2.74889,3.14159,3.14159,-2.35619,1.57080,-2.74889,-2.74889,1.57080,1.17810,3.14159,2.74889,-2.74889,0.78540,0.78540,2.35619,-2.74889,3.14159,-2.74889,-0.39270,0.39270,2.35619,-2.74889,2.74889,-2.74889,-2.35619
43.95
0.78540,0.78540,-2.74889,-2.74889,-2.74889,-1.17810,0.78540,2.74889,3.14159,3.14159,-2.74889,-0.78540,-2.74889,-1.96350,0.78540,-0.39270,3.14159,2.74889,-2.35619,0.00000,1.17810,1.57080,-2.74889,3.14159,-2.74889,-1.57080,-0.39270,2.35619,-2.35619,2.74889,-2.74889,-1.96350
48.23
0.78540,0.78540,-2.74889,-2.74889,-2.74889,-2.35619,0.78540,1.57080,3.14159,3.14159,-2.74889,-1.57080,-2.74889,-1.17810,1.57080,-0.39270,3.14159,3.14159,-1.96350,-1.17810,1.17810,1.96350,-2.74889,3.14159,-2.74889,-0.78540,0.39270,1.57080,-2.74889,3.14159,-1.57080,-2.74889
49.87
1.57080,0.78540,-2.35619,-2.74889,-2.74889,-2.35619,0.39270,0.78540,3.14159,2.74889,-2.35619,0.00000,-1.96350,-2.35619,0.78540,1.57080,3.14159,2.74889,-1.96350,-1.57080,0.39270,1.57080,-2.74889,3.14159,-2.74889,-1.17810,-0.39270,0.39270,-2.74889,3.14159,-2.74889,-1.57080
58.56
0.78540,1.17810,1.96350,-2.74889,-2.74889,-1.96350,-0.78540,0.39270,3.14159,3.14159,-2.74889,-1.17810,-1.96350,-2.74889,-2.35619,0.78540,3.14159,3.14159,-2.74889,-0.39270,-0.78540,1.17810,1.96350,3.14159,-2.74889,-1.96350,-1.17810,1.57080,3.14159,3.14159,-2.74889,-2.74889
58.74
0.78540,2.35619,1.96350,-2.74889,-2.74889,-1.96350,0.00000,0.78540,3.14159,3.14159,-1.57080,-1.17810,-1.57080,-2.74889,-0.39270,2.35619,2.74889,3.14159,-2.74889,-1.96350,0.00000,1.17810,1.17810,3.14159,-2.74889,0.00000,-1.57080,1.57080,1.17810,2.35619,-2.74889,-2.74889
59.00
0.00000,0.39270,2.74889,-2.74889,-2.74889,-2.74889,0.00000,0.00000,1.96350,3.14159,-2.74889,-1.57080,-0.39270,-2.74889,0.00000,0.78540,2.74889,3.14159,-2.74889,-1.17810,0.00000,1.96350,3.14159,3.14159,-2.74889,-0.78540,-0.39270,3.14159,0.39270,2.74889,-2.35619,-2.74889
63.48
1.17810,1.96350,-2.74889,-2.74889,-2.74889,-0.39270,0.39270,1.57080,3.14159,3.14159,-2.74889,-1.96350,0.78540,0.39270,-2.74889,1.96350,3.14159,2.74889,-2.74889,-1.17810,1.17810,1.57080,1.57080,3.14159,-2.35619,-1.17810,0.78540,2.35619,2.35619,2.74889,-2.74889,-2.74889
63.62
-1.17810,1.57080,3.14159,-2.74889,-2.74889,-1.17810,0.39270,1.96350,2.35619,3.14159,-2.35619,-0.78540,-0.39270,0.39270,0.39270,1.17810,3.14159,3.14159,-2.74889,-1.17810,0.00000,2.35619,3.14159,2.74889,-2.74889,-1.57080,0.00000,3.14159,-2.74889,3.14159,-2.35619,-2.74889
65.86
0.00000,0.00000,3.14159,3.14159,-2.74889,-0.78540,-0.39270,1.57080,2.35619,3.14159,-2.74889,-1.96350,-0.39270,-2.35619,1.17810,-2.35619,3.14159,3.14159,-2.74889,-0.78540,0.00000,1.57080,3.14159,3.14159,-1.96350,-0.78540,0.00000,2.74889,2.74889,2.74889,-2.74889,-2.74889
66.14
-0.39270,1.17810,3.14159,2.74889,-2.74889,-1.96350,0.00000,0.78540,2.35619,3.14159,-2.74889,-1.57080,0.00000,-2.74889,-0.39270,-1.96350,3.14159,3.14159,-2.74889,-1.17810,-0.39270,1.17810,3.14159,3.14159,-2.74889,-1.17810,-0.39270,2.35619,1.96350,2.35619,-2.74889,-2.74889
68.12
0.78540,1.57080,3.14159,-2.74889,-2.74889,-1.17810,0.78540,1.57080,2.35619,3.14159,-1.96350,-0.78540,0.00000,-2.74889,-1.17810,1.17810,3.14159,3.14159,-2.74889,-0.39270,-0.78540,1.96350,3.14159,3.14159,-1.96350,-0.39270,0.00000,2.35619,1.17810,3.14159,-2.74889,-2.74889
69.43
0.78540,1.17810,3.14159,-2.74889,-2.74889,-1.57080,0.00000,1.57080,3.14159,3.14159,-1.17810,-1.57080,0.39270,-0.39270,0.78540,0.39270,3.14159,3.14159,-2.74889,-1.17810,0.00000,1.57080,3.14159,3.14159,-2.74889,-1.17810,0.00000,2.74889,0.78540,3.14159,-2.74889,-2.74889
71.11
0.78540,1.17810,2.74889,-2.74889,-2.74889,-1.57080,0.39270,1.17810,3.14159,3.14159,-1.96350,-1.96350,-1.17810,-2.35619,0.00000,1.57080,3.14159,3.14159,-2.74889,-1.57080,-0.39270,0.78540,2.74889,3.14159,-2.74889,-0.78540,0.39270,2.35619,2.35619,2.74889,-2.74889,-2.74889
75.11
0.00000,1.17810,3.14159,-2.74889,-2.74889,-1.17810,0.39270,1.17810,2.74889,3.14159,-2.35619,-0.78540,-0.39270,-2.74889,0.78540,1.17810,2.35619,3.14159,-2.74889,-0.39270,-0.78540,1.17810,3.14159,3.14159,-2.35619,-0.78540,-0.39270,2.35619,2.35619,1.96350,-2.74889,-2.74889
77.72
1.17810,0.78540,2.35619,-2.74889,-2.74889,-1.17810,0.00000,1.17810,3.14159,3.14159,-1.96350,-1.17810,0.00000,0.39270,-0.78540,2.35619,3.14159,3.14159,-2.74889,-1.57080,0.39270,0.78540,3.14159,3.14159,-2.35619,-0.78540,-0.78540,1.57080,1.57080,2.35619,-2.35619,-2.74889
78.77
0.78540,0.78540,3.14159,-2.74889,-1.96350,-1.17810,0.39270,1.17810,3.14159,3.14159,-2.35619,-1.17810,0.39270,-2.74889,0.78540,1.17810,3.14159,3.14159,-2.74889,-0.39270,0.00000,0.78540,3.14159,-2.74889,-2.35619,-1.17810,0.39270,1.17810,2.74889,2.74889,-2.74889,-2.74889
81.27
0.39270,1.17810,3.14159,-2.74889,-1.57080,-0.78540,0.78540,1.17810,3.14159,3.14159,-1.17810,-0.78540,-0.39270,1.17810,0.00000,2.35619,3.14159,3.14159,-2.74889,-1.17810,0.39270,1.57080,3.14159,-2.74889,-1.96350,-1.17810,0.78540,2.74889,2.35619,2.35619,-2.74889,-2.74889
82.95
0.78540,1.57080,3.14159,-2.74889,-1.17810,-1.17810,0.00000,1.57080,3.14159,3.14159,-2.35619,-0.78540,-0.39270,0.78540,0.00000,2.35619,3.14159,3.14159,-2.74889,-0.39270,0.78540,1.17810,3.14159,-2.74889,-1.57080,-0.78540,0.78540,1.96350,2.74889,1.96350,-2.74889,-2.74889
83.74
1.17810,1.57080,3.14159,-2.74889,-0.78540,-0.39270,0.39270,1.57080,3.14159,3.14159,-1.57080,-0.39270,0.00000,1.17810,0.39270,1.96350,3.14159,3.14159,-2.74889,-0.39270,0.39270,1.57080,3.14159,-2.74889,-1.57080,-0.78540,0.78540,2.74889,1.57080,2.74889,-2.74889,-2.74889
85.72
1.17810,1.57080,3.14159,-2.74889,-1.57080,-0.78540,0.00000,1.57080,3.14159,3.14159,-2.35619,-0.39270,-0.39270,0.00000,0.39270,1.17810,3.14159,3.14159,-2.74889,-0.39270,0.39270,1.96350,3.14159,-2.74889,-1.57080,-0.78540,0.39270,1.57080,1.96350,2.74889,-2.74889,-1.57080
86.24
0.00000,1.57080,3.14159,-2.74889,-1.96350,-0.78540,0.78540,1.57080,3.14159,3.14159,-2.35619,-1.17810,-0.39270,0.39270,0.39270,1.96350,3.14159,3.14159,-2.74889,-0.78540,0.39270,1.57080,3.14159,-2.74889,-1.57080,-0.78540,0.39270,2.35619,2.35619,3.14159,-2.74889,-2.74889
86.25
0.00000,1.96350,3.14159,-2.74889,-2.35619,-0.78540,0.39270,1.96350,2.74889,3.14159,-1.96350,-0.78540,0.00000,1.57080,0.39270,1.96350,2.74889,3.14159,-2.74889,-0.78540,0.78540,1.57080,3.14159,-2.74889,-1.96350,-1.17810,0.39270,1.96350,1.96350,3.14159,-2.74889,-2.74889
87.20
0.78540,0.78540,3.14159,-2.74889,-1.96350,-0.78540,0.00000,1.57080,2.74889,3.14159,-1.96350,-0.78540,0.39270,1.17810,1.17810,1.57080,3.14159,3.14159,-2.74889,-0.39270,0.39270,1.17810,3.14159,-2.74889,-1.96350,-1.17810,0.78540,2.35619,1.96350,3.14159,-2.74889,-2.35619
87.20
1.17810,1.96350,3.14159,-2.74889,-2.35619,-0.78540,0.39270,0.78540,2.74889,3.14159,-1.57080,0.00000,0.00000,0.78540,0.78540,1.57080,3.14159,3.14159,-2.35619,-0.39270,0.39270,1.57080,3.14159,-2.74889,-1.57080,-0.78540,1.17810,1.17810,2.74889,2.74889,-2.74889,-2.35619
87.70
-0.39270,1.57080,3.14159,-2.74889,-1.96350,-0.78540,0.00000,1.57080,2.35619,3.14159,-1.96350,-0.78540,-0.39270,0.00000,0.39270,1.57080,3.14159,3.14159,-2.74889,-0.39270,0.39270,1.17810,3.14159,-2.74889,-1.96350,-0.78540,0.78540,1.96350,1.57080,3.14159,-2.74889,-2.74889
88.24
0.00000,1.96350,3.14159,-2.74889,-1.57080,-0.39270,0.78540,1.17810,3.14159,3.14159,-1.57080,-0.78540,0.00000,1.96350,0.78540,1.96350,3.14159,3.14159,-1.57080,-0.39270,0.78540,2.35619,3.14159,-2.74889,-1.17810,-1.17810,0.78540,1.96350,1.96350,3.14159,-2.74889,-2.74889
90.80
0.78540,1.17810,3.14159,-2.74889,-2.35619,-0.78540,0.78540,1.57080,2.74889,3.14159,-1.96350,-1.17810,0.00000,1.17810,0.39270,1.96350,3.14159,3.14159,-1.57080,-0.39270,0.39270,1.57080,3.14159,-2.74889,-1.96350,-0.78540,0.39270,2.35619,2.74889,2.74889,-2.74889,-2.74889
91.47
1.17810,1.57080,3.14159,-2.74889,-2.35619,-0.78540,0.78540,1.57080,2.74889,3.14159,-1.96350,-0.78540,0.00000,1.17810,1.17810,1.96350,3.14159,3.14159,-1.96350,-0.78540,0.39270,1.57080,3.14159,-2.74889,-1.57080,-1.17810,0.39270,2.35619,2.35619,2.74889,-2.74889,-2.35619
93.41
0.78540,0.78540,3.14159,-2.74889,-1.57080,-0.39270,0.39270,1.17810,2.35619,3.14159,-1.57080,-1.17810,0.00000,1.17810,0.78540,1.96350,3.14159,3.14159,-1.96350,-0.78540,0.39270,1.57080,3.14159,-2.74889,-1.57080,-0.78540,0.00000,1.57080,1.57080,3.14159,-2.74889,-2.74889
93.80
0.39270,1.57080,3.14159,-2.74889,-1.96350,-0.78540,0.00000,1.17810,2.74889,3.14159,-2.35619,-0.78540,0.39270,0.78540,1.17810,1.96350,3.14159,3.14159,-1.96350,-0.39270,0.39270,1.57080,3.14159,-2.74889,-1.96350,-0.39270,0.00000,1.17810,2.35619,3.14159,-2.74889,-2.74889
94.49
0.39270,1.96350,3.14159,-2.74889,-1.57080,-0.39270,0.78540,1.57080,2.74889,3.14159,-1.96350,-0.78540,0.00000,0.39270,0.78540,1.96350,3.14159,3.14159,-1.57080,-0.78540,0.39270,1.57080,3.14159,-2.74889,-1.57080,-0.39270,0.78540,1.96350,2.74889,3.14159,-2.74889,-2.74889
95.61
0.39270,1.17810,3.14159,-2.74889,-1.96350,-0.39270,0.39270,1.57080,2.74889,3.14159,-1.57080,-0.78540,0.39270,0.39270,0.78540,1.57080,3.14159,3.14159,-1.57080,-0.78540,0.78540,1.57080,3.14159,-2.74889,-1.57080,-0.39270,0.39270,1.57080,2.35619,3.14159,-2.74889,-2.74889
96.55
0.78540,1.57080,3.14159,-2.74889,-1.57080,-0.39270,0.39270,1.57080,2.74889,3.14159,-1.57080,-0.78540,0.39270,0.78540,1.96350,1.96350,3.14159,3.14159,-1.57080,-0.39270,0.39270,1.57080,3.14159,-2.74889,-1.57080,-0.39270,0.39270,1.57080,2.74889,3.14159,-2.74889,-2.74889
96.74
0.39270,1.57080,3.14159,-2.74889,-1.57080,-0.39270,0.39270,1.57080,2.74889,3.14159,-1.96350,-0.78540,0.00000,0.78540,1.17810,1.96350,3.14159,3.14159,-1.96350,-0.39270,0.39270,1.57080,3.14159,-2.74889,-1.57080,-0.39270,0.39270,1.57080,2.35619,3.14159,-2.74889,-2.74889
96.79
0.78540,1.57080,3.14159,-2.74889,-1.57080,-0.39270,0.39270,1.57080,2.74889,3.14159,-1.96350,-0.78540,0.00000,0.78540,1.57080,1.57080,3.14159,3.14159,-1.57080,-0.39270,0.78540,1.57080,3.14159,-2.74889,-1.57080,-0.39270,0.39270,1.57080,2.35619,3.14159,-2.74889,-2.74889
96.88
0.78540,1.17810,3.14159,-2.74889,-1.57080,-0.78540,0.39270,1.57080,2.74889,3.14159,-1.57080,-0.78540,0.39270,0.78540,1.57080,1.96350,3.14159,3.14159,-1.57080,-0.78540,0.39270,1.57080,3.14159,-2.74889,-1.57080,-0.39270,0.39270,1.57080,2.35619,3.14159,-2.74889,-2.74889
97.10
0.78540,1.57080,3.14159,-2.74889,-1.57080,-0.39270,0.39270,1.57080,2.74889,3.14159,-1.57080,-0.78540,0.00000,0.78540,1.17810,1.96350,3.14159,3.14159,-1.57080,-0.78540,0.39270,1.57080,3.14159,-2.74889,-1.57080,-0.39270,0.39270,1.17810,1.96350,3.14159,-2.74889,-2.74889
97.10
0.78540,1.57080,3.14159,-2.74889,-1.57080,-0.78540,0.39270,1.57080,2.74889,3.14159,-1.57080,-0.78540,0.00000,0.78540,1.57080,1.96350,3.14159,3.14159,-1.57080,-0.78540,0.39270,1.57080,3.14159,-2.74889,-1.57080,-0.39270,0.39270,1.17810,2.35619,3.14159,-2.74889,-2.74889
97.34
0.78540,1.57080,3.14159,-2.74889,-1.57080,-0.78540,0.39270,1.57080,2.74889,3.14159,-1.57080,-0.78540,0.39270,0.78540,1.17810,1.96350,3.14159,3.14159,-1.57080,-0.39270,0.39270,1.57080,3.14159,-2.74889,-1.57080,-0.39270,0.39270,1.17810,2.35619,3.14159,-2.74889,-2.74889
97.45
0.39270,1.57080,3.14159,-2.74889,-1.57080,-0.78540,0.39270,1.57080,2.74889,3.14159,-1.57080,-0.78540,0.00000,0.78540,1.17810,1.96350,3.14159,3.14159,-1.57080,-0.39270,0.39270,1.57080,3.14159,-2.74889,-1.57080,-0.78540,0.39270,1.57080,1.96350,3.14159,-2.74889,-2.74889
97.45
0.78540,1.57080,3.14159,-2.74889,-1.57080,-0.78540,0.39270,1.57080,2.74889,3.14159,-1.57080,-0.78540,0.00000,0.78540,1.17810,1.96350,3.14159,3.14159,-1.57080,-0.39270,0.39270,1.57080,3.14159,-2.74889,-1.57080,-0.78540,0.39270,1.57080,2.35619,3.14159,-2.74889,-2.74889
97.50
0.78540,1.57080,3.14159,-2.74889,-1.57080,-0.78540,0.39270,1.57080,2.35619,3.14159,-1.57080,-0.78540,0.00000,0.78540,1.17810,1.96350,3.14159,3.14159,-1.57080,-0.78540,0.39270,1.57080,3.14159,-2.74889,-1.57080,-0.39270,0.39270,1.57080,2.35619,2.74889,-2.74889,-2.74889
97.56
0.39270,1.57080,3.14159,-2.74889,-1.57080,-0.78540,0.39270,1.57080,2.74889,3.14159,-1.57080,-0.78540,0.00000,0.78540,1.17810,1.57080,3.14159,3.14159,-1.57080,-0.78540,0.39270,1.57080,3.14159,-2.74889,-1.57080,-0.39270,0.39270,1.57080,2.35619,2.74889,-2.74889,-2.74889
97.61
0.78540,1.57080,3.14159,-2.74889,-1.57080,-0.39270,0.39270,1.57080,2.74889,3.14159,-1.57080,-0.78540,0.00000,0.78540,1.17810,1.96350,3.14159,3.14159,-1.57080,-0.39270,0.39270,1.57080,3.14159,-2.74889,-1.57080,-0.78540,0.39270,1.57080,2.35619,2.74889,-2.74889,-2.74889
97.62
0.78540,1.57080,3.14159,-2.74889,-1.57080,-0.78540,0.39270,1.57080,2.74889,3.14159,-1.57080,-0.78540,0.39270,0.78540,1.17810,1.96350,3.14159,3.14159,-1.57080,-0.39270,0.39270,1.57080,3.14159,-2.74889,-1.57080,-0.78540,0.39270,1.57080,2.35619,2.74889,-2.74889,-2.74889
97.68
0.78540,1.57080,3.14159,-2.74889,-1.57080,-0.78540,0.39270,1.57080,2.74889,3.14159,-1.57080,-0.78540,0.00000,0.78540,1.17810,1.96350,3.14159,3.14159,-1.57080,-0.39270,0.39270,1.57080,3.14159,-2.74889,-1.57080,-0.78540,0.39270,1.57080,2.35619,2.74889,-2.74889,-2.74889
97.68
0.39270,1.57080,3.14159,-2.74889,-1.57080,-0.78540,0.39270,1.57080,2.74889,3.14159,-1.57080,-0.78540,0.39270,0.78540,1.17810,1.96350,3.14159,3.14159,-1.57080,-0.39270,0.39270,1.57080,3.14159,-2.74889,-1.57080,-0.78540,0.39270,1.57080,2.35619,2.74889,-2.74889,-2.74889
97.71
0.78540,1.57080,3.14159,-2.74889,-1.57080,-0.78540,0.39270,1.57080,2.74889,3.14159,-1.57080,-0.78540,0.39270,0.78540,1.17810,1.96350,3.14159,3.14159,-1.57080,-0.39270,0.39270,1.57080,3.14159,-2.74889,-1.57080,-0.39270,0.39270,1.57080,2.35619,2.74889,-2.74889,-2.74889
97.92
0.00000,1.57080,2.35619,-2.74889,-1.96350,-0.39270,0.00000,0.78540,2.35619,3.14159,-1.96350,-1.17810,0.00000,0.39270,1.17810,1.57080,2.74889,3.14159,-1.57080,-0.78540,0.00000,1.57080,2.74889,-2.74889,-1.96350,-0.78540,0.00000,1.17810,1.57080,2.35619,-2.74889,-2.74889
98.07
0.78540,1.57080,2.74889,-2.74889,-1.57080,-0.78540,0.39270,1.57080,2.74889,3.14159,-1.57080,-0.78540,0.00000,0.78540,1.17810,1.57080,3.14159,3.14159,-1.57080,-0.78540,0.39270,1.57080,3.14159,-2.35619,-1.57080,-0.39270,0.39270,1.57080,2.35619,3.14159,-2.74889,-2.74889
98.11
0.78540,1.57080,2.74889,-2.74889,-1.57080,-0.39270,0.39270,1.57080,2.74889,3.14159,-1.57080,-0.78540,0.00000,0.78540,0.78540,1.96350,3.14159,3.14159,-1.57080,-0.39270,0.39270,1.57080,3.14159,-2.35619,-1.57080,-0.39270,0.39270,1.57080,2.35619,3.14159,-2.74889,-2.74889
98.12
0.78540,1.57080,2.74889,-2.74889,-1.57080,-0.78540,0.39270,1.57080,2.74889,3.14159,-1.57080,-0.39270,0.00000,0.78540,1.17810,1.96350,3.14159,3.14159,-1.57080,-0.39270,0.39270,1.57080,3.14159,-2.35619,-1.57080,-0.39270,0.39270,1.57080,2.35619,3.14159,-2.74889,-2.74889
98.19
0.78540,1.57080,2.74889,-2.74889,-1.57080,-0.78540,0.39270,1.57080,2.35619,3.14159,-1.57080,-0.78540,0.00000,0.78540,1.17810,1.96350,3.14159,3.14159,-1.57080,-0.39270,0.39270,1.57080,3.14159,-2.35619,-1.57080,-0.39270,0.39270,1.57080,2.35619,3.14159,-2.74889,-2.74889
98.23
0.78540,1.57080,2.74889,-2.74889,-1.57080,-0.39270,0.39270,1.57080,2.35619,3.14159,-1.57080,-0.78540,0.00000,0.78540,1.17810,1.96350,3.14159,3.14159,-1.57080,-0.39270,0.39270,1.57080,3.14159,-2.74889,-1.57080,-0.39270,0.39270,1.57080,2.35619,3.14159,-2.74889,-2.74889
98.25
0.39270,1.57080,3.14159,-2.74889,-1.57080,-0.78540,0.39270,1.57080,2.74889,3.14159,-1.57080,-0.78540,0.00000,0.78540,1.17810,1.96350,3.14159,3.14159,-1.57080,-0.78540,0.39270,1.57080,2.74889,-2.74889,-1.57080,-0.78540,0.39270,0.78540,2.35619,3.14159,-2.74889,-1.96350
98.69
0.78540,1.57080,2.74889,-2.74889,-1.57080,-0.78540,0.39270,1.57080,2.74889,3.14159,-1.96350,-0.78540,0.00000,0.39270,1.17810,1.57080,3.14159,-2.74889,-1.57080,-0.39270,0.39270,1.57080,3.14159,-2.74889,-1.57080,-0.39270,0.39270,1.57080,2.74889,2.74889,-2.74889,-2.74889
98.94
0.78540,1.17810,2.74889,-2.74889,-1.57080,-0.78540,0.39270,1.17810,2.35619,3.14159,-1.57080,-0.78540,0.00000,0.78540,1.17810,2.35619,3.14159,-2.74889,-1.17810,-0.78540,0.39270,1.57080,2.35619,-2.74889,-1.57080,-0.78540,0.39270,1.17810,1.96350,2.74889,-2.74889,-2.74889
99.31
0.78540,1.57080,2.35619,-2.74889,-1.57080,-0.78540,0.39270,1.17810,2.35619,3.14159,-1.96350,-0.78540,-0.39270,0.78540,1.57080,1.96350,3.14159,-2.74889,-1.57080,-0.39270,0.39270,1.17810,2.35619,-2.74889,-1.57080,-0.78540,0.39270,1.57080,2.35619,2.74889,-2.74889,-2.74889
99.39
0.78540,1.57080,2.74889,-2.74889,-1.57080,-0.78540,0.39270,1.17810,2.35619,3.14159,-1.96350,-0.78540,0.00000,0.78540,1.17810,1.96350,2.74889,-2.74889,-1.17810,-0.78540,0.39270,1.17810,2.35619,-2.74889,-1.57080,-0.39270,0.39270,1.57080,2.35619,2.74889,-2.74889,-2.74889
99.73
0.39270,1.57080,2.74889,-2.74889,-1.57080,-0.78540,0.39270,1.17810,2.35619,3.14159,-1.57080,-0.78540,-0.39270,0.39270,1.17810,1.96350,2.74889,-2.74889,-1.57080,-0.78540,0.39270,1.57080,2.74889,-2.74889,-1.57080,-0.39270,0.00000,1.17810,2.35619,2.35619,-2.74889,-2.74889
99.84
0.39270,1.57080,2.74889,-2.74889,-1.57080,-0.78540,0.39270,1.17810,2.35619,3.14159,-1.57080,-0.78540,0.00000,0.39270,1.17810,1.96350,2.35619,-2.74889,-1.57080,-0.39270,0.39270,1.17810,2.74889,-2.74889,-1.57080,-0.78540,0.39270,1.57080,2.35619,2.74889,-2.74889,-2.74889
100.07
0.39270,1.57080,2.35619,-2.74889,-1.57080,-0.78540,0.39270,1.57080,2.35619,3.14159,-1.57080,-0.78540,0.00000,0.78540,1.17810,1.96350,3.14159,-2.74889,-1.57080,-0.39270,0.00000,1.57080,2.74889,-2.74889,-1.57080,-0.78540,0.39270,1.57080,2.35619,2.74889,-2.74889,-2.74889
100.14
0.39270,1.57080,2.35619,-2.74889,-1.57080,-0.78540,0.39270,1.57080,2.35619,3.14159,-1.96350,-0.78540,0.00000,0.78540,1.17810,1.96350,3.14159,-2.74889,-1.57080,-0.39270,0.00000,1.57080,2.74889,-2.74889,-1.57080,-0.78540,0.39270,1.57080,1.96350,2.74889,-2.74889,-2.74889
100.94
0.39270,1.57080,2.35619,-2.74889,-1.57080,-0.78540,0.39270,1.57080,2.35619,3.14159,-1.96350,-0.78540,0.00000,0.78540,1.17810,1.96350,3.14159,-2.74889,-1.57080,-0.39270,0.39270,1.57080,2.74889,-2.74889,-1.57080,-0.78540,0.39270,1.57080,2.35619,2.74889,-2.74889,-2.74889
100.96
0.39270,1.57080,2.35619,-2.74889,-1.57080,-0.78540,0.39270,1.57080,2.35619,3.14159,-1.96350,-0.78540,0.00000,0.78540,1.17810,1.96350,3.14159,-2.74889,-1.57080,-0.39270,0.39270,1.57080,2.74889,-2.74889,-1.57080,-0.78540,0.39270,1.57080,1.96350,2.74889,-2.74889,-2.74889
100.97
0.39270,1.57080,2.35619,-2.74889,-1.57080,-0.78540,0.39270,1.57080,2.74889,3.14159,-1.96350,-0.78540,0.00000,0.78540,1.17810,1.57080,3.14159,-2.74889,-1.57080,-0.78540,0.39270,1.57080,2.74889,-2.74889,-1.57080,-0.78540,0.39270,1.57080,1.96350,2.74889,-2.74889,-2.74889
101.05
0.39270,1.57080,2.35619,-2.74889,-1.57080,-0.78540,0.39270,1.57080,2.35619,3.14159,-1.96350,-0.78540,0.00000,0.78540,1.17810,1.57080,3.14159,-2.74889,-1.57080,-0.78540,0.39270,1.57080,2.74889,-2.74889,-1.57080,-0.78540,0.39270,1.57080,2.35619,2.74889,-2.74889,-2.74889
101.10
0.39270,1.57080,2.35619,-2.74889,-1.57080,-0.78540,0.39270,1.57080,2.35619,3.14159,-1.96350,-0.78540,0.00000,0.78540,1.17810,1.96350,3.14159,-2.74889,-1.57080,-0.78540,0.39270,1.57080,2.35619,-2.74889,-1.57080,-0.78540,0.39270,1.57080,1.96350,2.74889,-2.74889,-2.74889
101.12
0.39270,1.57080,2.35619,-2.74889,-1.57080,-0.78540,0.39270,1.57080,2.35619,3.14159,-1.96350,-0.78540,0.00000,0.78540,1.17810,1.96350,3.14159,-2.74889,-1.57080,-0.78540,0.39270,1.57080,2.74889,-2.74889,-1.57080,-0.78540,0.39270,1.57080,1.96350,2.74889,-2.74889,-2.74889
101.17
0.39270,1.57080,2.35619,-2.74889,-1.57080,-0.78540,0.39270,1.57080,2.35619,3.14159,-1.57080,-0.78540,0.00000,0.78540,0.78540,1.96350,2.74889,-2.74889,-1.57080,-0.39270,0.39270,1.57080,2.74889,-2.74889,-1.57080,-0.78540,0.39270,1.57080,2.35619,2.74889,-2.74889,-2.74889
101.25
0.78540,1.57080,2.35619,-2.74889,-1.57080,-0.78540,0.39270,1.57080,2.74889,3.14159,-1.96350,-0.78540,0.00000,0.78540,1.17810,1.96350,2.74889,-2.74889,-1.57080,-0.78540,0.39270,1.57080,2.74889,-2.74889,-1.57080,-0.78540,0.39270,1.57080,2.35619,2.74889,-2.74889,-2.74889
101.36
0.39270,1.57080,2.35619,-2.74889,-1.57080,-0.78540,0.39270,1.57080,2.35619,3.14159,-1.57080,-0.78540,0.00000,0.78540,1.17810,1.96350,2.74889,-2.74889,-1.57080,-0.39270,0.39270,1.57080,2.74889,-2.74889,-1.57080,-0.78540,0.39270,1.57080,2.35619,2.74889,-2.74889,-2.74889
101.52
0.39270,1.57080,2.35619,-2.74889,-1.57080,-0.78540,0.39270,1.57080,2.35619,3.14159,-1.57080,-0.78540,0.00000,0.78540,1.17810,1.96350,2.74889,-2.74889,-1.57080,-0.78540,0.39270,1.57080,2.74889,-2.74889,-1.57080,-0.78540,0.39270,1.17810,2.35619,2.74889,-2.74889,-2.74889
101.53
0.39270,1.57080,2.35619,-2.74889,-1.57080,-0.78540,0.39270,1.57080,2.35619,3.14159,-1.57080,-0.78540,0.00000,0.78540,1.17810,1.96350,2.74889,-2.74889,-1.57080,-0.78540,0.39270,1.57080,2.74889,-2.74889,-1.57080,-0.78540,0.39270,1.57080,1.96350,2.74889,-2.74889,-2.74889
101.60
0.39270,1.57080,2.35619,-2.74889,-1.57080,-0.78540,0.39270,1.57080,2.35619,3.14159,-1.96350,-0.78540,0.00000,0.78540,1.17810,1.96350,2.74889,-2.74889,-1.57080,-0.78540,0.39270,1.57080,2.74889,-2.74889,-1.57080,-0.78540,0.39270,1.17810,2.35619,2.74889,-2.74889,-2.74889
101.61
0.39270,1.57080,2.35619,-2.74889,-1.57080,-0.78540,0.39270,1.57080,2.35619,3.14159,-1.96350,-0.78540,0.00000,0.78540,1.17810,1.96350,2.74889,-2.74889,-1.57080,-0.78540,0.39270,1.57080,2.74889,-2.74889,-1.57080,-0.78540,0.39270,1.57080,1.96350,2.74889,-2.74889,-2.74889
101.62
0.39270,1.57080,2.35619,-2.74889,-1.96350,-0.78540,0.39270,1.57080,2.35619,3.14159,-1.96350,-0.78540,0.00000,0.78540,1.17810,1.57080,2.35619,-2.74889,-1.57080,-0.78540,0.39270,1.57080,2.74889,-2.74889,-1.96350,-0.78540,0.39270,1.17810,2.35619,2.74889,-2.74889,-2.35619
101.67
0.39270,1.57080,2.35619,-2.74889,-1.57080,-0.78540,0.39270,1.57080,2.35619,3.14159,-1.96350,-0.78540,0.00000,0.78540,1.17810,1.57080,2.74889,-2.74889,-1.57080,-0.78540,0.39270,1.57080,2.74889,-2.74889,-1.57080,-0.78540,0.39270,1.17810,1.96350,2.74889,-2.74889,-2.74889
101.79
0.39270,1.57080,2.35619,-2.74889,-1.57080,-0.78540,0.39270,1.57080,2.35619,3.14159,-1.96350,-0.78540,0.00000,0.78540,1.17810,1.96350,2.35619,-2.74889,-1.57080,-0.78540,0.39270,1.57080,2.35619,-2.74889,-1.57080,-0.78540,0.39270,1.17810,2.35619,2.74889,-2.74889,-2.35619
102.07
0.39270,1.57080,2.35619,-2.74889,-1.96350,-0.78540,0.39270,1.57080,2.35619,3.14159,-1.96350,-0.78540,0.00000,0.78540,1.17810,1.96350,2.74889,-2.74889,-1.57080,-0.78540,0.39270,1.57080,2.35619,-2.74889,-1.57080,-0.78540,0.39270,1.17810,2.35619,2.74889,-2.74889,-2.35619
102.17
0.39270,1.57080,2.35619,-2.74889,-1.57080,-0.78540,0.39270,1.57080,2.35619,3.14159,-1.96350,-0.78540,0.00000,0.78540,1.17810,1.96350,2.74889,-2.74889,-1.57080,-0.78540,0.39270,1.57080,2.35619,-2.74889,-1.57080,-0.78540,0.39270,1.17810,1.96350,2.74889,-2.74889,-2.35619
102.18
0.39270,1.57080,2.35619,-2.74889,-1.96350,-0.78540,0.39270,1.57080,2.35619,3.14159,-1.96350,-0.78540,0.00000,0.78540,1.17810,1.96350,2.74889,-2.74889,-1.57080,-0.78540,0.39270,1.57080,2.35619,-2.74889,-1.57080,-0.78540,0.39270,1.17810,1.96350,2.74889,-2.74889,-2.35619
102.19
0.39270,1.57080,2.35619,-2.74889,-1.96350,-0.78540,0.39270,1.17810,2.35619,3.14159,-1.96350,-0.78540,0.00000,0.78540,1.17810,1.57080,2.74889,-2.74889,-1.57080,-0.78540,0.39270,1.57080,2.35619,-2.74889,-1.96350,-0.78540,0.39270,1.17810,1.96350,2.74889,-2.74889,-2.35619
102.22
0.39270,1.57080,2.35619,-2.74889,-1.96350,-0.78540,0.39270,1.57080,2.35619,3.14159,-1.96350,-0.78540,0.00000,0.78540,1.17810,1.57080,2.74889,-2.74889,-1.57080,-0.78540,0.39270,1.57080,2.35619,-2.74889,-1.57080,-0.78540,0.39270,1.17810,1.96350,2.74889,-2.74889,-2.35619
102.29
0.39270,1.17810,2.35619,-2.74889,-1.96350,-0.78540,0.39270,1.17810,2.35619,3.14159,-1.96350,-0.78540,0.00000,0.78540,1.17810,1.57080,2.74889,-2.74889,-1.57080,-0.78540,0.39270,1.57080,2.35619,-2.74889,-1.57080,-0.78540,0.39270,1.17810,1.96350,2.74889,-2.74889,-2.35619
