1.10
0.00000,0.00000,0.00000,0.00000,0.00000,0.00000,0.00000,0.00000,0.00000,0.00000,0.00000,0.00000,0.00000,0.00000,0.00000,0.00000,0.00000,0.00000,0.00000,0.00000,0.00000,0.00000,0.00000,0.00000,0.00000,0.00000,0.00000,0.00000,0.00000,0.00000,0.00000,0.00000
3.94
0.78540,0.39270,0.00000,-0.78540,0.00000,-0.78540,1.17810,-1.17810,1.57080,0.00000,1.57080,0.39270,0.78540,-0.78540,-1.17810,0.78540,-0.39270,0.39270,-0.78540,-1.96350,-1.57080,-1.57080,-0.39270,1.57080,-0.39270,-0.78540,-0.39270,-0.78540,1.17810,0.78540,-1.96350,0.78540
4.90
0.00000,0.78540,0.39270,0.00000,-0.39270,0.78540,2.35619,-0.78540,0.00000,-0.78540,1.57080,0.78540,0.78540,0.39270,0.39270,-0.78540,-0.78540,0.39270,-1.17810,-1.17810,-2.35619,1.17810,0.00000,1.17810,-1.96350,-0.39270,3.14159,-0.78540,0.78540,0.39270,-0.78540,1.17810
6.11
0.39270,3.14159,1.17810,0.39270,-1.17810,-0.39270,1.17810,0.00000,-1.17810,0.00000,0.39270,1.57080,1.96350,0.78540,-1.96350,1.17810,-1.57080,-2.74889,0.78540,-0.39270,1.17810,-1.17810,-0.39270,2.35619,0.39270,0.00000,2.74889,-1.17810,0.78540,-1.17810,-0.78540,1.17810
6.61
1.96350,1.96350,1.96350,-1.57080,-1.57080,1.17810,1.96350,-1.96350,-1.17810,-1.96350,1.96350,1.96350,1.96350,1.57080,-1.57080,1.96350,-1.96350,-1.17810,-1.57080,-1.96350,-1.96350,-1.57080,0.78540,1.96350,-1.96350,-1.96350,1.96350,-1.96350,1.96350,1.17810,-1.96350,1.96350
8.85
0.00000,3.14159,3.14159,-1.96350,-2.74889,3.14159,3.14159,-1.57080,-1.96350,-1.57080,-0.39270,2.35619,3.14159,1.96350,-2.74889,1.96350,-1.17810,-1.57080,0.39270,-2.74889,-2.74889,-2.74889,2.74889,0.39270,-2.74889,-2.74889,3.14159,-2.74889,1.57080,3.14159,-2.74889,1.17810
13.41
3.14159,2.74889,3.14159,-2.74889,1.17810,1.57080,3.14159,-2.74889,3.14159,-1.17810,2.35619,0.78540,2.74889,3.14159,-2.74889,3.14159,-2.74889,-1.17810,-2.74889,-2.74889,-2.74889,-2.74889,0.39270,1.96350,-2.35619,-2.74889,1.17810,-1.17810,-0.39270,0.39270,-2.74889,3.14159
16.66
1.17810,3.14159,3.14159,-2.74889,0.00000,2.74889,3.14159,-2.74889,3.14159,-0.78540,1.96350,1.57080,1.96350,3.14159,-2.74889,3.14159,0.00000,-2.74889,-2.74889,-2.74889,-2.74889,-2.74889,0.39270,1.57080,-2.74889,-2.74889,0.39270,-1.17810,0.78540,0.00000,-2.74889,3.14159
17.99
2.74889,2.74889,-0.78540,2.74889,0.00000,2.35619,2.74889,-2.35619,2.74889,2.74889,2.74889,1.57080,1.96350,-1.96350,0.39270,-0.78540,0.78540,2.35619,0.78540,-2.74889,-1.57080,-1.57080,0.00000,2.35619,-2.74889,-2.74889,-2.74889,1.96350,0.39270,-1.96350,0.39270,1.96350
21.77
2.74889,3.14159,-0.78540,2.74889,0.00000,2.35619,2.74889,-2.35619,2.74889,2.74889,2.74889,1.17810,1.57080,-1.96350,1.17810,-1.17810,0.78540,2.35619,1.57080,-2.74889,-1.17810,-1.17810,-0.39270,2.35619,-2.74889,-2.74889,-2.35619,0.78540,0.00000,-0.78540,0.78540,1.57080
25.22
3.14159,0.78540,0.39270,2.35619,1.57080,3.14159,3.14159,0.39270,0.78540,3.14159,3.14159,-2.74889,3.14159,-1.17810,3.14159,-1.17810,1.17810,0.00000,3.14159,-2.74889,-0.39270,0.78540,3.14159,3.14159,-2.74889,-2.74889,-1.96350,1.57080,2.74889,-2.74889,2.74889,-1.57080
32.39
2.35619,-1.17810,2.35619,0.00000,2.35619,-1.96350,-1.96350,-0.78540,0.39270,2.74889,3.14159,1.57080,3.14159,-2.35619,2.35619,1.57080,1.96350,2.74889,-2.74889,-2.74889,0.00000,0.00000,1.17810,2.74889,-2.74889,-0.39270,0.39270,2.35619,2.35619,-2.35619,1.17810,-2.74889
32.82
3.14159,-2.74889,-0.39270,1.57080,-2.35619,-2.74889,-1.57080,-2.74889,1.17810,3.14159,3.14159,3.14159,1.57080,3.14159,-0.39270,3.14159,3.14159,3.14159,-2.74889,-2.35619,0.39270,0.78540,2.35619,3.14159,-2.35619,-0.78540,0.39270,0.78540,3.14159,-2.74889,-2.35619,-1.57080
34.87
2.35619,-2.74889,0.78540,2.35619,3.14159,3.14159,-1.17810,-0.39270,1.17810,2.35619,2.74889,0.78540,-0.78540,-1.96350,0.78540,0.78540,1.96350,3.14159,-2.35619,-2.74889,0.39270,1.17810,1.96350,3.14159,-2.74889,-2.35619,1.17810,-0.78540,2.74889,-0.39270,-1.17810,-2.74889
44.05
-2.74889,-1.96350,-0.39270,1.17810,3.14159,3.14159,-2.74889,0.00000,0.78540,1.57080,2.35619,-1.57080,-0.39270,-2.74889,1.17810,0.78540,3.14159,3.14159,-2.74889,-2.35619,0.78540,-0.39270,1.96350,2.74889,-2.74889,-2.35619,0.78540,0.78540,1.96350,2.74889,-1.17810,-2.74889
45.88
3.14159,-0.39270,3.14159,1.96350,1.96350,2.74889,-1.96350,-1.17810,0.00000,1.17810,3.14159,3.14159,-1.96350,2.74889,-2.35619,0.78540,1.57080,3.14159,-2.74889,-0.78540,-1.17810,0.78540,2.35619,3.14159,-1.96350,-1.57080,-1.17810,0.00000,2.35619,0.78540,2.35619,-2.74889
47.30
3.14159,-1.57080,0.39270,0.78540,2.35619,3.14159,0.00000,-0.39270,-0.39270,1.57080,3.14159,3.14159,-1.57080,0.39270,-0.39270,0.78540,-0.78540,2.74889,-2.74889,-2.74889,-1.17810,0.39270,1.17810,2.74889,-2.74889,-2.35619,-2.35619,-0.39270,3.14159,2.74889,3.14159,-2.74889
48.30
3.14159,-1.17810,0.39270,0.00000,2.35619,3.14159,-2.74889,-1.17810,1.17810,1.96350,3.14159,3.14159,-1.17810,0.78540,-1.96350,0.78540,0.78540,3.14159,-2.74889,-2.74889,-0.78540,0.39270,1.96350,2.35619,-1.57080,-0.78540,0.78540,-1.17810,3.14159,-1.96350,3.14159,-2.74889
50.43
3.14159,-1.96350,0.00000,1.17810,2.74889,2.35619,-2.74889,-1.57080,0.39270,1.96350,3.14159,3.14159,-2.35619,-1.57080,0.00000,-0.78540,-0.39270,2.74889,-2.74889,-2.74889,-0.39270,0.00000,1.17810,1.17810,-2.74889,-0.78540,-1.17810,-0.39270,3.14159,-1.17810,3.14159,-2.74889
50.68
3.14159,-0.78540,1.96350,0.78540,1.17810,3.14159,-2.74889,-1.57080,1.17810,2.35619,3.14159,2.74889,-2.35619,-0.78540,-2.35619,0.78540,0.78540,3.14159,-2.74889,-2.74889,-0.39270,0.39270,1.17810,3.14159,-2.74889,-1.96350,-1.17810,0.39270,2.74889,1.17810,2.74889,-2.74889
54.77
-1.96350,-1.17810,1.57080,1.17810,2.35619,-2.74889,-2.35619,0.00000,1.57080,1.57080,3.14159,-2.74889,-0.78540,-2.74889,1.96350,-1.96350,1.57080,2.74889,-2.74889,-2.74889,-0.39270,0.39270,1.57080,2.35619,-2.35619,-1.17810,0.00000,0.00000,2.35619,-2.35619,3.14159,-1.96350
56.55
-1.17810,-1.57080,-0.39270,1.96350,2.35619,3.14159,-2.74889,-0.78540,-0.39270,0.78540,2.35619,-2.74889,-1.57080,-1.17810,0.39270,1.17810,1.96350,3.14159,-2.74889,-2.35619,0.00000,0.78540,1.57080,3.14159,-2.74889,-2.74889,-1.17810,-0.78540,0.78540,2.74889,3.14159,-2.74889
58.33
3.14159,-1.57080,1.17810,0.39270,1.96350,3.14159,-2.35619,-0.78540,0.39270,0.39270,3.14159,3.14159,-1.17810,1.17810,-2.35619,0.78540,1.17810,3.14159,-2.74889,-2.74889,-1.17810,0.00000,1.57080,3.14159,-2.74889,-1.17810,-0.78540,-0.39270,2.35619,1.17810,2.74889,-2.74889
58.63
3.14159,-1.96350,0.78540,1.57080,2.35619,3.14159,-2.74889,-1.57080,0.39270,1.96350,3.14159,3.14159,-2.35619,-0.78540,-0.39270,0.00000,1.57080,3.14159,-2.74889,-2.74889,-0.78540,-0.78540,1.17810,2.74889,-2.74889,-1.17810,-0.39270,-0.39270,1.96350,-1.17810,3.14159,-2.74889
61.04
3.14159,-1.57080,0.39270,0.78540,2.74889,3.14159,-2.74889,-1.57080,0.00000,1.96350,3.14159,3.14159,-1.96350,-0.78540,-0.39270,0.00000,1.57080,3.14159,-2.74889,-2.74889,-0.78540,-0.39270,1.96350,2.74889,-2.74889,-0.78540,-0.39270,-0.39270,1.96350,-1.57080,3.14159,-2.74889
61.21
3.14159,-1.57080,0.78540,0.39270,1.17810,3.14159,-2.74889,-0.78540,0.78540,1.96350,3.14159,2.74889,-1.57080,-1.96350,-1.17810,-0.39270,0.78540,3.14159,-2.74889,-2.74889,-0.78540,-0.39270,0.78540,3.14159,-2.74889,-1.96350,-1.57080,-0.39270,1.17810,1.57080,2.74889,-2.74889
63.45
3.14159,-1.17810,0.39270,0.39270,2.35619,3.14159,-2.74889,-1.17810,0.00000,1.96350,3.14159,-2.74889,-1.96350,-1.57080,0.00000,1.17810,1.57080,3.14159,-2.74889,-2.74889,-1.17810,0.00000,1.17810,2.74889,-2.74889,-2.35619,0.00000,0.78540,2.35619,-1.96350,3.14159,-2.74889
64.43
3.14159,-1.96350,0.39270,0.00000,2.35619,3.14159,-2.35619,-0.78540,0.39270,1.17810,3.14159,3.14159,-2.35619,-0.39270,-1.17810,-0.39270,1.96350,3.14159,-2.74889,-2.74889,-0.78540,0.39270,1.57080,2.74889,-2.74889,-2.35619,0.00000,-0.39270,2.74889,1.17810,3.14159,-2.74889
64.59
3.14159,-0.39270,-0.39270,0.39270,2.35619,3.14159,-2.74889,-1.17810,-0.39270,1.57080,3.14159,3.14159,-1.57080,-1.17810,-1.57080,0.78540,0.39270,3.14159,-2.74889,-2.74889,-0.78540,0.00000,1.57080,3.14159,-2.74889,-1.57080,-0.78540,-0.39270,2.74889,1.96350,3.14159,-2.74889
65.11
3.14159,-0.78540,0.39270,1.57080,1.96350,3.14159,-2.74889,-1.17810,0.39270,1.57080,3.14159,2.74889,-2.35619,0.00000,-1.17810,-0.39270,1.57080,3.14159,-2.74889,-2.74889,-0.78540,0.00000,1.96350,3.14159,-2.74889,-2.35619,-0.39270,0.39270,1.96350,0.78540,2.74889,-2.74889
66.69
3.14159,-1.96350,0.00000,1.57080,2.74889,3.14159,-1.96350,-0.78540,0.00000,1.17810,3.14159,-2.74889,-0.78540,-1.57080,-0.39270,-0.39270,1.96350,2.35619,-2.35619,-2.74889,-1.17810,0.78540,1.96350,2.74889,-2.74889,-2.74889,-0.39270,0.39270,0.78540,2.35619,2.74889,-2.74889
68.39
3.14159,0.00000,0.78540,1.17810,1.96350,3.14159,-2.74889,-0.78540,0.39270,1.17810,3.14159,-2.74889,-2.35619,-2.35619,0.00000,-0.39270,1.57080,2.74889,-2.74889,-2.74889,-0.78540,0.39270,1.57080,3.14159,-2.74889,-1.96350,-0.39270,0.39270,1.57080,1.96350,2.74889,-2.74889
68.61
3.14159,-1.17810,1.17810,0.78540,1.96350,3.14159,-2.35619,-0.39270,0.78540,1.57080,3.14159,-2.74889,-2.35619,-1.57080,0.39270,0.78540,0.78540,2.35619,-2.74889,-2.74889,-0.78540,0.39270,1.96350,3.14159,-2.74889,-1.96350,-1.17810,0.78540,2.35619,1.96350,2.74889,-2.74889
69.78
3.14159,-1.57080,0.00000,0.39270,2.35619,3.14159,-2.35619,-0.78540,0.39270,1.17810,3.14159,3.14159,-1.57080,-1.17810,0.39270,1.17810,1.57080,2.35619,-2.74889,-2.74889,-0.39270,0.39270,1.57080,3.14159,-2.74889,-2.35619,-0.39270,0.00000,1.96350,0.78540,3.14159,-2.74889
71.02
3.14159,-1.17810,0.39270,0.39270,1.96350,3.14159,-2.74889,-1.17810,0.39270,1.57080,3.14159,-2.74889,-2.35619,-1.96350,0.39270,0.00000,1.17810,2.74889,-2.74889,-2.74889,-0.78540,0.39270,1.57080,3.14159,-2.74889,-1.57080,-0.39270,0.78540,2.35619,1.57080,1.96350,-2.74889
71.22
3.14159,-1.96350,0.00000,1.17810,1.57080,3.14159,-2.74889,-0.78540,0.00000,1.17810,3.14159,3.14159,-2.35619,-1.17810,-1.96350,-0.39270,0.78540,2.35619,-2.74889,-2.74889,-1.17810,0.00000,0.78540,2.35619,-2.74889,-2.35619,-1.17810,0.78540,2.74889,1.17810,2.74889,-2.74889
72.69
3.14159,-0.78540,0.00000,0.78540,1.96350,3.14159,-2.74889,-1.17810,0.39270,1.96350,3.14159,-2.74889,-2.35619,-1.17810,-0.78540,0.00000,0.78540,3.14159,-2.74889,-2.74889,-0.78540,0.00000,1.17810,3.14159,-2.74889,-1.96350,-0.39270,0.78540,1.17810,1.96350,2.35619,-2.74889
72.83
3.14159,-0.78540,0.00000,0.78540,1.96350,3.14159,-2.74889,-1.17810,0.39270,0.78540,3.14159,-2.74889,-1.17810,-1.17810,-0.78540,-0.39270,1.17810,2.35619,-2.74889,-2.74889,-1.17810,0.00000,1.57080,2.74889,-2.74889,-2.74889,-0.39270,0.39270,1.57080,1.96350,3.14159,-2.74889
73.20
3.14159,-1.17810,-0.39270,0.78540,1.57080,3.14159,-2.74889,-1.17810,-0.78540,1.57080,2.74889,-2.74889,-1.57080,-2.35619,-1.17810,-0.39270,0.78540,2.35619,-2.74889,-2.74889,-1.17810,-0.39270,1.17810,2.74889,-2.74889,-1.96350,-0.78540,0.78540,1.96350,1.17810,2.74889,-2.74889
74.79
3.14159,-1.17810,0.00000,0.78540,2.35619,3.14159,-2.35619,-0.78540,0.39270,1.57080,2.74889,2.35619,-1.96350,-0.78540,-0.78540,0.39270,1.17810,2.35619,-2.74889,-2.74889,-1.57080,0.00000,1.57080,2.35619,-2.74889,-1.96350,-1.17810,0.39270,2.35619,1.96350,3.14159,-2.74889
75.56
3.14159,-1.17810,0.00000,1.17810,1.96350,3.14159,-2.74889,-1.17810,0.39270,1.17810,3.14159,3.14159,-2.35619,-1.57080,-0.78540,0.39270,1.17810,2.35619,-2.74889,-2.74889,-1.17810,0.39270,1.57080,2.74889,-2.74889,-1.57080,-1.17810,0.39270,1.96350,1.17810,2.74889,-2.74889
75.63
3.14159,-1.17810,0.00000,0.78540,2.35619,3.14159,-2.74889,-1.17810,0.00000,1.17810,2.74889,-2.74889,-2.35619,-1.57080,-0.39270,0.78540,0.78540,2.35619,-2.74889,-2.74889,-0.78540,0.00000,1.17810,3.14159,-2.74889,-1.57080,-0.39270,0.78540,1.57080,1.17810,2.74889,-2.74889
76.51
3.14159,-1.17810,0.00000,0.78540,1.96350,3.14159,-1.96350,-1.17810,0.39270,1.96350,2.35619,-2.74889,-1.96350,-1.57080,-0.39270,0.00000,1.57080,1.96350,-2.74889,-2.74889,-1.17810,0.00000,1.57080,3.14159,-2.74889,-1.57080,-0.39270,0.78540,1.96350,0.78540,3.14159,-2.74889
76.81
3.14159,-0.39270,0.00000,0.78540,1.96350,3.14159,-1.96350,-0.78540,0.39270,1.17810,3.14159,-2.74889,-1.96350,-1.17810,0.00000,0.39270,1.17810,1.96350,-2.74889,-2.74889,-0.78540,0.39270,1.17810,2.74889,-2.74889,-1.96350,-0.78540,0.00000,1.96350,1.57080,2.74889,-2.74889
76.89
3.14159,-0.78540,-0.39270,0.78540,1.57080,3.14159,-2.74889,-1.17810,0.00000,1.57080,2.74889,-2.74889,-2.74889,-1.57080,-0.78540,0.00000,0.78540,1.57080,-2.74889,-2.74889,-1.17810,0.39270,1.57080,2.35619,-2.74889,-1.57080,-0.39270,0.78540,0.78540,2.35619,2.74889,-2.74889
77.27
3.14159,-1.57080,-0.39270,1.17810,2.35619,3.14159,-2.74889,-1.17810,0.39270,1.17810,3.14159,3.14159,-1.96350,-1.57080,-0.78540,-0.39270,1.17810,1.96350,-2.74889,-2.74889,-1.57080,0.00000,1.17810,1.96350,-2.74889,-1.96350,-0.78540,0.39270,1.17810,1.96350,2.74889,-2.74889
77.39
3.14159,-1.17810,0.00000,1.17810,1.96350,3.14159,-2.74889,-0.78540,0.39270,1.57080,3.14159,-2.74889,-1.17810,-1.17810,0.00000,0.00000,1.17810,1.96350,-2.74889,-2.74889,-1.17810,0.39270,1.57080,2.74889,-2.74889,-1.57080,-0.78540,0.39270,1.17810,1.96350,3.14159,-2.74889
77.40
3.14159,-1.96350,0.00000,0.78540,1.96350,3.14159,-2.74889,-0.78540,0.00000,1.57080,3.14159,3.14159,-2.74889,-1.17810,-0.39270,0.00000,1.17810,1.96350,-2.74889,-2.74889,-1.17810,0.00000,1.17810,2.35619,-2.74889,-1.96350,-0.39270,0.39270,1.17810,1.57080,3.14159,-2.74889
77.44
3.14159,-1.17810,0.39270,1.17810,1.96350,3.14159,-2.35619,-1.17810,0.39270,1.57080,3.14159,-2.74889,-1.96350,-1.17810,-0.78540,0.39270,1.17810,2.35619,-2.74889,-2.74889,-1.17810,0.39270,1.57080,3.14159,-2.74889,-1.17810,-0.39270,0.39270,1.57080,2.35619,3.14159,-2.74889
77.83
3.14159,-1.57080,-0.39270,0.78540,1.96350,3.14159,-2.74889,-1.17810,0.00000,1.17810,3.14159,2.74889,-2.35619,-1.17810,-0.78540,0.00000,0.78540,1.57080,-2.74889,-2.74889,-1.17810,0.00000,1.17810,2.74889,-2.74889,-1.57080,-0.39270,0.78540,1.57080,1.96350,3.14159,-2.74889
78.08
3.14159,-1.57080,-0.39270,0.78540,1.96350,3.14159,-2.35619,-0.78540,0.00000,1.17810,3.14159,-2.74889,-2.35619,-1.17810,-0.39270,0.00000,1.17810,1.96350,-2.74889,-2.74889,-1.17810,0.00000,1.57080,3.14159,-2.74889,-1.57080,-0.78540,0.78540,1.57080,2.35619,3.14159,-2.74889
78.17
3.14159,-1.57080,0.00000,0.78540,1.96350,3.14159,-2.74889,-0.78540,0.39270,1.57080,3.14159,-2.74889,-1.96350,-1.17810,-0.39270,0.00000,0.78540,2.35619,-2.74889,-2.74889,-0.78540,0.00000,1.17810,2.74889,-2.74889,-1.57080,-0.78540,0.78540,1.57080,2.35619,3.14159,-2.74889
78.33
3.14159,-1.57080,-0.39270,0.78540,2.74889,3.14159,-1.96350,-0.78540,0.39270,1.57080,3.14159,-2.74889,-2.35619,-1.17810,-0.39270,0.39270,1.17810,1.96350,-2.74889,-2.74889,-0.78540,0.39270,1.57080,2.35619,-2.74889,-1.96350,-0.39270,0.78540,1.57080,2.35619,3.14159,-2.74889
78.78
3.14159,-1.57080,0.00000,0.78540,1.96350,3.14159,-1.57080,-0.78540,0.39270,1.57080,3.14159,-2.74889,-1.57080,-1.17810,-1.17810,0.39270,0.78540,1.96350,-2.74889,-2.74889,-0.78540,0.39270,1.17810,2.74889,-2.74889,-1.17810,-0.39270,0.78540,1.17810,2.35619,3.14159,-2.74889
78.90
3.14159,-1.17810,-0.39270,1.17810,2.35619,3.14159,-2.35619,-0.78540,0.39270,1.17810,3.14159,-2.74889,-1.96350,-0.78540,-0.78540,0.39270,1.17810,1.96350,-2.74889,-2.74889,-0.78540,0.00000,1.17810,2.35619,-2.74889,-1.57080,0.00000,0.78540,1.17810,2.35619,3.14159,-2.74889
78.93
3.14159,-1.57080,-0.39270,1.17810,1.96350,3.14159,-2.35619,-0.78540,0.39270,1.17810,3.14159,-2.74889,-1.57080,-1.17810,-0.78540,0.39270,1.17810,1.96350,-2.74889,-2.74889,-0.39270,0.39270,1.57080,2.74889,-2.74889,-1.57080,-0.39270,0.78540,1.17810,1.57080,3.14159,-2.74889
80.15
3.14159,-1.57080,-0.39270,0.78540,1.96350,3.14159,-2.35619,-0.78540,0.39270,1.17810,3.14159,-2.74889,-1.96350,-0.78540,-0.39270,0.00000,1.17810,1.96350,-2.74889,-2.74889,-0.78540,0.39270,1.17810,2.74889,-2.74889,-1.57080,-0.39270,0.39270,1.57080,2.35619,3.14159,-2.74889
80.31
3.14159,-1.57080,0.00000,0.78540,1.96350,3.14159,-1.96350,-0.78540,0.00000,1.17810,3.14159,-2.74889,-1.96350,-1.57080,-0.78540,0.39270,1.17810,2.35619,3.14159,-2.35619,-0.78540,0.39270,1.57080,3.14159,-2.74889,-1.57080,-0.39270,0.78540,1.96350,2.35619,3.14159,-2.74889
80.78
3.14159,-1.17810,0.00000,0.78540,1.96350,3.14159,-1.57080,-0.78540,0.39270,1.57080,2.74889,-2.74889,-1.57080,-1.17810,0.00000,0.00000,1.17810,2.35619,3.14159,-2.35619,-0.78540,0.39270,1.57080,3.14159,-2.74889,-1.57080,-0.39270,0.39270,2.35619,2.35619,3.14159,-2.74889
81.38
-2.74889,-1.17810,-0.39270,0.39270,1.96350,3.14159,-2.74889,-1.17810,0.00000,1.17810,2.74889,-2.74889,-1.96350,-1.17810,-0.78540,0.00000,0.78540,1.96350,3.14159,-2.35619,-1.17810,0.00000,1.57080,2.35619,3.14159,-2.35619,-0.78540,0.39270,1.57080,1.57080,2.74889,3.14159
81.87
-2.74889,-1.17810,-0.39270,0.39270,1.57080,3.14159,-2.74889,-1.17810,0.00000,0.78540,2.35619,-2.74889,-1.96350,-1.57080,-0.78540,0.00000,0.78540,1.96350,3.14159,-2.35619,-1.17810,0.39270,1.17810,1.96350,3.14159,-1.96350,-0.78540,0.00000,1.17810,1.17810,2.74889,3.14159
81.91
-2.74889,-1.57080,-0.39270,0.39270,1.57080,3.14159,-2.74889,-1.17810,0.39270,0.78540,2.35619,-2.74889,-1.96350,-1.17810,-0.78540,-0.39270,0.78540,1.96350,3.14159,-2.35619,-1.17810,0.00000,1.17810,1.96350,3.14159,-2.35619,-0.78540,0.00000,1.17810,1.17810,2.74889,3.14159
82.06
-2.74889,-1.57080,-0.39270,0.78540,1.57080,3.14159,-2.74889,-1.17810,0.00000,1.17810,2.74889,-2.74889,-2.35619,-1.17810,-1.17810,0.00000,0.78540,2.35619,3.14159,-2.35619,-1.17810,0.00000,1.17810,2.35619,3.14159,-1.96350,-0.78540,0.39270,0.78540,1.57080,3.14159,3.14159
82.53
-2.74889,-1.57080,-0.39270,0.78540,1.57080,3.14159,-2.74889,-1.17810,0.00000,1.17810,2.74889,-2.74889,-1.96350,-1.17810,-0.78540,0.00000,0.78540,1.96350,3.14159,-2.35619,-1.17810,0.00000,1.17810,2.35619,3.14159,-2.35619,-0.78540,0.00000,1.17810,1.57080,2.74889,3.14159
82.77
-2.74889,-1.96350,-0.39270,0.78540,1.57080,3.14159,-2.74889,-1.17810,0.00000,0.78540,2.74889,-2.74889,-1.96350,-1.17810,-0.78540,-0.39270,0.78540,1.96350,3.14159,-2.35619,-1.17810,0.00000,1.17810,2.35619,3.14159,-1.96350,-0.78540,0.39270,1.17810,1.57080,2.74889,3.14159
82.97
-2.74889,-1.57080,-0.39270,0.39270,1.57080,3.14159,-2.74889,-1.17810,0.00000,0.78540,2.35619,-2.74889,-2.35619,-1.57080,-0.78540,0.00000,0.78540,1.96350,3.14159,-2.35619,-1.17810,0.00000,1.17810,2.35619,3.14159,-1.96350,-0.78540,0.00000,1.17810,1.57080,3.14159,3.14159
83.12
-2.74889,-1.57080,-0.39270,0.78540,1.57080,3.14159,-2.74889,-1.17810,0.00000,1.17810,2.35619,-2.74889,-1.96350,-1.57080,-0.78540,0.00000,1.17810,1.96350,3.14159,-2.35619,-1.17810,0.00000,1.17810,1.96350,3.14159,-1.96350,-0.78540,0.39270,1.17810,1.57080,3.14159,3.14159
83.13
-2.74889,-1.57080,-0.39270,0.78540,1.96350,-2.74889,-2.74889,-1.17810,0.00000,1.17810,2.35619,-2.74889,-1.96350,-1.17810,-0.78540,0.00000,0.78540,1.96350,3.14159,-2.35619,-1.17810,0.00000,1.17810,2.35619,3.14159,-1.96350,-0.78540,0.39270,1.17810,1.96350,2.35619,3.14159
