1.00
0.00000,0.00000,0.00000,0.00000,0.00000,0.00000,0.00000,0.00000,0.00000,0.00000,0.00000,0.00000,0.00000,0.00000,0.00000,0.00000,0.00000,0.00000,0.00000,0.00000,0.00000,0.00000,0.00000,0.00000,0.00000,0.00000,0.00000,0.00000,0.00000,0.00000,0.00000,0.00000
3.88
0.78540,0.00000,0.00000,0.78540,-0.78540,-0.39270,0.00000,-0.78540,-0.78540,1.17810,-0.39270,0.78540,-0.78540,0.39270,1.17810,0.39270,0.78540,1.57080,-1.96350,0.00000,0.39270,-1.17810,-1.96350,-0.78540,-0.78540,0.78540,1.17810,0.39270,0.39270,0.00000,-0.39270,0.39270
5.17
0.39270,-1.17810,-1.17810,0.78540,-2.74889,-2.35619,0.78540,1.17810,-0.39270,-0.39270,3.14159,-1.57080,-1.17810,1.96350,-1.96350,0.78540,-2.74889,1.57080,-2.74889,-2.35619,1.17810,-0.78540,0.00000,0.78540,1.96350,0.00000,-2.35619,0.78540,0.39270,2.74889,1.57080,-2.74889
7.71
0.00000,-0.78540,-0.78540,1.17810,-1.57080,-1.17810,0.00000,1.17810,0.39270,0.00000,2.35619,-1.17810,-1.17810,1.17810,-2.74889,0.78540,-2.74889,1.57080,-2.74889,-1.96350,1.17810,-0.78540,2.35619,1.17810,1.57080,0.39270,-0.78540,0.00000,1.17810,2.35619,1.57080,-2.35619
10.46
1.17810,-0.39270,0.39270,3.14159,-1.17810,-0.78540,0.39270,1.57080,1.17810,1.96350,1.57080,-2.35619,-1.57080,1.57080,-1.17810,1.17810,-2.74889,2.35619,-2.74889,-1.17810,1.17810,-0.39270,2.35619,0.39270,-0.39270,0.78540,-1.17810,1.17810,1.57080,-0.39270,1.96350,-1.96350
11.25
3.14159,0.78540,-0.39270,1.17810,-2.74889,3.14159,-2.74889,0.00000,2.74889,-2.74889,-1.96350,-0.78540,-1.17810,-2.74889,0.00000,-2.74889,-2.74889,0.00000,-2.74889,-0.78540,1.96350,1.96350,3.14159,-0.39270,-2.74889,-2.35619,0.39270,3.14159,3.14159,3.14159,2.35619,-2.74889
12.40
3.14159,0.00000,0.78540,0.78540,-2.74889,3.14159,-2.74889,-1.17810,1.17810,-2.74889,-2.35619,-1.57080,-1.57080,-2.35619,-2.35619,-2.74889,-2.74889,0.00000,-2.74889,-0.78540,3.14159,3.14159,3.14159,-1.17810,-2.35619,-1.17810,0.39270,3.14159,3.14159,3.14159,2.35619,-2.74889
16.30
3.14159,0.39270,0.39270,2.35619,-2.74889,-0.78540,-2.74889,-2.74889,1.96350,-2.74889,-2.74889,-0.78540,-2.35619,-2.74889,-2.74889,-1.96350,-2.74889,2.74889,-2.74889,-0.78540,-0.78540,3.14159,3.14159,3.14159,-1.96350,-1.17810,1.57080,3.14159,2.35619,3.14159,1.96350,-2.74889
17.42
3.14159,-2.74889,2.74889,-2.74889,-1.96350,0.00000,-0.78540,3.14159,-2.74889,3.14159,1.17810,0.39270,3.14159,1.57080,1.96350,3.14159,3.14159,-2.35619,-2.74889,0.39270,1.17810,2.35619,-2.74889,-1.96350,2.35619,1.17810,-2.74889,-2.74889,-2.74889,-2.74889,0.78540,-2.74889
19.21
-1.17810,0.78540,1.96350,3.14159,-2.74889,-1.57080,1.17810,-0.39270,-2.74889,-2.74889,3.14159,-1.96350,3.14159,3.14159,0.78540,-2.74889,-2.74889,-1.96350,-2.74889,0.39270,1.57080,2.74889,-2.74889,2.74889,0.00000,-2.35619,-1.57080,2.35619,3.14159,3.14159,1.17810,-1.96350
19.43
-2.74889,3.14159,2.74889,3.14159,-2.74889,0.00000,1.57080,3.14159,-2.74889,-2.74889,3.14159,-2.74889,0.00000,3.14159,3.14159,-2.74889,-2.74889,-2.74889,-2.74889,0.39270,2.74889,3.14159,-2.74889,-2.35619,-0.39270,1.57080,2.74889,3.14159,3.14159,3.14159,-2.74889,-2.74889
20.91
-1.96350,0.39270,1.17810,-0.39270,-2.74889,-1.96350,0.39270,0.00000,0.78540,-1.96350,3.14159,-2.35619,-0.39270,3.14159,-2.74889,1.57080,0.00000,3.14159,-2.74889,0.78540,0.78540,3.14159,-2.74889,-2.74889,0.00000,-0.39270,-2.74889,3.14159,2.35619,3.14159,3.14159,-2.74889
23.96
3.14159,-1.96350,2.35619,3.14159,-2.74889,-2.74889,-0.39270,-1.57080,1.96350,-2.74889,-1.17810,0.00000,-0.78540,2.74889,2.35619,1.57080,-2.74889,3.14159,-2.74889,-0.39270,1.57080,-2.74889,-2.74889,-1.17810,-0.39270,-0.39270,0.78540,3.14159,3.14159,3.14159,0.78540,2.74889
25.52
3.14159,-1.17810,2.74889,3.14159,-2.74889,-1.96350,0.00000,0.78540,1.17810,2.74889,-2.74889,-0.39270,-1.17810,2.74889,-2.74889,1.96350,-2.74889,3.14159,-2.74889,0.39270,1.17810,3.14159,-2.74889,-2.74889,-1.57080,2.35619,3.14159,3.14159,-2.74889,3.14159,1.57080,2.74889
28.46
0.78540,2.35619,3.14159,-2.35619,-2.74889,-0.78540,-1.57080,1.57080,-2.74889,-2.74889,-1.96350,-1.17810,1.57080,1.96350,-2.35619,3.14159,-2.74889,3.14159,-1.57080,0.78540,3.14159,3.14159,-1.96350,-1.17810,0.00000,-0.39270,3.14159,-0.78540,-2.35619,3.14159,0.78540,-2.74889
31.91
-1.57080,1.57080,3.14159,2.74889,-2.35619,-1.17810,1.17810,3.14159,-2.74889,0.00000,-1.57080,-1.57080,0.39270,1.57080,1.96350,2.35619,-2.74889,2.35619,-0.78540,0.78540,2.74889,2.74889,-2.74889,-2.74889,0.00000,1.96350,3.14159,3.14159,-2.35619,2.35619,-0.78540,-1.57080
35.40
1.96350,1.17810,3.14159,3.14159,-2.35619,1.17810,-0.39270,2.35619,-2.74889,-1.57080,1.17810,1.96350,1.57080,2.74889,-2.74889,2.74889,-1.96350,-0.78540,0.00000,0.39270,2.35619,3.14159,-2.74889,-1.17810,-1.57080,1.17810,2.74889,-2.74889,-2.35619,3.14159,1.96350,1.17810
36.06
-1.96350,-2.35619,0.39270,3.14159,-2.74889,-1.96350,0.00000,0.39270,0.00000,-2.35619,-2.74889,-1.17810,-1.57080,1.57080,-0.78540,1.17810,-2.74889,3.14159,-2.74889,1.17810,0.39270,1.57080,-2.74889,-1.17810,-1.17810,0.39270,0.39270,2.35619,2.74889,3.14159,-2.35619,2.35619
38.10
-2.35619,-2.35619,1.17810,3.14159,-2.74889,-1.17810,0.00000,0.39270,-1.57080,-2.74889,-2.74889,-1.57080,-1.17810,1.96350,0.78540,0.78540,-2.74889,3.14159,-2.35619,0.39270,1.57080,1.96350,-2.74889,-0.78540,0.00000,1.17810,0.78540,2.74889,2.35619,3.14159,-2.35619,0.00000
38.15
0.00000,1.96350,3.14159,-2.74889,-2.74889,-0.39270,0.78540,2.35619,-2.74889,2.35619,-0.78540,0.78540,-0.78540,2.74889,-1.57080,0.39270,-2.74889,0.00000,-1.17810,0.78540,3.14159,3.14159,-2.74889,-0.78540,0.39270,2.35619,3.14159,-2.74889,-2.35619,3.14159,1.57080,0.00000
39.41
0.78540,0.39270,3.14159,-2.35619,-2.74889,0.00000,0.39270,2.74889,-2.74889,-1.96350,-1.57080,-0.78540,1.57080,2.74889,-1.57080,3.14159,-2.74889,0.00000,-1.96350,0.00000,2.74889,3.14159,-2.74889,-1.57080,0.78540,0.39270,2.74889,-2.74889,-0.78540,2.35619,-0.78540,-2.35619
39.73
2.74889,1.57080,3.14159,3.14159,-2.74889,0.39270,0.39270,3.14159,-2.74889,-2.74889,-1.57080,1.57080,1.96350,2.35619,-2.74889,2.74889,-2.74889,-2.74889,-1.17810,0.39270,2.74889,3.14159,-2.74889,-1.96350,0.00000,0.78540,3.14159,-2.74889,-2.74889,3.14159,0.00000,-1.17810
41.29
2.74889,0.78540,3.14159,3.14159,-2.35619,0.78540,0.00000,2.74889,-2.74889,-1.96350,0.78540,0.78540,0.00000,2.35619,-2.74889,2.35619,-2.74889,-1.17810,0.78540,0.00000,2.35619,3.14159,-2.74889,-1.57080,0.00000,0.39270,3.14159,-2.74889,-2.74889,3.14159,0.39270,-0.78540
42.12
0.78540,2.35619,2.74889,3.14159,-2.74889,0.39270,1.17810,2.35619,-2.74889,-2.35619,1.96350,1.17810,1.96350,1.96350,-2.74889,3.14159,-2.74889,-1.96350,-1.57080,0.00000,2.35619,3.14159,-2.74889,-0.78540,0.00000,1.17810,3.14159,-2.74889,-2.74889,2.35619,-1.17810,-1.96350
44.64
1.96350,2.35619,3.14159,3.14159,-2.74889,-0.39270,1.57080,3.14159,-2.74889,-2.74889,-1.96350,0.39270,1.57080,-0.78540,-2.74889,2.74889,-2.74889,-1.17810,-0.39270,0.39270,2.35619,3.14159,-2.74889,-1.96350,0.78540,1.57080,3.14159,-2.74889,-2.74889,3.14159,-0.78540,-1.57080
46.99
1.96350,1.57080,2.74889,-2.74889,-1.57080,-0.78540,0.78540,2.74889,-2.74889,-2.74889,-0.78540,-0.78540,1.57080,2.74889,2.74889,3.14159,-2.74889,-0.78540,-2.35619,0.39270,2.35619,3.14159,-2.74889,-1.96350,-0.39270,1.57080,2.74889,3.14159,3.14159,1.17810,1.96350,1.57080
49.01
0.00000,1.17810,2.74889,3.14159,-2.74889,-1.57080,0.39270,1.57080,-2.74889,-1.96350,-2.35619,2.35619,1.96350,1.17810,-2.74889,0.39270,-2.74889,-2.35619,-0.39270,0.39270,1.57080,2.35619,-2.74889,-1.57080,-0.39270,0.00000,3.14159,-2.74889,-2.74889,2.35619,-1.57080,-0.78540
49.30
1.57080,2.35619,3.14159,3.14159,-2.74889,-0.78540,1.17810,2.74889,-2.74889,-2.74889,-0.78540,0.78540,2.35619,2.74889,-2.74889,2.35619,-2.74889,-1.57080,0.00000,0.78540,1.96350,2.74889,-2.74889,-1.57080,-0.39270,1.96350,3.14159,-2.74889,-2.35619,2.74889,-0.78540,-1.96350
50.94
-0.78540,1.17810,2.74889,-2.74889,-2.74889,-0.39270,0.00000,1.96350,-2.74889,-2.74889,-0.78540,-1.57080,1.17810,-1.17810,-0.78540,3.14159,3.14159,-2.74889,-1.96350,0.39270,1.57080,3.14159,-2.74889,-1.17810,-0.39270,-0.39270,1.57080,-2.74889,-2.74889,-2.74889,0.00000,0.78540
51.49
0.39270,1.96350,3.14159,-2.74889,-2.35619,0.39270,1.17810,2.74889,-2.74889,-2.74889,-1.17810,-1.96350,2.74889,1.57080,2.35619,2.74889,3.14159,-2.74889,-0.78540,0.78540,2.74889,3.14159,-2.74889,-0.78540,0.39270,0.39270,2.74889,-2.74889,-2.74889,-2.74889,-0.39270,1.17810
51.79
-1.17810,0.39270,2.74889,3.14159,-2.74889,-1.57080,1.17810,1.17810,-2.74889,-2.74889,-1.57080,0.39270,2.35619,-0.78540,-1.57080,1.96350,-2.74889,-1.96350,-0.78540,0.78540,1.96350,2.35619,-2.74889,-1.17810,-0.39270,0.00000,1.57080,-2.74889,-1.96350,1.96350,-1.96350,-0.39270
54.16
1.57080,2.74889,2.74889,-2.74889,-1.96350,-1.17810,1.17810,1.96350,-2.74889,-2.74889,-1.96350,0.00000,1.57080,1.17810,1.57080,3.14159,-2.74889,-2.74889,-1.96350,0.78540,2.74889,3.14159,-2.74889,-0.78540,0.78540,1.57080,3.14159,-2.74889,-2.74889,-1.96350,0.39270,0.00000
55.15
0.39270,1.57080,2.74889,-2.74889,-2.74889,-1.17810,0.00000,2.35619,-2.74889,-2.74889,-1.17810,-1.17810,2.35619,1.57080,-0.78540,2.74889,-2.74889,-2.74889,-0.78540,0.00000,2.35619,3.14159,-2.74889,-1.17810,-0.39270,0.78540,3.14159,-2.74889,-2.74889,-1.57080,-1.96350,-1.57080
57.95
-0.39270,2.35619,2.74889,-2.74889,-1.96350,-1.57080,0.78540,2.35619,-2.74889,-2.74889,-1.17810,-1.57080,2.35619,1.96350,1.57080,2.74889,-2.74889,-2.74889,-1.17810,0.00000,1.96350,3.14159,-2.74889,-0.78540,0.00000,1.57080,3.14159,-2.74889,-2.74889,-1.57080,0.39270,0.00000
58.25
0.39270,1.96350,3.14159,-2.74889,-1.17810,-0.78540,0.39270,1.96350,-2.74889,-2.74889,-1.96350,-0.39270,1.96350,2.35619,0.00000,3.14159,-2.74889,-2.74889,-0.39270,0.00000,1.96350,3.14159,-2.74889,-1.17810,0.39270,0.78540,3.14159,-2.74889,-2.74889,-1.17810,1.17810,1.57080
58.93
0.00000,1.96350,2.74889,-2.74889,-2.35619,-1.17810,0.39270,2.35619,-2.74889,-2.74889,-2.35619,-0.39270,0.00000,-1.17810,2.35619,3.14159,-2.74889,-2.35619,-1.17810,0.39270,2.35619,3.14159,-2.74889,-1.17810,0.00000,0.78540,2.74889,2.74889,-2.74889,0.78540,-1.17810,-1.17810
61.88
0.78540,1.17810,2.74889,-2.74889,-2.35619,-0.78540,0.39270,1.96350,-2.74889,-2.74889,-0.78540,-0.78540,-0.39270,2.74889,1.17810,3.14159,-2.74889,-2.35619,0.00000,0.78540,2.35619,3.14159,-2.74889,-1.96350,0.00000,0.78540,3.14159,-2.74889,-2.74889,0.78540,-1.17810,-0.78540
62.77
-0.39270,1.17810,1.57080,-2.74889,-2.74889,-1.17810,0.39270,1.57080,-2.74889,-2.74889,-0.39270,-1.96350,1.57080,1.17810,0.39270,2.35619,-2.74889,-2.35619,-1.17810,0.00000,1.57080,3.14159,-2.74889,-1.57080,-0.39270,1.17810,3.14159,-2.74889,-2.74889,-1.96350,-0.39270,-0.78540
63.08
1.17810,2.35619,3.14159,-2.74889,-1.96350,-0.78540,1.17810,2.74889,-2.74889,-2.74889,-0.78540,0.00000,1.96350,0.78540,2.35619,3.14159,-2.74889,-1.96350,-0.78540,0.78540,2.74889,3.14159,-2.74889,-0.78540,0.39270,1.17810,3.14159,-2.74889,-2.74889,-1.17810,1.17810,0.78540
63.51
0.39270,1.96350,3.14159,-2.74889,-2.35619,-1.17810,0.00000,1.96350,-2.74889,-2.74889,-1.96350,-0.78540,1.17810,1.57080,-0.39270,2.74889,-2.74889,-2.35619,0.00000,0.39270,2.35619,3.14159,-2.74889,-1.57080,0.00000,1.17810,3.14159,-2.74889,-2.74889,-2.35619,-1.17810,0.39270
63.78
0.39270,2.35619,3.14159,-2.74889,-2.35619,-1.17810,0.78540,2.74889,-2.74889,-2.74889,-0.78540,-0.39270,1.57080,1.17810,1.57080,3.14159,-2.74889,-2.35619,-0.39270,0.78540,2.74889,3.14159,-2.74889,-1.17810,0.39270,0.78540,3.14159,-2.74889,-2.74889,-1.96350,-0.78540,0.39270
65.47
0.78540,1.96350,2.74889,-2.74889,-1.57080,0.00000,1.17810,2.35619,-2.74889,-2.74889,-1.17810,0.00000,2.35619,2.35619,1.96350,2.74889,-2.74889,-1.96350,0.78540,0.78540,2.35619,3.14159,-2.74889,-0.39270,0.39270,0.78540,3.14159,-2.74889,-2.74889,-1.57080,1.17810,1.17810
65.66
0.00000,1.17810,2.35619,-2.35619,-1.96350,-0.78540,0.39270,1.57080,-2.74889,-2.74889,-2.35619,0.00000,1.17810,1.57080,-2.35619,2.74889,-2.74889,-0.39270,-1.17810,0.39270,2.35619,3.14159,-2.74889,-1.57080,-0.39270,1.17810,2.74889,-2.74889,-2.74889,-1.17810,0.00000,1.17810
66.53
0.00000,1.17810,3.14159,-2.74889,-1.96350,-0.78540,0.00000,2.35619,-2.74889,-2.74889,-1.57080,0.00000,2.35619,2.35619,1.57080,2.35619,-2.74889,-1.96350,-0.78540,1.17810,2.35619,3.14159,-2.74889,-1.57080,0.39270,1.57080,3.14159,-2.74889,-2.74889,-1.17810,-1.57080,0.00000
67.38
-0.78540,1.96350,3.14159,-2.74889,-1.17810,-0.78540,0.39270,2.74889,-2.74889,-2.74889,-1.57080,0.00000,0.78540,2.35619,1.96350,3.14159,-2.74889,-2.35619,-0.39270,1.57080,2.35619,3.14159,-2.74889,-0.78540,0.00000,1.17810,3.14159,-2.74889,-2.74889,-1.57080,-0.78540,0.00000
68.14
0.39270,1.17810,3.14159,-2.74889,-0.78540,0.00000,0.39270,1.96350,-2.74889,-2.74889,-1.57080,-0.39270,0.00000,2.35619,1.57080,3.14159,-2.74889,-2.74889,-0.39270,0.78540,1.57080,3.14159,-2.74889,-0.78540,0.00000,1.17810,3.14159,-2.74889,-2.74889,-1.57080,0.39270,0.39270
69.61
0.00000,1.17810,3.14159,-2.74889,-1.17810,0.00000,0.78540,2.35619,-2.74889,-2.74889,-0.78540,-0.78540,0.39270,2.74889,2.35619,3.14159,-2.74889,-1.57080,-0.39270,1.17810,2.35619,3.14159,-2.74889,-0.78540,-0.39270,1.17810,2.74889,-2.74889,-2.74889,-0.78540,1.17810,0.78540
72.34
0.00000,1.17810,3.14159,-2.74889,-1.57080,-0.78540,0.78540,1.96350,-2.74889,-2.74889,-0.78540,0.00000,0.78540,1.96350,1.57080,3.14159,-2.74889,-1.96350,0.00000,0.78540,2.74889,3.14159,-2.74889,-1.17810,0.00000,1.17810,3.14159,-2.74889,-2.74889,-1.17810,-1.96350,0.39270
72.68
0.78540,0.78540,3.14159,-2.74889,-1.57080,-0.39270,0.78540,1.96350,-2.74889,-2.74889,-1.17810,0.00000,1.96350,1.17810,1.57080,3.14159,-2.74889,-1.57080,-0.39270,0.78540,1.96350,3.14159,-2.74889,-1.57080,0.00000,0.78540,3.14159,-2.74889,-2.74889,-0.39270,-1.17810,0.39270
74.47
0.00000,1.17810,3.14159,-2.74889,-1.57080,-0.78540,0.78540,1.57080,-2.74889,-2.74889,-0.78540,0.00000,1.17810,1.96350,2.35619,3.14159,-2.74889,-1.57080,0.00000,0.39270,2.35619,3.14159,-2.74889,-1.57080,0.00000,1.57080,3.14159,-2.74889,-2.74889,-0.78540,-0.78540,0.39270
75.84
0.78540,1.17810,3.14159,-2.74889,-1.17810,-0.39270,0.78540,1.96350,-2.74889,-2.74889,-1.17810,0.00000,1.57080,1.96350,2.35619,3.14159,-2.74889,-1.96350,0.00000,0.39270,1.96350,3.14159,-2.74889,-1.17810,0.00000,1.57080,2.74889,-2.74889,-2.74889,-1.96350,-0.78540,0.78540
76.24
0.00000,1.17810,3.14159,-2.74889,-1.17810,-0.78540,0.78540,1.57080,-2.74889,-2.74889,-1.17810,-0.39270,1.57080,1.17810,1.96350,3.14159,-2.74889,-1.57080,-0.39270,1.17810,1.57080,3.14159,-2.74889,-0.39270,0.39270,1.17810,2.35619,-2.74889,-2.74889,-1.57080,-0.78540,0.39270
76.31
0.00000,1.57080,3.14159,-2.74889,-1.57080,-0.39270,0.39270,1.96350,-2.74889,-2.74889,-1.57080,-0.39270,1.57080,1.96350,1.96350,3.14159,-2.74889,-1.17810,-0.39270,1.17810,2.35619,3.14159,-2.74889,-0.78540,0.39270,1.17810,2.74889,-2.74889,-2.74889,-1.96350,-1.17810,0.39270
76.65
-0.39270,1.17810,3.14159,-2.74889,-1.57080,-0.39270,0.78540,1.57080,-2.74889,-2.74889,-1.17810,-0.39270,0.78540,2.35619,2.35619,3.14159,-2.74889,-0.78540,-0.39270,0.78540,1.96350,3.14159,-2.74889,-1.17810,0.00000,1.17810,2.35619,-2.74889,-2.74889,-1.17810,-0.78540,1.17810
76.88
0.78540,1.17810,3.14159,-2.74889,-1.96350,-0.78540,0.78540,1.96350,-2.74889,-2.74889,-0.78540,0.00000,0.39270,2.35619,2.35619,3.14159,-2.74889,-1.57080,-0.39270,0.78540,1.96350,3.14159,-2.74889,-0.39270,0.00000,1.17810,2.74889,-2.74889,-2.74889,-1.57080,-0.78540,0.00000
78.24
0.39270,1.57080,3.14159,-2.74889,-1.17810,-0.39270,0.39270,1.96350,-2.74889,-2.74889,-1.17810,0.00000,0.78540,1.96350,2.35619,3.14159,-2.74889,-1.57080,-0.39270,1.17810,1.57080,3.14159,-2.74889,-0.78540,0.39270,1.17810,2.74889,-2.74889,-2.74889,-1.17810,-0.39270,0.39270
78.45
0.39270,1.17810,3.14159,-2.74889,-1.17810,-0.78540,0.78540,1.57080,-2.74889,-2.74889,-1.17810,-0.39270,0.78540,1.96350,1.96350,3.14159,-2.74889,-1.57080,0.00000,0.78540,1.57080,3.14159,-2.74889,-1.17810,0.39270,1.17810,2.35619,-2.74889,-2.74889,-1.57080,-0.39270,0.39270
78.55
0.00000,1.57080,3.14159,-2.74889,-1.57080,-0.78540,0.39270,1.57080,-2.74889,-2.74889,-1.17810,-0.39270,0.39270,1.57080,2.35619,3.14159,-2.74889,-1.96350,-0.39270,0.78540,1.96350,3.14159,-2.74889,-1.17810,0.00000,0.78540,2.35619,-2.74889,-2.74889,-1.96350,-0.39270,0.00000
78.63
0.00000,1.17810,3.14159,-2.74889,-1.17810,-0.39270,0.78540,1.96350,-2.74889,-2.74889,-1.17810,-0.39270,1.17810,1.57080,1.57080,3.14159,-2.74889,-1.17810,-0.78540,0.78540,1.57080,3.14159,-2.74889,-1.17810,0.00000,1.17810,2.35619,-2.74889,-2.74889,-1.57080,-0.39270,0.00000
78.69
0.39270,1.17810,3.14159,-2.74889,-1.57080,-0.39270,0.78540,2.35619,-2.74889,-2.74889,-1.17810,0.00000,0.78540,1.96350,1.96350,3.14159,-2.74889,-1.17810,-0.39270,0.78540,1.57080,3.14159,-2.74889,-1.17810,0.00000,1.17810,2.35619,-2.74889,-2.74889,-1.96350,-0.78540,-0.39270
79.20
0.39270,1.17810,3.14159,-2.74889,-1.57080,-0.39270,0.39270,1.96350,-2.74889,-2.74889,-1.17810,-0.39270,0.78540,1.57080,1.96350,3.14159,-2.74889,-1.57080,-0.39270,0.78540,1.57080,3.14159,-2.74889,-1.17810,0.00000,0.78540,1.96350,-2.74889,-2.74889,-1.96350,-0.39270,-0.39270
79.52
0.00000,1.57080,3.14159,-2.74889,-1.57080,-0.39270,0.78540,1.96350,-2.74889,-2.74889,-1.17810,0.00000,1.17810,1.96350,1.96350,3.14159,-2.74889,-1.57080,-0.78540,0.78540,1.96350,3.14159,-2.74889,-0.78540,0.39270,1.17810,2.35619,-2.74889,-2.74889,-1.17810,-0.78540,0.39270
79.66
0.39270,1.17810,3.14159,-2.74889,-1.57080,-0.39270,0.39270,1.96350,-2.74889,-2.74889,-1.17810,-0.39270,0.78540,1.57080,1.96350,3.14159,-2.74889,-1.17810,-0.78540,0.78540,1.96350,3.14159,-2.74889,-0.78540,0.39270,1.17810,2.35619,-2.74889,-2.74889,-1.57080,-0.78540,0.00000
79.90
0.39270,1.57080,3.14159,-2.74889,-1.57080,-0.39270,0.78540,1.96350,-2.74889,-2.74889,-1.17810,0.00000,0.78540,1.96350,2.35619,3.14159,-2.74889,-1.17810,-0.39270,0.78540,2.35619,3.14159,-2.74889,-0.78540,0.00000,1.17810,2.35619,-2.74889,-2.74889,-1.17810,-0.78540,0.00000
80.33
0.39270,1.57080,3.14159,-2.74889,-1.57080,-0.39270,0.78540,1.96350,-2.74889,-2.74889,-1.17810,0.00000,0.78540,1.57080,2.35619,3.14159,-2.74889,-1.57080,-0.39270,0.78540,1.96350,3.14159,-2.74889,-1.17810,0.00000,1.17810,2.35619,-2.74889,-2.74889,-1.96350,-0.78540,0.00000
80.66
0.00000,1.57080,2.74889,-2.74889,-1.57080,-0.39270,0.78540,1.96350,-2.74889,-2.74889,-1.17810,0.00000,0.78540,1.57080,2.35619,3.14159,-2.74889,-1.57080,-0.39270,0.78540,1.57080,3.14159,-2.74889,-1.17810,0.39270,1.57080,2.35619,-2.74889,-2.74889,-1.57080,-0.78540,0.00000
80.90
0.39270,1.57080,2.74889,-2.74889,-1.57080,-0.39270,0.78540,1.96350,-2.74889,-2.74889,-0.78540,-0.39270,1.17810,1.96350,2.35619,3.14159,-2.74889,-1.57080,-0.39270,0.78540,1.96350,3.14159,-2.74889,-0.78540,0.39270,1.17810,2.35619,-2.74889,-2.74889,-1.57080,-0.78540,0.00000
81.43
0.00000,1.17810,3.14159,-2.74889,-1.57080,-0.39270,0.78540,1.96350,-2.74889,-2.74889,-1.17810,0.00000,0.78540,1.17810,2.35619,3.14159,-2.74889,-1.17810,-0.39270,0.78540,1.96350,3.14159,-1.96350,-0.78540,0.00000,1.17810,2.35619,-2.74889,-2.74889,-0.78540,-0.39270,0.39270
81.61
0.00000,1.17810,3.14159,-2.74889,-1.57080,-0.39270,0.78540,1.57080,-2.74889,-2.74889,-1.17810,-0.39270,0.78540,1.57080,2.35619,2.74889,-2.74889,-1.17810,-0.39270,0.78540,1.96350,3.14159,-2.35619,-0.78540,0.00000,1.17810,2.35619,-2.74889,-2.74889,-1.57080,-0.39270,0.00000
81.64
0.39270,0.78540,3.14159,-2.74889,-1.57080,-0.39270,0.78540,1.96350,-2.74889,-2.74889,-1.17810,0.00000,1.17810,1.57080,2.35619,3.14159,-2.74889,-1.17810,-0.39270,0.78540,1.57080,3.14159,-1.96350,-0.78540,0.00000,1.57080,2.35619,-2.74889,-1.96350,-1.57080,-0.78540,0.00000
81.92
0.00000,1.17810,2.74889,-2.74889,-1.57080,-0.39270,0.39270,1.96350,-2.74889,-2.74889,-1.17810,0.00000,0.78540,1.57080,2.35619,3.14159,-2.74889,-1.57080,-0.39270,1.17810,1.96350,3.14159,-2.35619,-1.17810,0.00000,1.17810,2.35619,-2.74889,-2.74889,-1.17810,-0.39270,0.00000
82.22
0.39270,1.17810,2.74889,-2.74889,-1.57080,-0.39270,0.78540,1.57080,-2.74889,-2.74889,-1.17810,-0.39270,1.17810,1.96350,2.35619,2.74889,-2.74889,-1.17810,0.00000,0.78540,1.96350,3.14159,-1.96350,-0.78540,0.00000,1.17810,2.35619,-2.74889,-2.74889,-1.96350,-0.78540,0.00000
82.33
0.39270,1.17810,2.74889,-2.74889,-1.57080,-0.39270,0.78540,1.96350,-2.74889,-2.74889,-1.17810,0.00000,0.78540,1.57080,2.74889,3.14159,-2.74889,-1.57080,-0.39270,0.78540,1.96350,3.14159,-1.57080,-1.17810,0.00000,1.17810,1.96350,-2.74889,-1.96350,-1.57080,-0.78540,0.00000
82.44
0.00000,1.17810,2.35619,-2.74889,-1.57080,-0.39270,0.78540,1.57080,-2.74889,-2.74889,-1.17810,-0.39270,0.78540,1.96350,1.96350,3.14159,-2.74889,-1.17810,-0.39270,0.78540,1.96350,3.14159,-2.35619,-0.78540,0.00000,0.78540,1.96350,-2.74889,-1.57080,-1.57080,-0.78540,0.00000
83.56
0.78540,1.57080,2.74889,-2.74889,-1.17810,-0.39270,0.78540,1.96350,-2.74889,-2.35619,-0.78540,0.00000,0.78540,1.57080,1.96350,3.14159,-2.74889,-1.57080,-0.39270,0.78540,1.96350,3.14159,-1.96350,-0.78540,0.39270,1.57080,2.35619,-2.74889,-2.35619,-0.78540,-0.78540,0.00000
83.81
0.39270,1.57080,2.74889,-2.74889,-1.57080,-0.39270,0.78540,1.96350,-2.74889,-1.96350,-1.17810,0.00000,1.17810,1.57080,2.35619,3.14159,-2.74889,-1.17810,0.00000,0.78540,1.96350,3.14159,-1.96350,-1.17810,0.00000,1.17810,2.35619,-2.74889,-1.96350,-1.96350,-0.39270,-0.39270
83.83
0.39270,1.57080,3.14159,-2.74889,-1.57080,-0.39270,0.78540,1.96350,-2.74889,-1.96350,-0.78540,0.00000,0.78540,1.57080,1.96350,3.14159,-2.35619,-1.57080,-0.39270,0.78540,1.96350,3.14159,-1.57080,-0.78540,0.39270,1.57080,2.35619,-2.74889,-1.57080,-1.17810,-0.39270,0.00000
84.45
0.39270,1.17810,2.74889,-2.74889,-1.57080,-0.39270,0.78540,1.96350,-2.74889,-2.35619,-1.17810,0.00000,1.17810,1.57080,2.35619,3.14159,-2.74889,-1.17810,-0.39270,0.78540,1.57080,3.14159,-1.96350,-0.78540,0.00000,1.17810,2.35619,-2.74889,-1.96350,-1.57080,-0.39270,0.00000
84.68
0.39270,1.17810,2.74889,-2.74889,-1.57080,-0.39270,0.78540,1.96350,-2.74889,-2.35619,-1.17810,0.00000,0.78540,1.57080,2.35619,2.74889,-2.74889,-1.57080,-0.39270,0.78540,1.96350,3.14159,-1.96350,-1.17810,0.00000,1.17810,2.35619,-2.74889,-1.57080,-1.17810,-0.78540,0.00000
85.00
0.39270,1.57080,2.74889,-2.74889,-1.57080,-0.39270,0.78540,1.96350,-2.74889,-1.96350,-1.17810,0.00000,0.78540,1.96350,2.35619,3.14159,-2.74889,-1.17810,-0.39270,0.78540,1.96350,3.14159,-1.96350,-1.17810,0.00000,1.17810,2.35619,-2.74889,-1.96350,-1.17810,-0.39270,0.39270
85.17
0.39270,1.57080,2.74889,-2.74889,-1.57080,-0.39270,0.78540,1.96350,-2.74889,-1.96350,-1.17810,0.00000,1.17810,1.57080,2.35619,3.14159,-2.74889,-1.17810,0.00000,0.78540,1.96350,3.14159,-1.96350,-0.78540,0.00000,1.57080,2.35619,-2.74889,-1.96350,-1.17810,-0.39270,0.39270
85.42
0.39270,1.17810,2.35619,-2.74889,-1.57080,-0.39270,0.78540,1.96350,-2.74889,-2.35619,-1.17810,0.00000,1.17810,1.57080,2.35619,2.74889,-2.35619,-1.17810,-0.39270,0.78540,1.96350,3.14159,-1.96350,-0.78540,0.00000,1.17810,2.35619,-2.74889,-1.96350,-1.17810,-0.39270,0.39270
85.42
0.39270,1.57080,2.74889,-2.74889,-1.57080,-0.39270,0.78540,1.96350,-2.74889,-1.96350,-1.17810,0.00000,1.17810,1.96350,2.35619,3.14159,-2.74889,-1.17810,-0.39270,0.78540,1.96350,3.14159,-1.96350,-0.78540,0.39270,1.17810,2.35619,-2.74889,-1.96350,-1.17810,-0.78540,0.39270
85.44
0.39270,1.57080,2.74889,-2.74889,-1.57080,-0.39270,0.78540,1.96350,-2.74889,-1.96350,-1.17810,0.00000,1.17810,1.96350,2.35619,3.14159,-2.74889,-1.17810,-0.39270,0.78540,1.96350,3.14159,-1.96350,-0.78540,0.39270,1.17810,2.35619,-2.74889,-1.96350,-1.17810,-0.39270,0.39270
85.50
0.39270,1.57080,2.35619,-2.74889,-1.57080,-0.39270,0.78540,1.96350,-2.74889,-1.96350,-1.17810,0.00000,1.17810,1.96350,2.35619,3.14159,-2.35619,-1.17810,-0.39270,1.17810,1.96350,3.14159,-1.96350,-0.78540,0.39270,1.17810,2.35619,-2.74889,-1.96350,-1.17810,-0.39270,0.39270
85.67
0.39270,1.57080,2.35619,-2.74889,-1.57080,-0.39270,0.78540,1.96350,-2.74889,-1.96350,-0.78540,0.00000,0.78540,1.96350,2.35619,3.14159,-2.35619,-1.17810,0.00000,0.78540,1.96350,3.14159,-1.96350,-0.78540,0.39270,1.17810,2.35619,-2.74889,-1.96350,-1.17810,-0.39270,0.39270
85.76
0.39270,1.57080,2.74889,-2.74889,-1.57080,-0.39270,0.78540,1.96350,-2.74889,-1.96350,-1.17810,0.00000,1.17810,1.96350,2.35619,3.14159,-2.35619,-1.17810,0.00000,0.78540,1.96350,3.14159,-1.96350,-0.78540,0.39270,1.57080,2.35619,-2.74889,-1.96350,-1.17810,-0.39270,0.00000
85.78
0.39270,1.57080,2.74889,-2.74889,-1.57080,-0.39270,0.78540,1.96350,-2.74889,-1.96350,-1.17810,0.00000,1.17810,1.96350,2.35619,3.14159,-2.35619,-1.17810,0.00000,0.78540,1.96350,3.14159,-1.96350,-0.78540,0.39270,1.17810,2.35619,-2.74889,-1.96350,-1.17810,-0.39270,0.00000
85.85
0.39270,1.57080,2.74889,-2.74889,-1.57080,-0.39270,0.78540,1.96350,-2.74889,-1.96350,-1.17810,0.00000,1.17810,1.96350,2.35619,3.14159,-2.35619,-1.17810,-0.39270,0.78540,1.96350,3.14159,-1.96350,-0.78540,0.39270,1.17810,2.35619,-2.74889,-1.96350,-1.17810,-0.78540,0.39270
85.88
0.39270,1.57080,2.74889,-2.74889,-1.57080,-0.39270,0.78540,1.96350,-2.74889,-1.96350,-1.17810,0.00000,1.17810,1.96350,2.35619,3.14159,-2.35619,-1.17810,-0.39270,0.78540,1.96350,3.14159,-1.96350,-0.78540,0.39270,1.17810,2.35619,-2.74889,-1.96350,-1.17810,-0.39270,0.39270
85.89
0.39270,1.57080,2.74889,-2.74889,-1.57080,-0.39270,0.78540,1.96350,-2.74889,-1.96350,-1.17810,0.00000,1.17810,1.96350,2.35619,3.14159,-2.35619,-1.17810,0.00000,0.78540,1.96350,3.14159,-1.96350,-0.78540,0.39270,1.17810,2.35619,-2.74889,-1.96350,-1.17810,-0.39270,0.39270
85.92
0.39270,1.57080,2.74889,-2.74889,-1.57080,-0.39270,0.78540,1.96350,-2.74889,-1.96350,-0.78540,0.00000,1.17810,1.96350,2.35619,3.14159,-2.35619,-1.17810,0.00000,0.78540,1.96350,3.14159,-1.96350,-0.78540,0.39270,1.57080,2.35619,-2.74889,-1.96350,-1.17810,-0.39270,0.39270
85.94
0.39270,1.57080,2.74889,-2.35619,-1.57080,-0.39270,0.78540,1.96350,-2.74889,-1.96350,-0.78540,0.00000,1.17810,1.96350,2.35619,3.14159,-2.35619,-1.17810,-0.39270,0.78540,1.96350,3.14159,-1.96350,-0.78540,0.39270,1.57080,2.35619,-2.74889,-1.96350,-1.17810,-0.39270,0.39270
86.04
0.39270,1.57080,2.74889,-2.35619,-1.57080,-0.39270,0.78540,1.96350,-2.74889,-1.96350,-0.78540,0.00000,1.17810,1.96350,2.35619,3.14159,-2.35619,-1.17810,0.00000,0.78540,1.96350,3.14159,-1.96350,-0.78540,0.39270,1.57080,2.35619,-2.74889,-1.96350,-1.17810,-0.39270,0.39270
