0.87
0.00000,0.00000,0.00000,0.00000,0.00000,0.00000,0.00000,0.00000,0.00000,0.00000,0.00000,0.00000,0.00000,0.00000,0.00000,0.00000,0.00000,0.00000,0.00000,0.00000,0.00000,0.00000,0.00000,0.00000,0.00000,0.00000,0.00000,0.00000,0.00000,0.00000,0.00000,0.00000
0.96
-0.39270,0.78540,1.57080,1.17810,0.39270,0.78540,-0.39270,-1.57080,0.39270,-2.35619,-0.39270,0.39270,0.00000,0.00000,1.17810,2.35619,-0.39270,0.00000,3.14159,-0.78540,-0.78540,-2.74889,0.00000,-0.78540,0.00000,-1.17810,-0.78540,-1.17810,0.00000,-0.39270,-1.17810,-0.78540
2.54
-1.17810,0.39270,1.57080,0.39270,0.78540,1.57080,-1.57080,-1.96350,0.39270,-1.96350,-1.17810,0.39270,-1.17810,0.39270,-0.78540,0.78540,0.39270,-0.39270,2.35619,0.00000,-0.39270,-2.74889,0.78540,0.39270,1.17810,-2.35619,0.39270,0.39270,0.00000,0.39270,-0.78540,-1.96350
5.10
-0.78540,0.39270,1.17810,2.35619,0.39270,0.39270,-0.78540,-1.96350,1.57080,-0.78540,-0.78540,-1.17810,-0.78540,-0.78540,0.00000,1.17810,2.35619,-0.78540,1.57080,0.00000,0.00000,-1.57080,-0.39270,1.17810,-0.39270,-2.74889,-0.39270,0.00000,-0.39270,0.00000,0.00000,-1.96350
31.62
0.39270,0.78540,0.39270,1.96350,-0.39270,-0.78540,-0.78540,-0.39270,0.78540,-2.35619,0.78540,-2.74889,-0.78540,-0.78540,0.00000,1.57080,2.35619,1.17810,1.96350,-1.57080,-0.78540,-1.96350,0.39270,0.00000,1.57080,-2.74889,-1.17810,-0.78540,-1.57080,-1.57080,0.78540,-1.96350
35.41
2.74889,-0.78540,0.00000,-1.57080,-2.74889,2.74889,-2.74889,3.14159,-1.17810,-1.17810,1.96350,2.74889,-2.74889,1.57080,3.14159,0.39270,0.78540,0.39270,1.17810,1.96350,1.96350,-2.74889,-1.57080,-0.78540,1.17810,1.96350,-2.74889,3.14159,2.74889,1.17810,-1.96350,-2.74889
36.31
2.74889,-0.78540,0.00000,-1.17810,-2.74889,2.74889,-2.74889,3.14159,-1.57080,-0.39270,1.96350,3.14159,-2.74889,1.96350,3.14159,0.78540,0.39270,-0.39270,1.57080,2.35619,1.96350,-2.74889,-1.17810,-0.39270,1.57080,1.57080,-2.74889,3.14159,2.74889,1.17810,-1.96350,-2.74889
47.59
-1.57080,2.74889,-2.74889,-1.96350,-1.17810,2.74889,1.57080,2.74889,3.14159,-2.74889,-1.57080,-0.78540,1.57080,1.96350,-1.57080,-1.57080,3.14159,3.14159,-1.57080,-0.39270,0.00000,1.17810,3.14159,1.96350,-2.74889,0.00000,-0.78540,-1.17810,0.39270,0.78540,2.35619,3.14159
54.20
-2.35619,2.74889,-2.74889,-2.74889,-0.39270,2.74889,2.35619,2.35619,2.74889,-2.74889,2.74889,-0.78540,-0.39270,0.39270,1.17810,1.57080,3.14159,2.74889,-1.96350,-0.39270,-0.78540,0.39270,2.74889,2.74889,-2.74889,-2.35619,-1.17810,0.39270,1.57080,1.96350,3.14159,3.14159
55.92
1.17810,2.74889,-2.74889,-1.17810,-1.96350,2.74889,1.17810,1.96350,3.14159,-2.74889,-2.74889,-1.17810,-1.57080,1.57080,-1.96350,0.78540,3.14159,2.74889,-2.35619,-2.35619,-0.39270,0.78540,2.74889,3.14159,-2.74889,-1.17810,0.39270,1.17810,1.17810,2.74889,2.74889,3.14159
57.85
2.74889,3.14159,-2.74889,-1.57080,0.39270,2.74889,1.96350,2.74889,3.14159,-2.74889,-0.78540,-0.78540,0.39270,-0.78540,-1.57080,-1.57080,3.14159,3.14159,-2.35619,-0.78540,-0.39270,0.39270,2.35619,3.14159,-2.35619,-0.39270,-0.39270,1.57080,1.96350,1.96350,2.74889,3.14159
60.83
2.35619,2.74889,-2.74889,-1.57080,-1.17810,0.00000,0.39270,1.96350,2.74889,-1.96350,-1.96350,-2.35619,0.00000,-2.74889,-1.17810,-2.74889,3.14159,3.14159,-2.74889,-0.39270,-0.39270,0.78540,1.96350,3.14159,3.14159,-2.74889,0.39270,0.39270,2.35619,-0.78540,2.74889,0.78540
68.84
1.96350,2.35619,-2.74889,-1.57080,-1.17810,0.00000,0.39270,1.96350,2.74889,-2.35619,-1.57080,-1.57080,0.78540,-1.96350,-0.39270,-2.74889,2.74889,3.14159,0.00000,-0.39270,0.39270,0.78540,1.96350,3.14159,3.14159,-1.96350,0.00000,0.39270,1.57080,0.39270,1.57080,-0.39270
70.74
3.14159,2.74889,-2.74889,-2.74889,-1.96350,0.78540,1.57080,2.74889,3.14159,-2.74889,-0.78540,-0.78540,1.96350,-0.78540,1.17810,1.96350,3.14159,3.14159,-1.96350,-1.96350,-0.39270,0.39270,3.14159,3.14159,-2.74889,-1.57080,0.00000,0.39270,0.39270,2.35619,2.74889,3.14159
73.46
2.74889,2.74889,-2.74889,-2.74889,-1.96350,0.78540,1.57080,2.35619,3.14159,-2.74889,-0.78540,-1.17810,1.57080,-0.39270,1.17810,1.57080,3.14159,3.14159,-2.35619,-2.35619,-0.39270,1.17810,3.14159,3.14159,-2.74889,-1.96350,0.00000,0.39270,0.39270,1.17810,2.35619,3.14159
78.80
2.74889,2.74889,-2.74889,-2.74889,-1.96350,0.39270,1.17810,2.74889,3.14159,-2.74889,-1.57080,-1.17810,1.17810,-1.57080,1.57080,1.17810,3.14159,3.14159,-2.35619,-1.57080,-0.39270,1.17810,2.74889,2.74889,-2.74889,-1.96350,-0.39270,1.17810,-0.39270,1.17810,2.35619,3.14159
79.18
2.74889,2.35619,-2.74889,-2.74889,-1.57080,0.00000,0.78540,1.17810,3.14159,-2.74889,-0.78540,-0.39270,1.96350,-2.74889,2.35619,1.17810,2.35619,3.14159,-2.74889,-0.78540,-0.39270,1.17810,2.74889,3.14159,-2.74889,-1.96350,0.00000,-0.39270,1.17810,1.96350,2.35619,3.14159
80.10
1.96350,2.35619,-2.74889,-2.74889,-1.57080,1.17810,1.17810,2.35619,3.14159,-2.35619,-1.17810,-0.78540,0.78540,0.00000,1.17810,0.78540,2.74889,3.14159,-2.74889,-1.57080,-0.39270,1.57080,3.14159,3.14159,-2.74889,-1.57080,0.78540,0.78540,0.39270,2.35619,1.57080,3.14159
80.18
2.35619,2.74889,-2.74889,-1.96350,-1.57080,1.17810,1.57080,1.96350,3.14159,-2.74889,-1.96350,-1.17810,1.57080,0.00000,0.00000,1.17810,3.14159,3.14159,-2.74889,-1.57080,0.00000,0.78540,2.35619,3.14159,-2.74889,-1.17810,0.39270,0.39270,0.78540,-0.78540,2.35619,3.14159
81.06
1.96350,1.57080,-2.74889,-2.74889,-1.57080,0.00000,1.17810,1.96350,3.14159,-2.74889,-2.35619,0.00000,0.78540,-2.74889,1.57080,1.57080,2.35619,3.14159,-2.74889,-1.17810,-0.39270,-0.39270,2.74889,3.14159,-2.74889,-1.96350,-0.78540,0.39270,1.17810,2.35619,3.14159,2.74889
81.98
0.00000,2.74889,-2.74889,-2.74889,-0.78540,0.39270,1.17810,1.17810,3.14159,-2.74889,-1.96350,-1.96350,0.00000,0.78540,0.78540,1.96350,2.74889,2.74889,-2.74889,-1.57080,-0.78540,0.00000,2.35619,3.14159,-2.74889,-1.17810,0.00000,1.57080,1.57080,1.57080,2.74889,3.14159
82.58
2.35619,1.96350,-2.74889,-2.74889,-1.17810,0.39270,1.57080,1.57080,3.14159,-2.74889,-1.96350,-0.78540,0.78540,-1.96350,0.00000,1.96350,2.35619,3.14159,-2.74889,-0.39270,-0.39270,0.00000,2.35619,3.14159,-2.74889,-1.57080,0.00000,0.78540,1.96350,2.35619,2.74889,2.74889
85.35
2.74889,2.35619,-2.74889,-2.74889,-0.39270,1.57080,1.17810,2.35619,3.14159,-2.74889,-1.57080,0.00000,-0.39270,-0.78540,1.96350,1.57080,3.14159,3.14159,-1.96350,-1.17810,0.00000,0.78540,2.74889,3.14159,-2.74889,-1.57080,0.00000,0.39270,1.57080,2.35619,2.74889,3.14159
86.25
2.35619,1.57080,-2.74889,-2.74889,-1.17810,0.78540,1.17810,2.35619,3.14159,-2.74889,-1.17810,-0.39270,0.39270,-0.39270,2.35619,1.96350,3.14159,3.14159,-2.74889,-1.17810,0.39270,0.78540,2.74889,3.14159,-2.74889,-1.96350,0.39270,-0.39270,1.17810,1.57080,2.74889,3.14159
86.75
3.14159,2.74889,-2.74889,-2.74889,-0.78540,0.78540,1.57080,2.35619,3.14159,-2.74889,-0.39270,-1.17810,0.78540,-2.74889,1.57080,1.96350,3.14159,3.14159,-1.96350,-0.78540,0.39270,1.17810,2.74889,3.14159,-2.74889,-1.57080,0.00000,1.17810,1.96350,2.35619,3.14159,3.14159
88.46
2.74889,2.35619,-2.74889,-2.74889,-0.78540,0.39270,0.78540,2.74889,3.14159,-2.74889,-1.57080,0.00000,0.39270,0.00000,0.39270,1.96350,3.14159,3.14159,-1.57080,-0.39270,0.78540,0.78540,2.74889,3.14159,-2.74889,-1.57080,-0.78540,1.57080,0.78540,2.74889,3.14159,3.14159
89.06
2.74889,2.35619,-2.74889,-2.74889,-0.78540,0.00000,1.17810,1.96350,3.14159,-2.74889,-1.57080,-0.78540,0.39270,-2.74889,1.17810,1.57080,3.14159,3.14159,-2.74889,-1.57080,0.00000,0.00000,2.35619,3.14159,-2.74889,-1.96350,-0.78540,0.00000,1.17810,1.17810,2.74889,3.14159
92.08
1.57080,2.35619,-2.74889,-2.74889,-0.39270,0.78540,0.78540,1.96350,3.14159,-2.74889,-1.96350,0.00000,0.39270,0.00000,0.00000,1.17810,2.74889,3.14159,-1.96350,-1.17810,-0.39270,0.78540,2.74889,3.14159,-2.74889,-0.78540,-0.78540,-0.39270,0.78540,2.35619,1.96350,3.14159
93.12
0.78540,1.57080,-2.74889,-2.35619,-1.17810,0.78540,1.57080,2.35619,3.14159,-2.74889,-1.17810,-0.78540,0.78540,0.00000,1.17810,1.96350,2.74889,3.14159,-2.74889,-0.78540,0.00000,1.17810,2.35619,3.14159,-2.74889,-1.57080,0.39270,0.39270,0.00000,1.96350,2.74889,3.14159
93.31
1.17810,1.96350,-2.35619,-1.96350,-0.78540,1.17810,1.17810,1.96350,3.14159,-2.74889,-1.17810,-0.78540,0.78540,0.00000,-0.39270,0.78540,2.74889,3.14159,-2.74889,-0.78540,-0.39270,1.17810,1.96350,3.14159,-2.74889,-1.17810,-0.78540,0.39270,1.17810,1.57080,2.35619,3.14159
95.95
1.57080,2.35619,-2.74889,-2.74889,-1.17810,0.39270,0.78540,1.96350,3.14159,-2.74889,-1.17810,-0.39270,0.39270,0.39270,-0.39270,0.78540,2.74889,3.14159,-2.74889,-0.78540,0.00000,0.78540,2.74889,3.14159,-2.74889,-1.17810,-1.17810,0.39270,0.78540,1.96350,1.96350,3.14159
98.46
1.17810,2.35619,-2.74889,-2.35619,-1.17810,0.39270,1.57080,1.96350,3.14159,-2.74889,-1.96350,0.39270,0.00000,0.78540,0.39270,0.78540,2.35619,3.14159,-2.35619,-0.78540,0.00000,1.17810,2.35619,3.14159,-2.74889,-1.17810,-0.39270,0.39270,0.39270,2.35619,2.74889,3.14159
99.85
1.57080,2.74889,-2.74889,-2.74889,-1.17810,0.39270,0.78540,1.96350,3.14159,-2.74889,-1.17810,-0.78540,0.78540,-0.39270,0.78540,1.57080,2.74889,3.14159,-2.74889,-0.78540,-0.39270,0.39270,1.96350,3.14159,-2.74889,-1.57080,-0.78540,0.39270,0.78540,0.78540,1.96350,3.14159
102.36
1.57080,2.74889,-2.74889,-2.35619,-1.17810,0.78540,1.17810,1.96350,3.14159,-2.74889,-1.57080,0.00000,0.00000,0.00000,0.78540,1.57080,2.74889,3.14159,-1.96350,-0.39270,0.00000,0.78540,1.96350,3.14159,-2.74889,-1.17810,-0.78540,0.00000,1.17810,1.17810,1.96350,3.14159
102.47
1.96350,2.74889,-2.74889,-2.74889,-0.78540,0.00000,0.78540,1.96350,3.14159,-2.74889,-1.96350,-0.78540,0.00000,0.39270,1.17810,1.57080,3.14159,3.14159,-1.57080,-1.17810,0.39270,0.78540,1.96350,3.14159,-2.74889,-1.17810,0.00000,0.00000,1.17810,2.35619,1.57080,3.14159
104.05
1.96350,2.35619,-2.74889,-2.74889,-1.17810,0.00000,1.17810,1.96350,3.14159,-2.74889,-1.96350,-0.39270,0.39270,0.00000,1.17810,1.96350,3.14159,3.14159,-1.96350,-0.78540,0.00000,0.78540,2.35619,3.14159,-2.74889,-1.57080,0.00000,0.00000,1.17810,1.57080,2.35619,3.14159
104.89
1.57080,2.35619,-2.74889,-2.74889,-1.17810,0.00000,1.17810,1.96350,3.14159,-2.74889,-1.57080,-0.39270,0.78540,-0.39270,1.17810,1.57080,3.14159,3.14159,-1.96350,-1.17810,0.00000,1.17810,1.96350,3.14159,-2.74889,-1.57080,-0.78540,0.39270,1.57080,1.57080,2.35619,3.14159
105.28
0.78540,2.35619,-2.74889,-2.74889,-1.17810,0.39270,0.78540,1.96350,3.14159,-2.74889,-1.57080,-0.78540,0.00000,0.78540,1.57080,1.17810,3.14159,3.14159,-1.96350,-1.17810,0.39270,0.78540,1.96350,3.14159,-2.74889,-1.57080,-0.78540,0.39270,1.17810,1.57080,1.96350,3.14159
105.67
1.57080,2.35619,-2.74889,-2.74889,-1.17810,0.00000,0.78540,1.96350,3.14159,-2.74889,-1.57080,-0.78540,0.00000,0.39270,0.78540,1.17810,3.14159,3.14159,-1.96350,-1.17810,0.00000,1.57080,1.96350,3.14159,-2.74889,-1.17810,-0.39270,0.39270,0.78540,1.96350,1.96350,3.14159
105.72
1.96350,2.35619,-2.74889,-2.74889,-0.78540,0.00000,1.17810,1.96350,3.14159,-2.74889,-1.17810,-0.78540,0.39270,0.78540,1.17810,1.96350,3.14159,3.14159,-1.57080,-0.78540,0.39270,1.17810,2.35619,3.14159,-2.74889,-1.17810,-0.39270,1.17810,1.17810,1.57080,2.35619,3.14159
106.37
1.57080,2.74889,-2.74889,-2.74889,-1.17810,0.00000,0.78540,1.96350,3.14159,-2.74889,-1.57080,-0.78540,0.39270,0.39270,1.17810,1.96350,3.14159,3.14159,-1.96350,-1.17810,0.39270,0.78540,1.96350,3.14159,-2.74889,-1.57080,-0.39270,0.00000,1.17810,1.96350,1.96350,3.14159
107.18
1.57080,2.35619,-2.74889,-2.74889,-1.17810,0.00000,0.78540,1.96350,3.14159,-2.74889,-1.57080,-0.78540,0.39270,0.78540,1.17810,1.96350,3.14159,3.14159,-1.96350,-1.17810,0.00000,1.17810,2.35619,3.14159,-2.74889,-1.17810,-0.39270,0.00000,0.78540,1.57080,2.35619,3.14159
107.24
1.57080,2.35619,-2.74889,-2.74889,-0.78540,0.00000,1.17810,2.35619,3.14159,-2.74889,-1.57080,-0.39270,0.39270,1.17810,1.17810,1.57080,3.14159,3.14159,-1.96350,-1.17810,0.00000,0.78540,1.96350,3.14159,-2.74889,-1.57080,-0.39270,0.39270,1.17810,1.57080,2.35619,3.14159
107.75
1.17810,2.35619,-2.74889,-2.74889,-1.57080,0.00000,0.78540,1.96350,3.14159,-2.74889,-1.57080,-0.78540,0.39270,0.78540,0.78540,1.57080,3.14159,3.14159,-1.96350,-1.17810,0.00000,0.78540,1.96350,3.14159,-2.74889,-1.57080,-0.39270,0.39270,0.78540,1.17810,1.96350,3.14159
107.94
1.57080,2.35619,-2.74889,-2.74889,-1.17810,0.00000,0.78540,1.96350,3.14159,-2.74889,-1.57080,-0.78540,0.00000,0.78540,1.17810,1.96350,3.14159,3.14159,-1.96350,-0.78540,0.00000,1.17810,1.96350,3.14159,-2.74889,-1.17810,-0.39270,0.39270,1.57080,1.96350,1.96350,3.14159
108.26
1.57080,2.35619,-2.74889,-2.74889,-1.17810,0.00000,0.78540,1.96350,3.14159,-2.74889,-1.57080,-0.78540,0.00000,1.17810,1.17810,1.96350,3.14159,3.14159,-1.96350,-1.17810,0.00000,0.78540,1.96350,3.14159,-2.74889,-1.57080,-0.39270,0.00000,1.17810,1.57080,2.35619,3.14159
108.50
1.17810,2.35619,-2.74889,-2.74889,-1.17810,-0.39270,0.78540,1.96350,3.14159,-2.74889,-1.57080,-0.78540,0.39270,0.39270,0.78540,1.57080,3.14159,3.14159,-1.96350,-1.17810,0.00000,0.78540,1.96350,3.14159,-2.74889,-1.57080,-0.78540,0.39270,1.17810,1.57080,1.96350,3.14159
108.76
1.57080,2.35619,-2.74889,-2.74889,-1.17810,0.00000,0.78540,1.96350,3.14159,-2.74889,-1.57080,-0.39270,0.39270,0.78540,1.17810,1.57080,3.14159,3.14159,-1.96350,-1.17810,0.00000,1.17810,1.96350,3.14159,-2.74889,-1.57080,-0.39270,0.39270,1.17810,1.57080,1.96350,3.14159
108.84
1.17810,1.96350,-2.74889,-2.74889,-1.17810,0.00000,0.78540,1.96350,3.14159,-2.74889,-1.57080,-0.78540,0.00000,0.78540,1.17810,1.57080,3.14159,3.14159,-1.96350,-1.17810,0.00000,0.78540,1.96350,3.14159,-2.74889,-1.57080,-0.39270,0.39270,0.78540,1.57080,1.96350,3.14159
108.97
1.17810,2.35619,-2.74889,-2.74889,-1.17810,0.00000,0.78540,1.96350,3.14159,-2.74889,-1.57080,-0.78540,0.00000,0.78540,0.78540,1.57080,3.14159,3.14159,-1.96350,-1.17810,0.00000,0.78540,1.96350,3.14159,-2.74889,-1.57080,-0.78540,0.39270,1.17810,1.57080,1.96350,3.14159
109.00
1.57080,2.35619,-2.74889,-2.35619,-0.78540,0.00000,0.78540,1.96350,3.14159,-2.74889,-1.17810,-0.39270,0.78540,0.78540,1.17810,1.57080,3.14159,3.14159,-1.96350,-1.17810,0.00000,1.17810,1.96350,3.14159,-2.74889,-1.57080,-0.39270,0.78540,1.17810,1.57080,1.96350,3.14159
110.27
1.57080,2.35619,-2.74889,-2.35619,-1.17810,0.00000,0.78540,1.96350,3.14159,-2.74889,-1.57080,-0.39270,0.39270,0.78540,1.17810,1.57080,3.14159,3.14159,-1.96350,-0.78540,0.00000,0.78540,1.96350,3.14159,-2.74889,-1.57080,-0.39270,0.39270,1.17810,1.57080,1.96350,3.14159
110.33
1.57080,2.35619,-2.74889,-2.35619,-1.17810,0.00000,0.78540,1.96350,2.74889,-2.74889,-1.57080,-0.78540,0.39270,1.17810,1.17810,1.96350,2.35619,3.14159,-2.35619,-1.17810,-0.39270,0.78540,1.96350,3.14159,-2.74889,-1.57080,-0.39270,0.00000,0.78540,1.17810,2.35619,2.74889
112.08
1.17810,2.35619,-2.74889,-2.35619,-1.17810,0.00000,0.78540,1.96350,2.74889,-2.74889,-1.57080,-0.78540,0.00000,0.39270,1.17810,1.57080,2.35619,3.14159,-1.96350,-1.17810,0.00000,0.78540,1.96350,3.14159,-2.74889,-1.57080,-0.39270,0.39270,0.78540,1.17810,1.96350,2.74889
112.30
1.57080,2.35619,-2.74889,-1.96350,-1.17810,0.00000,0.78540,1.96350,3.14159,-2.35619,-1.57080,-0.78540,0.39270,0.78540,0.78540,1.57080,2.74889,3.14159,-1.96350,-1.17810,0.00000,0.78540,1.96350,2.74889,-2.74889,-1.57080,-0.39270,0.39270,0.78540,1.57080,1.96350,3.14159
112.40
1.17810,2.35619,-2.74889,-1.96350,-1.17810,0.00000,0.78540,1.96350,3.14159,-2.35619,-1.57080,-0.78540,0.00000,0.78540,1.17810,1.57080,2.74889,3.14159,-1.96350,-1.17810,0.00000,1.17810,1.96350,3.14159,-2.74889,-1.57080,-0.39270,0.39270,1.17810,1.57080,1.96350,3.14159
112.45
1.57080,2.35619,-2.74889,-1.96350,-1.17810,0.00000,0.78540,1.96350,3.14159,-2.74889,-1.57080,-0.78540,0.00000,0.78540,1.17810,1.57080,2.35619,3.14159,-1.96350,-1.17810,0.00000,0.78540,1.96350,2.74889,-2.74889,-1.57080,-0.39270,0.39270,1.17810,1.57080,1.96350,3.14159
113.03
1.17810,2.35619,-2.74889,-1.96350,-1.17810,0.00000,0.78540,1.96350,2.74889,-2.74889,-1.57080,-0.78540,0.00000,0.78540,1.17810,1.57080,2.35619,3.14159,-1.96350,-1.17810,0.00000,0.78540,1.96350,2.74889,-2.35619,-1.57080,-0.39270,0.39270,1.17810,1.57080,1.96350,3.14159
113.08
1.17810,2.35619,-2.74889,-1.96350,-1.17810,-0.39270,0.78540,1.96350,2.74889,-2.74889,-1.57080,-0.78540,0.00000,0.78540,1.17810,1.57080,2.35619,3.14159,-1.96350,-1.17810,0.00000,0.78540,1.96350,2.74889,-2.74889,-1.57080,-0.78540,0.39270,1.17810,1.57080,1.96350,2.74889
113.09
1.17810,2.35619,-2.74889,-1.96350,-1.17810,0.00000,0.78540,1.96350,2.74889,-2.74889,-1.57080,-0.78540,0.00000,0.78540,1.17810,1.57080,2.35619,3.14159,-1.96350,-1.17810,0.00000,0.78540,1.96350,2.74889,-2.74889,-1.57080,-0.39270,0.39270,1.17810,1.57080,1.96350,2.74889
113.10
1.17810,2.35619,-2.74889,-1.96350,-1.17810,0.00000,0.78540,1.96350,2.74889,-2.74889,-1.57080,-0.78540,0.00000,0.78540,1.17810,1.57080,2.35619,3.14159,-1.96350,-1.17810,0.00000,0.78540,1.96350,2.74889,-2.74889,-1.57080,-0.78540,0.39270,1.17810,1.57080,1.96350,2.74889
113.19
1.17810,2.35619,-2.74889,-1.96350,-1.17810,-0.39270,0.78540,1.96350,2.74889,-2.35619,-1.57080,-0.78540,0.00000,0.78540,1.17810,1.57080,2.35619,3.14159,-1.96350,-1.17810,0.00000,0.78540,1.96350,2.74889,-2.74889,-1.57080,-0.78540,0.39270,1.17810,1.57080,1.96350,2.74889
