1.05
0.00000,0.00000,0.00000,0.00000,0.00000,0.00000,0.00000,0.00000,0.00000,0.00000,0.00000,0.00000,0.00000,0.00000,0.00000,0.00000,0.00000,0.00000,0.00000,0.00000,0.00000,0.00000,0.00000,0.00000,0.00000,0.00000,0.00000,0.00000,0.00000,0.00000,0.00000,0.00000
2.41
0.00000,0.00000,1.17810,0.39270,0.00000,-1.17810,0.00000,1.57080,0.78540,0.00000,-1.17810,0.00000,0.78540,0.00000,2.74889,0.39270,0.78540,-0.78540,1.17810,0.78540,-0.78540,-1.57080,1.57080,0.78540,0.39270,1.96350,-1.57080,-0.78540,-2.74889,1.57080,-1.17810,-0.39270
2.51
-1.17810,-1.96350,0.78540,-0.78540,-1.96350,-1.17810,1.96350,-0.39270,0.78540,0.39270,0.00000,0.39270,-0.39270,-0.78540,2.35619,0.78540,1.17810,-0.78540,2.35619,-0.78540,0.39270,-0.39270,0.78540,1.57080,0.78540,0.39270,-0.78540,1.57080,-1.96350,3.14159,1.17810,0.39270
3.09
-0.39270,-0.78540,3.14159,0.39270,-2.74889,-1.57080,0.78540,-2.74889,-0.78540,-0.39270,-2.74889,0.78540,-1.17810,-0.78540,1.57080,1.17810,-1.57080,-2.35619,3.14159,0.78540,1.57080,0.39270,2.35619,1.96350,-1.57080,-0.39270,-1.17810,-0.78540,-1.96350,3.14159,1.57080,1.96350
3.51
-0.39270,-0.78540,3.14159,0.39270,-2.35619,0.00000,0.39270,-1.57080,-0.78540,0.00000,-2.35619,0.78540,-1.17810,-0.39270,0.78540,2.35619,-2.74889,-1.17810,3.14159,0.00000,3.14159,0.39270,3.14159,-0.39270,-2.35619,-0.39270,0.00000,-1.96350,-2.74889,3.14159,1.57080,0.00000
8.87
-1.17810,0.00000,2.35619,1.57080,-0.78540,1.57080,0.00000,0.39270,0.39270,0.00000,-2.74889,0.00000,-1.96350,1.17810,0.00000,1.96350,-2.35619,0.00000,3.14159,-0.39270,1.57080,0.78540,3.14159,-0.39270,-2.74889,-0.78540,0.39270,-1.57080,-2.74889,3.14159,1.96350,1.96350
15.69
-1.57080,1.96350,3.14159,0.39270,-1.17810,-1.96350,0.00000,1.57080,3.14159,0.00000,-2.74889,-1.17810,-0.78540,2.35619,1.57080,1.96350,3.14159,-2.74889,3.14159,0.39270,1.96350,-2.74889,3.14159,3.14159,3.14159,-0.78540,-0.78540,2.74889,-2.74889,3.14159,1.96350,0.00000
18.58
1.57080,0.39270,0.00000,0.39270,-2.74889,2.74889,-0.78540,-0.39270,-0.78540,-2.74889,-1.96350,-2.74889,-1.96350,3.14159,-0.39270,3.14159,0.78540,-2.35619,-2.35619,-1.17810,-1.57080,0.78540,3.14159,2.35619,2.35619,-2.74889,1.57080,1.57080,0.00000,-2.74889,0.00000,-2.74889
25.27
0.78540,-2.74889,-0.39270,2.74889,-0.78540,3.14159,3.14159,-1.57080,1.57080,-0.78540,1.17810,-2.74889,-2.74889,2.74889,-0.39270,-0.39270,0.39270,2.74889,-2.35619,-2.74889,-1.96350,-0.39270,1.96350,2.74889,3.14159,-2.74889,0.78540,2.35619,1.17810,-2.74889,1.57080,-2.74889
25.49
-2.74889,0.00000,-0.78540,3.14159,-2.74889,3.14159,-2.35619,-0.39270,-2.35619,1.96350,-2.74889,-2.35619,0.39270,0.00000,-2.74889,0.00000,3.14159,1.17810,3.14159,-2.35619,-1.57080,0.78540,1.96350,3.14159,1.17810,-2.35619,-0.78540,2.35619,1.17810,-1.57080,-2.74889,-2.74889
35.29
3.14159,-1.96350,-1.57080,0.39270,0.78540,3.14159,-2.74889,-1.57080,-0.39270,-0.39270,-2.74889,-2.74889,-2.74889,2.35619,-2.74889,1.17810,-2.35619,1.17810,1.57080,-2.74889,-1.57080,-1.96350,1.57080,2.74889,3.14159,-2.74889,-2.74889,1.96350,1.96350,3.14159,-2.74889,-2.35619
38.30
3.14159,-1.57080,0.39270,2.35619,-1.96350,3.14159,-2.74889,-0.78540,0.78540,2.35619,-2.74889,-2.74889,-2.74889,-0.39270,-2.74889,1.96350,1.57080,3.14159,-2.74889,-0.39270,-0.78540,0.78540,2.35619,3.14159,3.14159,-2.74889,-1.96350,3.14159,2.35619,3.14159,-2.74889,2.35619
38.61
3.14159,2.74889,1.17810,3.14159,1.17810,3.14159,-2.35619,0.39270,1.17810,1.57080,-2.74889,-2.74889,-2.74889,-2.35619,-2.74889,0.39270,1.96350,3.14159,-2.74889,-2.35619,0.00000,0.39270,2.35619,3.14159,3.14159,-2.74889,-1.17810,2.74889,1.96350,1.57080,-2.35619,-2.74889
45.09
-0.78540,-2.74889,-1.57080,0.78540,1.96350,3.14159,-2.74889,-1.57080,-0.78540,1.57080,1.57080,1.17810,-2.74889,1.57080,-2.74889,0.00000,-1.57080,1.57080,3.14159,-2.74889,-1.57080,0.00000,-0.39270,2.35619,3.14159,-2.74889,-0.78540,3.14159,-2.74889,2.74889,2.35619,3.14159
46.13
-2.74889,-0.39270,-0.78540,-0.78540,2.35619,3.14159,-1.57080,-2.74889,0.39270,0.00000,-2.74889,-2.74889,-2.74889,3.14159,-1.96350,-2.35619,0.78540,2.74889,3.14159,-2.74889,-0.78540,0.78540,1.96350,2.74889,3.14159,-2.35619,-0.78540,-0.78540,-0.78540,2.74889,3.14159,3.14159
47.09
-2.74889,-2.74889,-2.35619,-2.35619,0.78540,2.74889,-2.74889,-2.74889,0.00000,0.00000,-2.74889,-2.74889,-2.74889,3.14159,-1.17810,-0.78540,1.57080,0.00000,3.14159,-2.35619,-1.17810,-0.78540,0.78540,0.78540,3.14159,-2.74889,-1.57080,-1.17810,-0.39270,2.74889,2.35619,3.14159
53.58
-2.74889,-2.74889,-1.96350,-0.39270,2.35619,2.74889,-1.96350,-2.74889,-0.78540,0.39270,-2.74889,-2.74889,-2.74889,3.14159,3.14159,-0.78540,1.96350,1.96350,2.74889,-2.35619,-1.17810,-0.78540,1.17810,2.74889,3.14159,-2.35619,-2.74889,0.39270,0.00000,1.96350,2.74889,3.14159
54.39
-2.74889,-1.57080,-0.78540,1.57080,1.96350,2.74889,-2.74889,0.00000,0.78540,0.78540,-2.35619,2.74889,-2.74889,1.57080,-1.96350,0.39270,1.57080,3.14159,3.14159,-2.74889,0.00000,0.39270,1.17810,2.74889,3.14159,-2.74889,-0.78540,0.78540,-2.74889,-1.57080,-2.74889,3.14159
55.21
-2.74889,-1.57080,-1.57080,0.00000,1.96350,3.14159,-2.35619,-1.57080,-0.39270,1.96350,-2.74889,-2.74889,-2.74889,-1.96350,-1.17810,0.00000,0.00000,2.74889,2.74889,-2.74889,0.78540,-1.17810,0.78540,2.74889,3.14159,-1.17810,-1.17810,1.96350,1.17810,1.57080,-2.35619,2.35619
57.90
-2.74889,-1.57080,0.78540,0.39270,2.35619,2.74889,-2.74889,-0.78540,0.39270,1.96350,0.78540,1.96350,-2.74889,-0.39270,-0.78540,-1.17810,1.17810,3.14159,3.14159,-2.74889,0.00000,0.39270,1.57080,2.74889,3.14159,-2.74889,-1.17810,0.39270,-2.74889,-2.74889,-2.74889,2.74889
58.45
-2.74889,-1.17810,0.00000,1.17810,2.74889,3.14159,-2.74889,-0.39270,0.00000,2.35619,1.96350,3.14159,-2.74889,-0.78540,-1.96350,1.57080,1.57080,2.74889,3.14159,-2.74889,-0.39270,0.39270,2.35619,3.14159,3.14159,-2.74889,0.39270,-1.17810,-2.74889,-2.74889,-2.74889,3.14159
61.14
-2.74889,-1.17810,-0.39270,1.17810,2.35619,3.14159,-2.74889,0.00000,0.39270,2.35619,1.17810,3.14159,-2.74889,-0.39270,-2.35619,0.78540,1.96350,2.35619,3.14159,-2.74889,-0.39270,0.00000,1.96350,3.14159,3.14159,-2.74889,0.39270,0.00000,-2.74889,-2.74889,-2.74889,3.14159
62.03
-2.74889,-2.35619,0.00000,1.57080,2.35619,3.14159,-1.57080,-1.17810,-0.78540,1.57080,-2.74889,-2.74889,-2.74889,0.00000,0.78540,-1.57080,1.96350,2.74889,-2.35619,-2.35619,-1.17810,1.57080,1.96350,3.14159,3.14159,-1.96350,-0.39270,1.57080,0.39270,1.57080,-2.74889,3.14159
63.23
-2.74889,-2.74889,0.78540,-0.39270,1.57080,3.14159,-1.57080,-1.17810,-0.39270,1.57080,-2.74889,3.14159,-2.74889,-0.39270,0.39270,0.39270,1.57080,2.74889,3.14159,-2.74889,-0.39270,-0.39270,1.57080,3.14159,3.14159,-1.96350,-0.39270,0.39270,-2.74889,2.74889,-2.35619,-2.74889
64.55
-2.74889,-1.17810,0.00000,1.17810,2.35619,3.14159,-2.74889,-1.57080,-0.39270,1.96350,-2.74889,3.14159,-2.74889,-1.96350,-1.17810,0.78540,1.96350,3.14159,3.14159,-2.74889,0.00000,-0.39270,1.17810,2.74889,3.14159,-1.96350,0.00000,0.78540,-2.74889,-2.35619,-2.74889,3.14159
65.73
-2.74889,-0.78540,-0.39270,1.96350,1.96350,3.14159,-2.74889,-0.78540,0.78540,2.35619,1.57080,3.14159,-2.74889,0.00000,-1.17810,-0.39270,0.39270,2.74889,3.14159,-2.74889,-0.39270,0.00000,1.57080,2.74889,3.14159,-2.74889,-1.17810,0.00000,-2.74889,-2.74889,-2.74889,3.14159
67.17
-2.74889,-1.17810,-0.78540,0.00000,3.14159,3.14159,-2.35619,-1.17810,0.00000,1.57080,3.14159,3.14159,-2.74889,-0.39270,-1.17810,0.00000,1.57080,3.14159,3.14159,-2.74889,-0.78540,0.00000,1.96350,3.14159,3.14159,-2.74889,-0.78540,0.39270,-2.74889,-2.74889,-2.74889,3.14159
67.69
-2.74889,-1.57080,-1.17810,1.17810,2.74889,3.14159,-2.74889,-1.17810,-0.39270,1.57080,3.14159,2.74889,-2.74889,-0.78540,-1.96350,0.39270,0.78540,1.96350,3.14159,-2.74889,-1.57080,0.00000,2.35619,3.14159,3.14159,-1.96350,-0.39270,1.17810,-2.74889,-2.74889,-2.74889,3.14159
69.73
-2.74889,-0.78540,-0.78540,1.17810,2.74889,3.14159,-2.74889,-0.78540,0.00000,1.17810,3.14159,2.74889,-2.74889,-0.78540,-1.57080,0.00000,0.78540,2.35619,3.14159,-2.74889,-1.17810,-0.39270,2.35619,3.14159,3.14159,-2.35619,-0.39270,0.00000,-2.74889,-2.74889,-2.74889,3.14159
71.76
-2.74889,-1.57080,-0.78540,0.78540,2.35619,3.14159,-2.74889,-1.57080,0.39270,0.78540,3.14159,-2.74889,-2.74889,-0.78540,-2.74889,-0.78540,1.57080,3.14159,2.74889,-2.35619,-1.17810,0.00000,0.00000,2.74889,3.14159,-1.17810,-0.39270,0.78540,0.39270,-2.74889,2.35619,3.14159
73.25
-2.74889,-1.96350,-0.78540,0.39270,2.35619,3.14159,-2.74889,-1.17810,0.00000,0.78540,3.14159,-2.74889,-2.74889,0.78540,-1.57080,-1.57080,0.78540,3.14159,3.14159,-2.35619,-1.57080,0.00000,0.78540,1.96350,3.14159,-2.74889,-0.78540,0.39270,0.00000,0.00000,2.74889,2.35619
75.67
-2.74889,-2.74889,-0.39270,0.39270,1.57080,3.14159,-2.35619,-1.17810,0.78540,1.17810,1.96350,-2.74889,-2.74889,1.57080,-0.39270,0.00000,0.78540,3.14159,3.14159,-1.96350,-0.78540,0.00000,0.39270,1.96350,3.14159,-1.17810,-0.39270,1.57080,0.78540,1.57080,1.96350,-2.74889
76.71
-2.74889,-1.96350,-0.78540,0.78540,1.96350,3.14159,-2.74889,-0.78540,0.00000,0.78540,3.14159,-2.74889,-2.74889,0.39270,-1.57080,0.39270,1.17810,3.14159,3.14159,-2.74889,-0.78540,0.00000,1.17810,2.74889,3.14159,-2.74889,-0.78540,0.78540,0.39270,-2.74889,3.14159,3.14159
80.21
-2.74889,-2.35619,-0.78540,0.78540,1.57080,2.35619,-2.35619,-1.17810,-1.17810,0.39270,2.74889,-2.74889,-2.74889,0.00000,-1.57080,0.00000,1.17810,1.96350,3.14159,-2.74889,-1.57080,0.39270,1.17810,1.57080,3.14159,-2.74889,-0.78540,0.39270,-0.39270,1.96350,2.74889,3.14159
81.93
-2.74889,-1.96350,-0.78540,1.57080,1.96350,3.14159,-2.74889,-1.17810,-0.39270,0.78540,2.74889,-2.74889,-2.74889,-0.39270,-1.57080,0.39270,0.78540,3.14159,3.14159,-2.74889,-0.78540,0.00000,0.39270,2.35619,3.14159,-2.35619,-0.78540,0.39270,1.17810,1.57080,3.14159,3.14159
84.51
-2.74889,-1.57080,-0.39270,0.78540,1.57080,3.14159,-2.74889,-0.78540,0.39270,0.39270,2.74889,-2.74889,-2.74889,-0.78540,-0.39270,-0.39270,1.17810,3.14159,3.14159,-1.96350,-1.57080,0.00000,1.17810,3.14159,3.14159,-1.96350,-0.78540,0.39270,0.39270,1.17810,3.14159,3.14159
88.41
-2.74889,-1.57080,-0.78540,0.78540,1.96350,3.14159,-2.35619,-1.17810,0.39270,0.78540,3.14159,-2.74889,-2.74889,-1.17810,-1.57080,0.00000,0.78540,2.35619,3.14159,-2.74889,-1.17810,0.00000,1.17810,2.74889,3.14159,-1.57080,-0.78540,0.39270,1.96350,-2.74889,3.14159,3.14159
88.93
-2.74889,-1.96350,-0.78540,1.17810,1.96350,3.14159,-2.35619,-0.78540,0.00000,1.57080,3.14159,-2.74889,-2.74889,-0.78540,-1.17810,-0.78540,0.78540,2.35619,3.14159,-2.35619,-1.17810,0.00000,0.78540,1.96350,3.14159,-2.35619,-0.39270,0.78540,1.57080,1.17810,3.14159,3.14159
89.16
-2.74889,-1.57080,-0.39270,0.39270,1.96350,3.14159,-2.74889,-0.78540,0.00000,1.57080,2.74889,-2.74889,-2.74889,-1.17810,-1.57080,-0.78540,0.39270,2.35619,3.14159,-2.74889,-1.57080,0.39270,0.78540,2.74889,3.14159,-1.57080,-0.78540,0.39270,1.17810,2.35619,3.14159,-2.74889
89.19
-2.74889,-1.57080,0.00000,0.78540,1.96350,3.14159,-2.74889,-1.57080,0.00000,1.17810,2.35619,-2.74889,-2.74889,-1.57080,-1.17810,-0.39270,1.17810,2.35619,3.14159,-2.74889,-0.78540,0.00000,0.78540,2.74889,3.14159,-1.17810,-0.39270,0.00000,0.39270,2.35619,3.14159,-2.74889
89.68
-2.74889,-1.96350,0.00000,0.78540,2.35619,3.14159,-2.74889,-1.17810,0.78540,1.17810,2.35619,-2.74889,-2.74889,-1.17810,-1.57080,-0.39270,0.78540,2.35619,3.14159,-2.74889,-1.17810,-0.39270,1.17810,2.74889,3.14159,-1.96350,-0.78540,0.00000,0.78540,1.57080,3.14159,-2.74889
90.31
-2.74889,-1.57080,-0.78540,0.39270,1.96350,3.14159,-2.74889,-0.78540,0.00000,1.17810,2.35619,-2.74889,-2.74889,-0.78540,-1.17810,-0.39270,0.78540,1.57080,3.14159,-2.74889,-0.78540,0.00000,1.17810,3.14159,3.14159,-2.35619,-0.78540,0.39270,1.57080,2.35619,3.14159,-2.74889
90.54
-2.74889,-1.96350,-1.17810,0.78540,1.96350,3.14159,-2.74889,-1.17810,0.39270,1.17810,2.74889,-2.74889,-2.74889,-1.17810,-0.78540,0.00000,1.17810,1.96350,3.14159,-2.74889,-1.17810,0.00000,1.17810,2.74889,3.14159,-1.96350,-1.17810,0.39270,0.78540,0.78540,3.14159,-2.74889
90.64
-2.74889,-1.17810,-0.78540,0.78540,1.96350,3.14159,-2.74889,-1.17810,0.00000,1.57080,2.74889,-2.74889,-2.74889,-1.57080,-1.17810,0.39270,1.17810,1.96350,3.14159,-2.74889,-0.78540,0.00000,1.17810,2.74889,3.14159,-1.96350,0.00000,0.00000,0.78540,2.35619,3.14159,-2.74889
92.11
-2.74889,-1.96350,0.00000,0.78540,1.96350,3.14159,-2.74889,-1.17810,0.39270,1.57080,2.35619,-2.74889,-2.74889,-1.57080,-0.39270,0.00000,0.78540,2.35619,3.14159,-2.74889,-1.57080,0.00000,1.17810,2.74889,3.14159,-1.96350,-0.78540,0.00000,1.57080,1.96350,3.14159,-2.74889
92.31
-2.74889,-1.96350,-0.39270,0.78540,1.96350,3.14159,-2.74889,-1.17810,0.39270,1.17810,2.35619,-2.74889,-2.74889,-0.78540,-0.78540,-0.39270,0.39270,1.96350,3.14159,-2.74889,-1.17810,-0.39270,1.17810,2.74889,3.14159,-1.96350,-0.78540,0.39270,1.57080,2.74889,3.14159,-2.74889
92.54
-2.74889,-1.17810,0.00000,0.78540,1.96350,3.14159,-2.74889,-1.57080,-0.39270,1.17810,2.35619,-2.74889,-2.74889,-1.17810,-1.17810,-0.39270,0.39270,1.96350,3.14159,-2.74889,-1.57080,0.00000,1.17810,2.35619,3.14159,-1.57080,-0.78540,0.00000,1.57080,1.57080,3.14159,-2.74889
93.41
-2.74889,-1.96350,-0.39270,0.78540,1.96350,3.14159,-2.74889,-1.17810,0.39270,0.78540,2.35619,-2.74889,-2.74889,-0.78540,-1.17810,0.00000,0.78540,2.35619,3.14159,-2.74889,-1.17810,0.00000,1.17810,2.74889,3.14159,-1.96350,-0.39270,0.39270,0.78540,1.96350,3.14159,-2.74889
93.70
-2.74889,-1.96350,-0.39270,1.17810,1.96350,3.14159,-2.74889,-1.17810,0.39270,1.17810,2.35619,-2.74889,-2.74889,-1.17810,-1.17810,0.00000,1.17810,2.35619,3.14159,-2.74889,-1.17810,0.00000,1.57080,2.35619,3.14159,-1.57080,-0.78540,0.00000,1.17810,1.96350,3.14159,-2.74889
94.33
-2.74889,-1.96350,-0.39270,0.78540,1.96350,3.14159,-2.74889,-1.17810,0.39270,1.17810,2.35619,-2.74889,-2.74889,-1.57080,-0.78540,0.00000,0.39270,2.35619,3.14159,-2.74889,-1.17810,0.00000,1.17810,2.35619,3.14159,-1.96350,-0.39270,0.00000,1.57080,1.96350,3.14159,-2.74889
94.66
-2.74889,-1.57080,-0.39270,0.39270,1.57080,3.14159,-2.74889,-1.17810,0.39270,1.57080,2.74889,-2.74889,-2.74889,-1.17810,-0.78540,-0.39270,1.17810,1.96350,3.14159,-2.74889,-1.17810,0.00000,1.17810,2.35619,3.14159,-1.96350,-0.78540,0.39270,1.17810,1.96350,3.14159,-2.74889
94.99
-2.74889,-1.57080,-0.39270,0.78540,1.96350,3.14159,-2.74889,-1.17810,0.39270,1.17810,2.35619,-2.74889,-2.74889,-1.57080,-1.17810,-0.39270,0.78540,1.57080,3.14159,-2.74889,-1.57080,0.00000,1.17810,2.35619,3.14159,-1.57080,-0.78540,0.39270,1.57080,1.96350,3.14159,-2.74889
95.05
-2.74889,-1.17810,-0.39270,0.78540,1.96350,3.14159,-2.74889,-1.57080,0.00000,1.17810,2.35619,-2.74889,-2.74889,-1.17810,-0.78540,0.00000,0.39270,1.96350,3.14159,-2.74889,-1.17810,0.00000,1.17810,2.35619,3.14159,-1.96350,-0.39270,0.39270,1.17810,1.57080,3.14159,-2.74889
95.18
-2.74889,-1.57080,-0.39270,0.78540,1.96350,3.14159,-2.74889,-1.17810,0.00000,1.17810,2.35619,-2.74889,-2.74889,-0.78540,-1.17810,0.00000,0.78540,1.96350,3.14159,-2.74889,-1.57080,0.00000,1.17810,2.35619,3.14159,-1.96350,-0.39270,0.78540,1.17810,1.96350,3.14159,-2.74889
95.34
-2.74889,-1.96350,-0.78540,0.78540,1.96350,3.14159,-2.74889,-1.17810,0.00000,1.17810,2.35619,3.14159,-2.74889,-1.96350,-0.78540,0.00000,0.78540,1.96350,3.14159,-2.74889,-1.17810,0.00000,1.17810,1.96350,3.14159,-1.96350,-0.78540,0.00000,0.39270,1.57080,3.14159,-2.74889
95.41
-2.74889,-1.96350,-0.78540,0.78540,1.57080,3.14159,-2.74889,-1.17810,0.00000,1.17810,2.35619,3.14159,-2.74889,-1.57080,-0.39270,0.00000,0.78540,1.57080,3.14159,-2.74889,-0.78540,0.00000,1.17810,2.35619,3.14159,-1.96350,-0.78540,0.39270,0.78540,1.96350,3.14159,-2.74889
95.70
-2.74889,-1.96350,-0.39270,0.78540,1.57080,3.14159,-2.74889,-1.57080,0.00000,1.17810,1.96350,3.14159,-2.74889,-1.57080,-0.78540,0.00000,0.78540,1.96350,3.14159,-2.74889,-1.17810,0.39270,1.17810,2.35619,3.14159,-1.96350,-0.78540,0.39270,1.17810,1.57080,3.14159,-2.74889
95.89
-2.74889,-1.57080,-0.39270,0.78540,1.96350,3.14159,-2.74889,-1.17810,0.00000,1.17810,1.96350,3.14159,-2.74889,-0.78540,-0.39270,-0.39270,0.78540,1.57080,3.14159,-2.74889,-1.17810,0.00000,1.17810,1.96350,3.14159,-1.96350,-1.17810,0.39270,1.17810,1.57080,3.14159,-2.74889
96.81
-2.74889,-1.57080,-0.78540,0.39270,1.57080,3.14159,-2.74889,-1.17810,0.00000,1.17810,1.96350,3.14159,-2.74889,-1.57080,-1.17810,-0.39270,0.78540,1.96350,3.14159,-2.74889,-1.17810,-0.39270,1.17810,2.35619,3.14159,-1.96350,-0.78540,0.39270,1.17810,1.96350,3.14159,-2.74889
96.89
-2.74889,-1.57080,-0.39270,0.78540,1.57080,3.14159,-2.74889,-1.17810,0.00000,0.78540,2.35619,3.14159,-2.74889,-1.17810,-0.78540,-0.39270,0.78540,1.96350,3.14159,-2.74889,-1.17810,0.00000,1.17810,2.35619,3.14159,-1.96350,-0.78540,0.39270,1.57080,1.57080,3.14159,-2.74889
97.05
-2.74889,-1.57080,-0.78540,0.78540,1.57080,3.14159,-2.74889,-1.17810,0.00000,1.17810,1.96350,3.14159,-2.74889,-1.57080,-0.78540,0.00000,0.78540,1.96350,3.14159,-2.74889,-1.17810,0.00000,1.17810,1.96350,3.14159,-1.96350,-0.78540,0.00000,1.17810,1.96350,3.14159,-2.74889
97.13
-2.74889,-1.57080,-0.39270,0.78540,1.96350,3.14159,-2.74889,-1.17810,0.00000,1.17810,2.35619,3.14159,-2.74889,-1.57080,-1.17810,0.00000,0.78540,1.96350,3.14159,-2.74889,-1.17810,0.00000,1.17810,1.96350,3.14159,-1.96350,-0.78540,0.39270,1.17810,1.57080,3.14159,-2.74889
97.38
-2.74889,-1.57080,-0.39270,0.78540,1.57080,3.14159,-2.74889,-1.17810,0.00000,1.17810,1.96350,3.14159,-2.35619,-1.57080,-1.17810,-0.39270,0.78540,1.96350,3.14159,-2.74889,-1.57080,0.00000,1.17810,2.35619,3.14159,-1.96350,-0.78540,0.39270,0.78540,1.96350,3.14159,-2.74889
97.58
-2.74889,-1.57080,-0.39270,0.78540,1.57080,3.14159,-2.35619,-1.17810,0.00000,1.17810,2.35619,3.14159,-2.74889,-1.57080,-0.78540,0.00000,0.78540,1.57080,3.14159,-2.74889,-1.17810,0.00000,1.17810,2.35619,3.14159,-1.96350,-1.17810,0.39270,1.17810,1.96350,3.14159,-2.74889
97.59
-2.74889,-1.57080,-0.39270,0.39270,1.96350,3.14159,-2.35619,-1.17810,0.00000,1.17810,2.35619,3.14159,-2.74889,-1.57080,-0.78540,0.00000,0.78540,1.96350,3.14159,-2.74889,-1.17810,0.00000,1.17810,2.35619,3.14159,-1.96350,-1.17810,0.39270,1.17810,1.96350,3.14159,-2.74889
97.76
-2.74889,-1.57080,-0.39270,0.39270,1.57080,3.14159,-2.35619,-1.17810,0.00000,1.17810,2.35619,3.14159,-2.74889,-1.17810,-1.17810,0.00000,0.78540,1.57080,3.14159,-2.74889,-1.17810,0.00000,1.17810,1.96350,3.14159,-1.96350,-0.78540,0.39270,1.17810,1.57080,3.14159,-2.74889
98.13
-2.74889,-1.57080,-0.39270,0.78540,1.57080,3.14159,-2.35619,-1.17810,0.00000,1.17810,2.35619,3.14159,-2.74889,-1.17810,-1.17810,0.00000,0.78540,1.96350,3.14159,-2.74889,-1.17810,0.00000,1.17810,2.35619,3.14159,-1.96350,-0.78540,0.00000,1.17810,1.96350,3.14159,-2.74889
98.15
-2.74889,-1.57080,-0.78540,0.39270,1.57080,3.14159,-2.35619,-1.17810,0.00000,1.17810,2.35619,3.14159,-2.74889,-1.57080,-0.78540,-0.39270,1.17810,1.96350,2.74889,-2.74889,-1.17810,0.00000,1.17810,2.35619,3.14159,-1.57080,-0.78540,0.39270,1.17810,1.57080,2.35619,-2.74889
98.20
-2.74889,-1.96350,-0.78540,0.39270,1.57080,3.14159,-2.35619,-1.17810,0.00000,1.17810,2.35619,3.14159,-2.74889,-1.57080,-0.78540,-0.39270,0.78540,1.96350,3.14159,-2.74889,-1.17810,0.00000,1.17810,1.96350,3.14159,-1.96350,-0.78540,0.39270,0.78540,1.96350,2.35619,-2.74889
98.41
-2.74889,-1.57080,-0.78540,0.78540,1.57080,2.74889,-1.96350,-1.17810,0.00000,0.78540,1.96350,3.14159,-2.74889,-1.57080,-1.17810,-0.39270,0.78540,1.57080,2.74889,-2.74889,-1.17810,0.00000,1.17810,2.35619,3.14159,-1.96350,-0.78540,0.39270,1.17810,1.96350,2.74889,-2.74889
98.85
-2.74889,-1.57080,-0.39270,0.78540,1.96350,3.14159,-2.35619,-1.17810,0.00000,1.17810,2.35619,-2.74889,-2.35619,-0.78540,-1.17810,0.00000,0.78540,1.96350,3.14159,-2.74889,-1.17810,0.00000,1.17810,2.35619,3.14159,-1.57080,-0.78540,0.39270,1.17810,1.57080,2.74889,-2.74889
99.10
-2.74889,-1.57080,-0.39270,0.78540,1.96350,3.14159,-2.35619,-1.17810,0.00000,1.17810,2.35619,-2.74889,-1.96350,-1.57080,-1.17810,0.00000,0.78540,1.57080,3.14159,-2.74889,-1.17810,0.00000,1.17810,2.35619,3.14159,-1.96350,-0.78540,0.39270,1.17810,1.96350,2.74889,-2.74889
99.22
-2.74889,-1.57080,-0.39270,0.78540,1.57080,3.14159,-2.35619,-1.17810,0.00000,1.17810,1.96350,-2.74889,-1.96350,-1.17810,-0.78540,0.00000,0.78540,1.57080,3.14159,-2.74889,-1.17810,0.00000,1.17810,2.35619,3.14159,-1.96350,-0.78540,0.39270,1.17810,1.57080,2.74889,-2.74889
99.24
-2.74889,-1.57080,-0.39270,0.78540,1.96350,3.14159,-2.35619,-1.17810,0.00000,1.17810,1.96350,-2.74889,-1.96350,-1.57080,-0.78540,0.00000,0.78540,1.96350,3.14159,-2.74889,-1.17810,0.00000,1.17810,2.35619,3.14159,-1.96350,-0.78540,0.39270,1.57080,1.96350,2.74889,-2.74889
99.34
-2.74889,-1.57080,-0.39270,0.78540,1.96350,3.14159,-2.35619,-1.17810,0.00000,1.17810,1.96350,-2.74889,-2.35619,-1.17810,-1.17810,0.00000,0.78540,1.96350,3.14159,-2.74889,-1.17810,0.00000,1.17810,2.35619,3.14159,-1.96350,-0.78540,0.39270,1.17810,1.96350,2.74889,-2.74889
99.40
-2.74889,-1.57080,-0.39270,0.78540,1.96350,3.14159,-2.35619,-1.17810,0.00000,1.17810,2.35619,-2.74889,-1.96350,-1.57080,-1.17810,0.00000,0.78540,1.96350,3.14159,-2.74889,-1.17810,0.00000,1.17810,2.35619,3.14159,-1.96350,-0.78540,0.39270,1.17810,1.57080,2.74889,-2.74889
99.61
-2.74889,-1.57080,-0.39270,0.78540,1.96350,3.14159,-2.35619,-1.17810,0.00000,1.17810,1.96350,-2.74889,-1.96350,-1.57080,-0.78540,0.00000,0.78540,1.96350,2.74889,-2.74889,-1.17810,0.00000,1.17810,2.35619,3.14159,-1.96350,-0.78540,0.39270,1.17810,1.96350,2.35619,-2.74889
99.67
-2.74889,-1.57080,-0.39270,0.78540,1.96350,3.14159,-2.35619,-1.17810,0.00000,1.17810,2.35619,-2.74889,-1.96350,-1.17810,-0.78540,0.00000,0.78540,1.96350,3.14159,-2.74889,-1.17810,0.00000,1.17810,2.35619,3.14159,-1.96350,-0.78540,0.39270,1.17810,1.96350,2.74889,-2.74889
99.88
-2.74889,-1.57080,-0.39270,0.78540,1.57080,2.74889,-2.35619,-1.17810,0.00000,1.17810,1.96350,-2.74889,-1.96350,-1.17810,-0.78540,0.00000,0.78540,1.96350,3.14159,-2.74889,-1.17810,0.00000,1.17810,2.35619,3.14159,-1.96350,-0.78540,0.39270,1.17810,1.57080,2.35619,-2.74889
100.05
-2.74889,-1.57080,-0.39270,0.78540,1.96350,3.14159,-2.35619,-1.17810,0.00000,1.17810,1.96350,-2.74889,-1.96350,-1.17810,-0.78540,0.39270,0.78540,1.96350,3.14159,-2.35619,-1.17810,0.00000,1.17810,2.35619,3.14159,-1.96350,-0.78540,0.39270,1.17810,1.96350,2.74889,-2.74889
100.27
-2.74889,-1.57080,-0.39270,0.78540,1.96350,3.14159,-2.35619,-1.17810,0.00000,1.17810,1.96350,-2.74889,-1.96350,-1.17810,-0.78540,0.00000,0.78540,1.96350,3.14159,-2.35619,-1.17810,0.00000,1.17810,2.35619,3.14159,-1.96350,-0.78540,0.39270,0.78540,1.57080,2.35619,-2.74889
100.45
-2.74889,-1.57080,-0.39270,0.78540,1.57080,3.14159,-2.35619,-1.17810,0.00000,1.17810,2.35619,-2.74889,-1.96350,-1.17810,-0.78540,-0.39270,0.78540,1.96350,2.74889,-2.35619,-1.17810,0.00000,1.17810,2.35619,3.14159,-1.96350,-0.78540,0.39270,1.17810,1.57080,2.35619,-2.74889
100.52
-2.74889,-1.57080,-0.39270,0.78540,1.96350,2.74889,-2.35619,-1.17810,0.00000,1.17810,2.35619,-2.74889,-1.96350,-1.17810,-0.78540,0.00000,0.78540,1.96350,2.74889,-2.35619,-1.17810,0.00000,1.17810,2.35619,3.14159,-1.96350,-0.78540,0.39270,0.78540,1.57080,2.35619,-2.74889
100.55
-2.74889,-1.57080,-0.39270,0.78540,1.57080,2.74889,-2.35619,-1.17810,0.00000,1.17810,1.96350,-2.74889,-1.96350,-1.17810,-0.78540,0.00000,0.78540,1.96350,2.74889,-2.35619,-1.17810,0.00000,1.17810,2.35619,3.14159,-1.96350,-0.78540,0.39270,0.78540,1.57080,2.35619,-2.74889
100.68
-2.74889,-1.57080,-0.39270,0.39270,1.57080,2.74889,-2.35619,-1.17810,0.00000,1.17810,2.35619,3.14159,-1.96350,-1.57080,-1.17810,0.00000,0.78540,1.96350,2.74889,-2.35619,-1.17810,0.00000,1.17810,2.35619,3.14159,-1.96350,-0.78540,0.00000,1.17810,1.57080,2.35619,-2.74889
100.93
-2.74889,-1.57080,-0.39270,0.78540,1.57080,2.74889,-2.35619,-1.17810,0.00000,1.17810,1.96350,3.14159,-2.35619,-1.57080,-0.78540,0.00000,0.78540,1.96350,2.74889,-2.35619,-1.17810,0.00000,1.17810,2.35619,3.14159,-1.96350,-0.78540,0.00000,1.17810,1.57080,2.35619,-2.74889
