1.36
0.00000,0.00000,0.00000,0.00000,0.00000,0.00000,0.00000,0.00000,0.00000,0.00000,0.00000,0.00000,0.00000,0.00000,0.00000,0.00000,0.00000,0.00000,0.00000,0.00000,0.00000,0.00000,0.00000,0.00000,0.00000,0.00000,0.00000,0.00000,0.00000,0.00000,0.00000,0.00000
3.06
-1.96350,-1.57080,0.78540,-0.39270,-0.39270,-0.78540,1.57080,0.39270,0.39270,-1.17810,0.39270,1.17810,-0.78540,1.17810,1.17810,-1.96350,-0.39270,1.57080,0.00000,-1.57080,-2.74889,-1.57080,-2.74889,1.96350,0.39270,3.14159,0.39270,-0.39270,0.00000,0.00000,-0.78540,-0.39270
4.81
-1.96350,-1.17810,0.00000,0.00000,0.78540,-1.17810,-0.39270,0.39270,0.00000,-1.96350,-0.39270,1.96350,0.00000,-0.78540,0.00000,-2.74889,-1.17810,0.78540,-1.17810,-1.57080,-2.35619,0.00000,-1.96350,1.96350,0.78540,3.14159,-0.78540,0.39270,0.00000,0.00000,-1.17810,-1.57080
7.63
-0.39270,-0.78540,1.96350,-0.39270,-2.74889,1.57080,-0.39270,-1.17810,1.57080,0.78540,0.78540,-0.39270,-2.74889,-0.78540,1.17810,-1.96350,-0.39270,-2.74889,-2.74889,-0.39270,-1.96350,-0.78540,0.39270,0.39270,1.17810,2.74889,-2.74889,0.78540,3.14159,1.96350,0.39270,0.78540
13.80
2.35619,-1.57080,1.17810,-1.17810,-1.17810,2.74889,2.35619,-0.39270,-0.39270,0.78540,0.39270,2.74889,-2.74889,1.17810,0.39270,0.78540,0.00000,2.35619,2.35619,1.57080,-0.78540,-0.78540,2.35619,1.96350,1.17810,3.14159,1.96350,-0.78540,-0.78540,-0.39270,3.14159,1.57080
18.95
-2.74889,-2.35619,-2.35619,-1.57080,0.78540,-2.74889,3.14159,-2.74889,0.00000,1.96350,-1.96350,3.14159,-2.35619,-1.17810,-2.74889,-2.35619,-1.17810,0.78540,-2.74889,-1.57080,-2.74889,-2.74889,-1.57080,0.78540,2.35619,2.74889,3.14159,-2.74889,0.39270,2.35619,-2.74889,1.17810
23.71
0.00000,3.14159,-2.35619,-2.74889,-2.74889,-0.39270,2.35619,1.96350,-2.74889,-2.35619,2.74889,-0.39270,1.17810,-1.17810,-0.39270,2.35619,2.35619,-1.17810,0.00000,-0.78540,1.96350,-1.57080,-2.74889,-1.17810,0.78540,0.39270,-2.35619,-2.74889,3.14159,-2.74889,2.35619,-0.39270
24.84
0.00000,0.39270,-0.78540,3.14159,-2.74889,-0.39270,0.78540,1.17810,2.35619,3.14159,-1.17810,-1.17810,-2.35619,-1.17810,-2.35619,-0.39270,-2.35619,-2.74889,-2.74889,0.00000,1.17810,1.96350,2.35619,0.78540,-2.35619,0.39270,0.39270,2.74889,0.39270,1.57080,2.35619,2.35619
26.87
1.17810,2.35619,-2.74889,3.14159,-1.17810,-1.57080,-0.78540,1.17810,0.39270,3.14159,-2.74889,3.14159,-1.57080,0.78540,2.35619,3.14159,-1.96350,-1.57080,-2.74889,-1.17810,1.17810,-2.74889,2.74889,-1.17810,-0.78540,0.78540,0.78540,2.35619,3.14159,-0.78540,-2.35619,-0.78540
29.62
0.39270,-0.78540,-1.57080,3.14159,-2.74889,0.39270,0.78540,1.57080,-2.35619,3.14159,2.35619,-0.78540,1.17810,-1.17810,2.35619,2.74889,2.74889,-2.74889,-0.78540,-0.39270,1.17810,2.74889,-2.74889,-1.96350,1.57080,-0.78540,-0.39270,2.74889,-2.74889,-1.57080,3.14159,-1.57080
30.37
0.78540,-0.78540,-2.74889,2.74889,-2.74889,-1.57080,0.78540,1.57080,-2.74889,2.35619,1.96350,0.39270,-0.78540,-0.78540,1.96350,-0.78540,2.74889,-2.74889,-0.78540,0.00000,0.78540,2.74889,-2.74889,-2.74889,0.39270,-0.39270,1.96350,1.57080,-2.74889,-2.74889,1.96350,-2.74889
35.10
0.78540,-2.74889,2.35619,-2.74889,-0.39270,1.17810,0.78540,2.74889,-1.57080,-1.96350,-0.39270,-1.17810,2.35619,-2.74889,3.14159,2.74889,3.14159,-1.57080,-0.39270,-2.74889,2.74889,3.14159,-2.74889,-0.78540,-1.17810,-1.57080,2.74889,1.96350,-2.74889,-2.35619,-1.57080,-0.39270
38.45
0.39270,1.96350,2.74889,3.14159,-2.74889,0.78540,0.39270,1.57080,1.96350,2.74889,3.14159,-1.57080,1.17810,2.74889,0.78540,1.96350,3.14159,-2.74889,2.74889,0.00000,1.96350,2.35619,-2.74889,-2.35619,-2.74889,0.78540,0.00000,2.74889,-2.35619,-2.74889,2.74889,-2.35619
39.97
0.00000,0.39270,2.74889,3.14159,-2.74889,-1.57080,0.00000,1.17810,2.35619,2.74889,3.14159,-0.78540,-0.39270,-1.57080,2.74889,2.35619,2.74889,-2.74889,-2.74889,-0.78540,0.00000,3.14159,-2.74889,1.96350,-1.17810,-1.17810,-1.17810,2.74889,2.35619,3.14159,1.96350,1.57080
45.14
1.57080,1.57080,2.74889,-2.35619,-1.96350,-1.17810,1.17810,2.35619,2.35619,-0.78540,-1.57080,-1.17810,-1.57080,-2.74889,-2.74889,3.14159,3.14159,-2.74889,-1.17810,0.39270,2.35619,3.14159,-2.74889,-1.96350,-2.35619,-0.39270,1.57080,1.96350,3.14159,-2.74889,1.96350,-1.17810
46.10
1.96350,1.57080,3.14159,-2.74889,0.00000,0.39270,1.17810,2.74889,-2.74889,-2.74889,-1.57080,-1.17810,1.57080,-2.74889,-2.74889,2.35619,3.14159,-1.17810,0.78540,0.00000,2.74889,2.35619,-2.74889,-2.74889,-0.78540,1.96350,1.96350,-2.35619,3.14159,-2.74889,2.74889,-0.78540
47.51
1.57080,1.57080,3.14159,2.74889,-2.74889,-1.57080,0.00000,2.74889,1.57080,-2.74889,-1.57080,-2.35619,0.78540,-0.78540,1.17810,0.00000,3.14159,-2.74889,-2.35619,0.00000,0.78540,2.74889,-2.74889,-2.74889,-2.35619,-0.39270,1.17810,2.35619,3.14159,-1.96350,3.14159,-1.57080
49.96
0.00000,1.96350,3.14159,3.14159,-2.74889,-1.17810,0.00000,1.57080,3.14159,-2.74889,-1.57080,-1.96350,0.39270,0.78540,-2.74889,3.14159,3.14159,-2.74889,-2.74889,0.39270,1.17810,3.14159,-2.74889,-2.74889,-2.74889,0.00000,0.78540,1.96350,3.14159,-2.74889,2.74889,0.00000
50.58
-0.39270,2.35619,2.74889,3.14159,-2.74889,-1.17810,0.78540,1.96350,2.74889,-2.74889,-1.96350,-1.57080,-0.78540,-1.17810,-2.74889,3.14159,3.14159,-2.74889,-1.96350,0.39270,0.78540,3.14159,-2.74889,-1.57080,-1.96350,-0.78540,-0.39270,1.57080,3.14159,-2.74889,3.14159,-2.74889
51.74
-1.17810,1.96350,2.74889,3.14159,-2.74889,-0.39270,0.00000,1.96350,3.14159,-2.74889,-1.17810,-2.74889,-0.39270,-1.17810,-2.74889,2.74889,3.14159,-2.74889,-1.17810,0.00000,1.17810,3.14159,-2.74889,-1.57080,-1.96350,-0.39270,0.39270,2.35619,3.14159,-2.74889,3.14159,-2.74889
53.21
0.00000,1.17810,3.14159,3.14159,-2.35619,-1.57080,-0.39270,1.57080,3.14159,-2.74889,-2.35619,-1.57080,2.35619,0.00000,1.57080,3.14159,3.14159,-2.74889,-2.74889,-0.39270,0.78540,3.14159,-2.74889,-1.96350,-1.57080,-0.39270,1.57080,1.96350,3.14159,-2.35619,0.78540,-1.57080
53.62
1.17810,1.17810,2.74889,3.14159,-2.35619,-1.17810,0.00000,1.17810,3.14159,-2.74889,-2.35619,-1.17810,1.57080,0.39270,0.78540,3.14159,3.14159,-2.74889,-2.74889,0.39270,1.57080,3.14159,-2.74889,-2.35619,-1.57080,-0.78540,1.57080,1.96350,3.14159,-1.57080,1.57080,-2.35619
54.78
0.39270,1.57080,2.74889,3.14159,-2.74889,-0.78540,0.39270,1.96350,3.14159,-2.74889,-2.35619,-1.57080,0.39270,-1.17810,-2.35619,3.14159,3.14159,-2.74889,-0.78540,0.00000,0.78540,3.14159,-2.74889,-1.17810,-0.39270,-1.17810,1.17810,2.74889,3.14159,-2.74889,3.14159,-2.74889
59.29
0.78540,1.17810,3.14159,3.14159,-2.74889,-0.78540,0.39270,1.96350,3.14159,-2.74889,-1.17810,-1.57080,0.39270,0.00000,0.39270,2.74889,3.14159,-2.74889,-2.35619,0.39270,0.78540,3.14159,-2.74889,-2.74889,0.00000,-0.78540,1.17810,2.74889,3.14159,-2.35619,3.14159,-1.96350
66.06
0.78540,1.57080,3.14159,3.14159,-1.57080,-0.78540,0.78540,1.17810,3.14159,-2.74889,-0.78540,-1.57080,0.78540,-1.57080,0.78540,2.74889,3.14159,-2.35619,-1.96350,0.78540,1.17810,2.74889,-2.74889,-2.74889,-1.17810,0.39270,1.17810,2.74889,3.14159,-2.35619,3.14159,-1.96350
69.00
0.00000,1.57080,3.14159,3.14159,-1.96350,-0.78540,0.39270,1.96350,3.14159,-2.74889,-2.35619,-1.57080,0.78540,0.39270,1.96350,3.14159,3.14159,-2.74889,-1.57080,-0.39270,1.17810,3.14159,-2.74889,-2.74889,-1.57080,-0.39270,1.17810,2.74889,3.14159,-2.74889,3.14159,-1.96350
70.98
0.00000,1.17810,3.14159,3.14159,-1.57080,-0.39270,0.00000,2.35619,3.14159,-2.74889,-1.96350,-0.39270,0.78540,0.39270,1.57080,3.14159,3.14159,-2.74889,-1.17810,0.00000,1.17810,3.14159,-2.74889,-2.74889,-0.39270,0.39270,1.57080,1.96350,3.14159,-2.74889,3.14159,-1.96350
71.07
0.78540,0.78540,3.14159,3.14159,-1.96350,-1.17810,0.39270,1.96350,3.14159,-2.74889,-1.57080,-1.17810,0.39270,0.00000,1.96350,3.14159,3.14159,-2.74889,-1.57080,-0.39270,0.39270,3.14159,-2.74889,-2.74889,-1.17810,0.00000,0.78540,2.35619,3.14159,-2.74889,3.14159,-1.57080
75.16
0.78540,0.39270,2.35619,3.14159,-1.96350,-0.78540,0.39270,1.17810,2.35619,-2.74889,-1.57080,-1.17810,0.78540,0.00000,1.17810,2.74889,3.14159,-2.74889,-1.96350,-0.39270,0.00000,2.74889,-2.74889,-2.74889,-1.17810,-0.39270,0.78540,1.96350,3.14159,-2.74889,3.14159,-1.96350
75.33
0.00000,1.57080,3.14159,3.14159,-2.35619,-0.78540,0.39270,1.96350,3.14159,-2.74889,-1.96350,-0.78540,0.78540,1.57080,2.35619,3.14159,3.14159,-2.74889,-1.17810,-0.39270,1.17810,2.35619,-2.74889,-2.35619,-1.17810,0.00000,1.17810,2.74889,3.14159,-2.74889,2.35619,-1.57080
78.11
0.39270,1.57080,3.14159,3.14159,-1.96350,-0.78540,0.39270,1.57080,3.14159,-2.74889,-1.57080,-0.78540,0.39270,1.17810,1.57080,2.74889,3.14159,-2.74889,-1.57080,-0.39270,1.17810,1.96350,-2.74889,-2.74889,-1.96350,-0.39270,0.78540,2.74889,3.14159,-2.74889,3.14159,-1.96350
78.74
0.78540,1.17810,3.14159,3.14159,-1.57080,-0.78540,0.78540,1.96350,3.14159,-2.74889,-1.57080,-0.78540,0.39270,1.17810,1.57080,2.74889,3.14159,-2.74889,-1.17810,0.00000,1.17810,2.35619,-2.74889,-2.74889,-1.57080,0.39270,0.39270,2.35619,3.14159,-2.74889,3.14159,-1.57080
78.85
0.39270,1.57080,3.14159,3.14159,-1.96350,-0.39270,0.00000,1.96350,3.14159,-2.74889,-1.57080,-0.78540,1.17810,1.57080,1.57080,3.14159,3.14159,-2.74889,-0.78540,0.00000,0.78540,2.35619,-2.74889,-2.74889,-0.78540,0.00000,1.17810,2.35619,3.14159,-2.74889,-2.74889,-1.17810
80.12
0.39270,1.96350,3.14159,3.14159,-1.96350,-0.39270,0.39270,1.96350,3.14159,-2.74889,-1.17810,-0.39270,0.39270,1.17810,1.17810,2.35619,3.14159,-2.74889,-1.17810,0.00000,0.78540,2.35619,-2.74889,-2.74889,-1.17810,-0.39270,0.39270,2.35619,3.14159,-2.74889,-2.74889,-1.17810
80.75
1.17810,1.57080,3.14159,3.14159,-1.96350,-0.78540,0.39270,1.57080,3.14159,-2.74889,-1.57080,-0.39270,0.00000,1.17810,1.57080,3.14159,3.14159,-2.74889,-1.17810,0.00000,0.78540,1.96350,-2.74889,-2.74889,-0.78540,0.00000,0.78540,2.35619,3.14159,-2.74889,-2.74889,-1.57080
81.83
0.39270,1.17810,3.14159,3.14159,-1.57080,-0.78540,0.39270,1.57080,3.14159,-2.74889,-1.57080,-0.39270,0.78540,1.17810,1.57080,3.14159,3.14159,-2.74889,-1.17810,-0.39270,0.78540,1.96350,-2.74889,-2.74889,-1.17810,-0.39270,1.17810,1.96350,3.14159,-2.74889,-2.74889,-1.57080
82.03
0.39270,1.17810,3.14159,3.14159,-1.57080,-0.39270,0.78540,1.57080,3.14159,-2.74889,-1.57080,-0.39270,0.39270,1.17810,1.57080,3.14159,3.14159,-2.74889,-1.17810,-0.39270,1.17810,1.96350,-2.74889,-2.74889,-1.17810,0.00000,1.17810,1.96350,3.14159,-2.74889,-2.74889,-1.57080
82.27
0.39270,1.57080,3.14159,3.14159,-1.96350,-0.39270,0.39270,1.57080,3.14159,-2.74889,-1.57080,-0.78540,0.39270,0.78540,1.57080,3.14159,3.14159,-2.74889,-1.17810,0.00000,0.78540,1.96350,-2.74889,-2.74889,-1.17810,0.00000,1.17810,1.96350,3.14159,-2.74889,-2.74889,-1.57080
82.45
0.39270,1.57080,3.14159,3.14159,-1.57080,-0.39270,0.39270,1.57080,3.14159,-2.74889,-1.57080,-0.39270,0.00000,1.17810,1.57080,3.14159,3.14159,-2.74889,-1.17810,0.00000,0.78540,1.96350,-2.74889,-2.74889,-1.17810,0.00000,1.17810,1.96350,3.14159,-2.74889,-2.74889,-1.57080
82.47
0.39270,1.17810,3.14159,3.14159,-1.57080,-0.39270,0.39270,1.57080,3.14159,-2.74889,-1.57080,-0.78540,0.39270,1.17810,1.57080,3.14159,3.14159,-2.74889,-1.17810,0.00000,0.78540,1.96350,-2.74889,-2.74889,-1.17810,0.00000,0.78540,1.96350,3.14159,-2.74889,-2.74889,-1.57080
82.51
0.78540,1.57080,3.14159,3.14159,-1.57080,-0.39270,0.39270,1.57080,3.14159,-2.74889,-1.57080,-0.39270,0.39270,1.17810,1.57080,3.14159,3.14159,-2.74889,-1.17810,0.00000,0.78540,1.96350,-2.74889,-2.74889,-1.17810,0.00000,1.17810,1.96350,3.14159,-2.74889,-2.74889,-1.57080
82.56
0.39270,1.57080,3.14159,3.14159,-1.57080,-0.39270,0.39270,1.57080,3.14159,-2.74889,-1.57080,-0.39270,0.39270,0.78540,1.57080,3.14159,3.14159,-2.74889,-1.17810,0.00000,0.78540,1.96350,-2.74889,-2.74889,-1.17810,0.00000,1.17810,1.96350,3.14159,-2.74889,-2.74889,-1.57080
82.64
0.39270,1.57080,3.14159,3.14159,-1.57080,-0.39270,0.39270,1.57080,3.14159,-2.74889,-1.57080,-0.39270,0.39270,1.17810,1.57080,3.14159,3.14159,-2.74889,-1.17810,0.00000,0.78540,1.96350,-2.74889,-2.74889,-1.17810,0.00000,1.17810,1.96350,3.14159,-2.74889,-2.74889,-1.17810
82.81
0.39270,1.17810,3.14159,3.14159,-1.57080,-0.78540,0.78540,1.57080,3.14159,-2.74889,-1.57080,-0.78540,0.39270,1.17810,1.57080,3.14159,3.14159,-2.74889,-0.78540,-0.39270,0.78540,1.96350,-2.74889,-2.35619,-0.78540,0.00000,1.17810,1.96350,3.14159,-2.74889,-2.74889,-1.57080
82.91
0.39270,1.57080,3.14159,3.14159,-1.57080,0.00000,0.39270,1.57080,3.14159,-2.74889,-1.57080,-0.78540,0.39270,1.17810,1.57080,3.14159,3.14159,-2.74889,-1.17810,0.00000,0.78540,1.96350,-2.74889,-2.35619,-1.17810,0.00000,1.17810,1.96350,3.14159,-2.74889,-2.74889,-1.57080
83.33
0.39270,1.57080,3.14159,3.14159,-1.57080,-0.39270,0.78540,1.57080,3.14159,-2.74889,-1.57080,-0.39270,0.00000,1.17810,1.96350,3.14159,3.14159,-2.74889,-1.17810,0.00000,1.17810,1.96350,-2.74889,-2.35619,-1.17810,0.00000,1.17810,1.96350,3.14159,-2.74889,-2.74889,-1.57080
83.44
0.39270,1.57080,3.14159,3.14159,-1.57080,-0.39270,0.39270,1.57080,3.14159,-2.74889,-1.57080,-0.39270,0.39270,1.17810,1.57080,3.14159,3.14159,-2.74889,-1.57080,0.00000,0.78540,1.96350,-2.74889,-2.35619,-1.17810,0.00000,1.17810,1.96350,3.14159,-2.74889,-2.74889,-1.17810
83.56
0.39270,1.57080,3.14159,3.14159,-1.57080,-0.39270,0.78540,1.96350,3.14159,-2.74889,-1.57080,-0.39270,0.78540,1.17810,1.96350,3.14159,3.14159,-2.74889,-1.17810,0.00000,0.78540,1.96350,-2.74889,-1.96350,-1.17810,0.00000,1.17810,1.96350,3.14159,-2.74889,-2.74889,-1.57080
83.98
0.78540,1.57080,3.14159,3.14159,-1.57080,-0.39270,0.78540,1.57080,3.14159,-2.74889,-1.57080,-0.39270,0.39270,1.17810,1.96350,3.14159,3.14159,-2.74889,-1.17810,0.00000,1.17810,2.35619,-2.74889,-1.96350,-1.17810,0.00000,1.17810,2.35619,3.14159,-2.74889,-2.74889,-1.17810
84.15
0.39270,1.57080,2.35619,3.14159,-1.57080,-0.39270,0.39270,1.57080,2.74889,-2.74889,-1.57080,-0.39270,0.39270,1.17810,1.57080,3.14159,3.14159,-1.96350,-1.17810,0.00000,0.78540,1.96350,-2.74889,-2.74889,-0.78540,0.00000,0.78540,1.96350,3.14159,-2.74889,-2.74889,-0.78540
84.33
0.39270,1.57080,2.74889,3.14159,-1.57080,-0.78540,0.39270,1.57080,3.14159,-2.74889,-1.57080,-0.78540,0.39270,0.78540,1.57080,3.14159,3.14159,-2.35619,-1.17810,0.00000,0.78540,1.96350,-2.74889,-2.74889,-1.17810,0.00000,1.17810,1.96350,3.14159,-2.74889,-2.74889,-1.57080
84.56
0.39270,1.57080,3.14159,3.14159,-1.57080,-0.78540,0.39270,1.57080,3.14159,-2.74889,-1.57080,-0.78540,0.39270,1.17810,1.96350,2.74889,3.14159,-2.74889,-1.17810,0.00000,0.78540,1.96350,-2.74889,-1.96350,-1.17810,0.00000,0.78540,2.35619,3.14159,-2.74889,-2.74889,-1.57080
84.75
0.39270,1.57080,3.14159,3.14159,-1.57080,-0.78540,0.39270,1.57080,3.14159,-2.74889,-1.57080,-0.39270,0.78540,1.17810,1.57080,2.74889,3.14159,-2.74889,-1.17810,0.00000,0.78540,1.96350,-2.74889,-1.96350,-1.17810,0.00000,1.17810,2.35619,3.14159,-2.74889,-2.74889,-1.17810
84.77
0.39270,1.57080,3.14159,3.14159,-1.57080,-0.39270,0.39270,1.57080,3.14159,-2.74889,-1.57080,-0.39270,0.39270,1.17810,1.96350,2.74889,3.14159,-2.74889,-1.17810,-0.39270,0.78540,1.96350,-2.74889,-1.96350,-1.17810,0.00000,1.17810,1.96350,3.14159,-2.74889,-2.74889,-1.57080
85.08
0.39270,1.17810,2.35619,3.14159,-1.57080,-0.78540,0.39270,1.57080,3.14159,-2.74889,-1.57080,-0.78540,0.39270,1.17810,1.57080,2.35619,3.14159,-2.74889,-1.17810,-0.39270,0.78540,1.96350,-2.74889,-2.74889,-1.17810,0.00000,1.17810,2.35619,3.14159,-2.74889,-2.74889,-1.17810
85.11
0.39270,1.57080,2.35619,3.14159,-1.57080,-0.39270,0.39270,1.57080,3.14159,-2.74889,-1.57080,-0.78540,0.39270,1.17810,1.57080,1.96350,3.14159,-2.74889,-1.17810,0.00000,0.78540,1.96350,-2.74889,-2.74889,-1.17810,0.00000,1.17810,2.35619,3.14159,-2.74889,-2.74889,-1.57080
85.24
0.39270,1.17810,2.35619,3.14159,-1.57080,-0.39270,0.39270,1.57080,3.14159,-2.74889,-1.57080,-0.39270,0.39270,1.17810,1.57080,2.35619,3.14159,-2.74889,-1.17810,0.00000,0.78540,1.96350,-2.74889,-2.74889,-1.17810,0.00000,1.17810,1.96350,3.14159,-2.74889,-2.74889,-1.57080
85.24
0.39270,1.57080,3.14159,3.14159,-1.57080,-0.78540,0.39270,1.57080,3.14159,-2.74889,-1.17810,-0.39270,0.78540,1.17810,1.57080,2.35619,3.14159,-2.74889,-1.17810,-0.39270,0.78540,1.96350,-2.74889,-1.96350,-1.17810,0.00000,1.17810,1.96350,3.14159,-2.74889,-2.35619,-1.17810
85.26
0.39270,1.57080,3.14159,3.14159,-1.57080,-0.39270,0.39270,1.57080,3.14159,-2.74889,-1.57080,-0.39270,0.39270,1.17810,1.57080,1.96350,3.14159,-2.74889,-1.17810,0.00000,0.78540,1.96350,-2.74889,-1.57080,-1.17810,0.00000,1.17810,1.96350,3.14159,-2.74889,-1.96350,-1.17810
85.59
0.39270,1.57080,3.14159,3.14159,-1.57080,-0.39270,0.39270,1.57080,3.14159,-2.74889,-1.57080,-0.39270,0.39270,1.17810,1.57080,2.35619,3.14159,-2.74889,-1.17810,0.00000,0.78540,1.96350,-2.74889,-1.96350,-1.17810,0.00000,1.17810,1.57080,3.14159,-2.74889,-2.35619,-1.17810
85.80
0.39270,1.57080,3.14159,3.14159,-1.96350,-0.78540,0.39270,1.57080,3.14159,-2.74889,-1.57080,-0.39270,0.39270,1.57080,1.57080,1.96350,3.14159,-2.35619,-1.17810,0.00000,0.78540,1.96350,-2.74889,-1.96350,-1.17810,0.00000,1.17810,1.96350,3.14159,-2.74889,-2.74889,-1.17810
85.80
0.39270,1.17810,3.14159,3.14159,-1.96350,-0.78540,0.39270,1.57080,3.14159,-2.74889,-1.57080,-0.39270,0.39270,1.17810,1.57080,2.35619,3.14159,-2.35619,-1.17810,-0.39270,0.78540,1.96350,-2.74889,-1.96350,-1.17810,0.00000,1.17810,1.96350,3.14159,-2.74889,-2.74889,-1.17810
85.82
0.39270,1.57080,3.14159,3.14159,-1.57080,-0.39270,0.39270,1.57080,3.14159,-2.74889,-1.57080,-0.39270,0.39270,1.57080,1.57080,2.35619,3.14159,-1.96350,-1.17810,-0.39270,0.78540,1.96350,-2.74889,-2.35619,-1.17810,0.00000,1.17810,1.96350,3.14159,-2.74889,-2.74889,-1.57080
86.01
0.39270,1.57080,3.14159,3.14159,-1.57080,-0.78540,0.39270,1.57080,3.14159,-2.74889,-1.57080,-0.39270,0.39270,1.17810,1.57080,2.35619,3.14159,-2.35619,-1.17810,-0.39270,0.78540,1.96350,-2.74889,-2.35619,-1.17810,0.00000,1.17810,1.96350,3.14159,-2.74889,-2.74889,-1.17810
86.23
0.39270,1.57080,3.14159,3.14159,-1.57080,-0.39270,0.39270,1.57080,2.74889,-2.74889,-1.57080,-0.39270,0.78540,1.57080,1.17810,1.96350,3.14159,-2.35619,-1.17810,-0.39270,0.78540,1.96350,-2.74889,-1.96350,-1.17810,0.00000,1.17810,1.96350,3.14159,-2.74889,-2.74889,-1.57080
86.48
0.39270,1.57080,2.74889,3.14159,-1.57080,-0.39270,0.39270,1.57080,3.14159,-2.74889,-1.57080,-0.78540,0.78540,1.17810,1.57080,1.57080,3.14159,-2.35619,-1.17810,0.00000,0.78540,1.96350,-2.74889,-1.96350,-1.17810,0.00000,1.17810,1.96350,3.14159,-2.74889,-2.74889,-1.17810
86.53
0.39270,1.57080,2.74889,3.14159,-1.57080,-0.39270,0.39270,1.57080,3.14159,-2.74889,-1.57080,-0.78540,0.39270,1.17810,1.57080,1.96350,3.14159,-2.35619,-1.17810,0.00000,0.78540,1.57080,-2.74889,-1.96350,-1.17810,0.00000,1.17810,1.96350,3.14159,-2.74889,-2.74889,-1.57080
86.79
0.39270,1.57080,2.35619,3.14159,-1.96350,-0.78540,0.39270,1.57080,3.14159,-2.74889,-1.57080,-0.78540,0.39270,1.17810,1.57080,1.57080,3.14159,-2.35619,-1.17810,-0.39270,0.78540,1.96350,-2.74889,-1.96350,-1.17810,0.00000,1.17810,1.96350,3.14159,-2.74889,-2.74889,-1.57080
86.84
0.39270,1.57080,2.74889,3.14159,-1.57080,-0.39270,0.39270,1.57080,3.14159,-2.74889,-1.57080,-0.78540,0.39270,1.17810,1.96350,2.35619,3.14159,-2.35619,-1.17810,0.00000,0.78540,2.35619,-2.74889,-1.96350,-1.17810,0.00000,1.17810,1.96350,3.14159,-2.74889,-2.74889,-1.17810
87.34
0.39270,1.57080,2.35619,3.14159,-1.57080,-0.39270,0.39270,1.57080,3.14159,-2.74889,-1.57080,-0.39270,0.39270,1.17810,1.57080,1.96350,3.14159,-2.35619,-1.17810,-0.39270,0.78540,1.96350,-2.74889,-1.96350,-1.17810,0.00000,1.17810,1.96350,3.14159,-2.74889,-2.74889,-1.57080
87.40
0.39270,1.57080,2.35619,3.14159,-1.96350,-0.39270,0.39270,1.57080,2.74889,-2.74889,-1.57080,-0.39270,0.78540,0.78540,1.57080,1.96350,3.14159,-2.35619,-1.17810,-0.39270,0.78540,1.96350,-2.74889,-1.96350,-1.17810,0.00000,1.17810,1.96350,2.74889,-2.74889,-2.74889,-1.17810
87.65
0.39270,1.17810,2.35619,3.14159,-1.96350,-0.78540,0.39270,1.57080,2.35619,-2.74889,-1.57080,-0.39270,0.39270,1.17810,1.57080,1.96350,3.14159,-2.35619,-1.17810,-0.39270,0.78540,1.96350,-2.74889,-2.35619,-1.17810,-0.39270,1.17810,1.96350,2.74889,-2.74889,-2.74889,-1.17810
87.69
0.39270,1.57080,2.74889,3.14159,-1.57080,-0.78540,0.39270,1.57080,2.74889,-2.74889,-1.57080,-0.78540,0.39270,1.17810,1.96350,1.96350,3.14159,-1.96350,-1.17810,0.00000,0.78540,1.96350,-2.74889,-1.96350,-1.17810,0.00000,1.17810,1.96350,3.14159,-2.74889,-2.74889,-1.17810
87.91
0.39270,1.57080,2.74889,3.14159,-1.57080,-0.78540,0.39270,1.57080,2.74889,-2.74889,-1.57080,-0.78540,0.39270,1.17810,1.57080,1.96350,3.14159,-2.35619,-1.17810,-0.39270,0.78540,1.96350,-2.74889,-1.96350,-1.17810,0.00000,1.17810,1.96350,3.14159,-2.74889,-2.74889,-1.17810
88.05
0.39270,1.57080,2.35619,3.14159,-1.57080,-0.78540,0.39270,1.57080,2.74889,-2.74889,-1.57080,-0.39270,0.39270,1.17810,1.57080,1.96350,3.14159,-2.35619,-1.17810,-0.39270,0.78540,1.96350,-2.74889,-1.96350,-1.17810,0.00000,1.17810,1.96350,3.14159,-2.74889,-2.74889,-1.17810
88.27
0.39270,1.57080,2.35619,3.14159,-1.96350,-0.78540,0.39270,1.57080,2.74889,-2.74889,-1.57080,-0.78540,0.39270,0.78540,1.57080,1.96350,3.14159,-2.35619,-1.17810,-0.39270,0.78540,1.96350,-2.74889,-1.96350,-1.17810,0.00000,0.78540,1.96350,2.74889,-2.74889,-2.74889,-1.57080
88.41
0.39270,1.57080,2.35619,3.14159,-1.57080,-0.78540,0.39270,1.57080,2.74889,-2.74889,-1.57080,-0.78540,0.39270,1.17810,1.57080,1.96350,3.14159,-2.35619,-1.17810,-0.39270,0.78540,1.96350,-2.74889,-1.96350,-1.17810,0.00000,1.17810,1.96350,2.74889,-2.74889,-2.74889,-1.57080
88.65
0.39270,1.17810,2.35619,3.14159,-1.57080,-0.78540,0.39270,1.57080,2.74889,-2.74889,-1.57080,-0.78540,0.39270,1.17810,1.17810,1.96350,3.14159,-2.35619,-1.17810,0.00000,0.78540,1.96350,-2.74889,-2.35619,-1.17810,0.00000,1.17810,1.96350,2.74889,-2.74889,-2.35619,-1.57080
