1.38
0.00000,0.00000,0.00000,0.00000,0.00000,0.00000,0.00000,0.00000,0.00000,0.00000,0.00000,0.00000,0.00000,0.00000,0.00000,0.00000,0.00000,0.00000,0.00000,0.00000,0.00000,0.00000,0.00000,0.00000,0.00000,0.00000,0.00000,0.00000,0.00000,0.00000,0.00000,0.00000
1.88
0.78540,0.78540,-0.39270,0.78540,-0.78540,-0.78540,-1.17810,1.17810,-0.39270,0.78540,0.78540,0.78540,0.00000,-0.39270,0.00000,1.17810,0.78540,-0.78540,0.39270,-0.39270,0.39270,0.00000,-0.39270,-0.39270,-1.57080,0.00000,0.00000,0.00000,-1.57080,-0.78540,-0.78540,0.00000
3.71
0.39270,-0.39270,0.78540,0.78540,-0.39270,-0.78540,-1.17810,0.78540,-1.57080,0.78540,0.00000,2.35619,0.39270,0.78540,0.00000,1.17810,-1.57080,0.00000,0.39270,-0.78540,0.78540,0.39270,-2.35619,1.17810,-2.35619,-1.17810,0.78540,0.00000,0.00000,-2.35619,0.78540,-1.17810
6.42
0.78540,3.14159,1.17810,0.00000,1.17810,0.00000,1.96350,2.35619,-0.78540,-2.74889,-1.57080,2.35619,2.74889,-0.39270,0.00000,2.35619,0.39270,0.39270,-1.57080,2.74889,1.17810,1.57080,-2.74889,1.17810,-0.78540,0.78540,0.78540,-2.35619,-1.17810,0.78540,0.78540,0.00000
8.86
2.74889,0.78540,0.00000,3.14159,3.14159,-2.35619,0.78540,0.39270,-1.96350,-2.74889,-2.74889,1.57080,0.78540,0.00000,3.14159,1.57080,2.74889,-2.35619,0.39270,-0.78540,0.39270,-1.57080,-2.74889,1.17810,-2.35619,0.78540,0.00000,-2.35619,2.35619,1.57080,-1.17810,1.17810
10.43
3.14159,0.78540,-0.78540,1.17810,3.14159,-2.35619,-0.39270,1.17810,-2.74889,-2.74889,-2.74889,1.57080,0.00000,0.78540,1.57080,0.39270,3.14159,-2.35619,0.00000,-1.17810,1.17810,-0.39270,-2.74889,0.00000,-0.78540,0.39270,0.39270,-2.35619,3.14159,1.57080,0.00000,0.39270
11.45
0.39270,1.57080,-0.78540,0.78540,3.14159,-2.74889,-0.78540,1.96350,-1.57080,-2.74889,-2.74889,0.78540,-0.39270,1.57080,2.74889,-0.39270,3.14159,-0.39270,-0.78540,-2.35619,0.78540,0.39270,-2.74889,-1.96350,-1.96350,0.00000,1.17810,-2.74889,3.14159,2.74889,1.17810,0.00000
11.64
-2.74889,-0.78540,0.39270,-2.74889,-1.96350,-0.78540,-1.17810,3.14159,-2.74889,1.17810,0.00000,-1.17810,0.00000,1.57080,0.39270,3.14159,-0.39270,-2.74889,2.74889,-1.17810,0.78540,-0.39270,3.14159,1.96350,-0.78540,1.17810,0.78540,0.00000,1.96350,-2.74889,-1.96350,-2.74889
12.23
-1.96350,0.39270,-2.74889,2.35619,-1.57080,3.14159,-1.17810,-0.39270,1.96350,-2.74889,-2.74889,-2.74889,-1.96350,1.57080,3.14159,-1.96350,-1.17810,-2.74889,-2.35619,-2.74889,-1.57080,1.57080,1.17810,0.00000,-1.96350,-2.35619,-2.74889,-2.74889,2.35619,-2.74889,-0.78540,3.14159
12.73
-2.35619,3.14159,0.39270,2.35619,-2.35619,3.14159,-1.57080,3.14159,2.35619,-2.74889,-2.74889,-2.35619,-2.74889,0.00000,3.14159,-2.74889,-2.35619,-2.74889,-2.74889,-1.96350,-0.39270,0.78540,-2.35619,3.14159,-1.96350,-2.74889,-2.74889,-2.74889,2.74889,-1.57080,-2.74889,3.14159
18.87
-2.74889,-2.74889,2.35619,2.74889,-2.35619,3.14159,3.14159,3.14159,-2.74889,-0.78540,-1.57080,-0.39270,3.14159,3.14159,3.14159,-2.74889,-1.17810,-0.39270,-1.57080,1.96350,-2.74889,3.14159,-2.74889,-1.57080,-0.78540,3.14159,3.14159,3.14159,-2.74889,-1.17810,-2.74889,0.00000
25.07
-2.74889,-1.96350,2.35619,0.78540,0.78540,3.14159,3.14159,3.14159,-1.57080,-0.39270,-2.74889,1.96350,-2.74889,3.14159,3.14159,-2.74889,-1.57080,-0.39270,-2.74889,-2.74889,-2.74889,-2.74889,-2.35619,-1.17810,0.78540,3.14159,3.14159,0.00000,-0.39270,-1.17810,-2.74889,1.57080
29.58
2.74889,3.14159,3.14159,3.14159,3.14159,-0.39270,1.57080,3.14159,-2.74889,-2.74889,-2.74889,0.00000,-2.74889,3.14159,3.14159,3.14159,-2.74889,-2.74889,-0.78540,1.96350,2.35619,3.14159,-2.74889,-0.39270,-2.35619,0.78540,0.00000,-2.35619,-2.74889,-2.74889,-2.74889,-1.17810
33.49
2.74889,2.35619,3.14159,3.14159,2.74889,-0.78540,1.17810,2.74889,-2.74889,-1.96350,0.78540,0.39270,1.57080,0.39270,2.74889,-2.74889,-2.35619,-2.74889,-2.35619,0.39270,1.57080,1.17810,-2.74889,-2.35619,-2.35619,1.17810,3.14159,2.74889,-2.74889,-1.96350,-2.74889,2.74889
35.95
1.57080,0.00000,3.14159,-0.78540,-0.78540,-2.35619,1.57080,1.57080,-2.74889,-2.35619,-0.78540,1.57080,2.74889,2.35619,-1.57080,2.74889,-2.74889,-2.74889,-0.39270,1.17810,2.74889,3.14159,-2.74889,0.00000,-0.78540,1.96350,0.00000,2.74889,-2.74889,-2.74889,-2.74889,-1.17810
44.95
2.35619,2.35619,3.14159,-2.35619,-0.39270,-0.39270,1.96350,2.74889,-2.74889,0.39270,-0.78540,1.17810,2.74889,2.35619,-2.74889,2.74889,0.00000,-2.74889,0.78540,0.78540,3.14159,3.14159,-2.74889,-0.78540,-1.96350,0.78540,1.17810,3.14159,-2.74889,-2.74889,-2.74889,0.78540
45.93
2.74889,3.14159,3.14159,-0.39270,2.35619,0.00000,0.78540,3.14159,-2.74889,-0.39270,-1.17810,-0.39270,1.17810,1.57080,3.14159,-2.74889,-2.74889,-2.74889,-0.78540,1.17810,1.57080,2.74889,-2.74889,-1.57080,-0.39270,-1.96350,2.74889,2.35619,-2.74889,-2.74889,-2.74889,-0.78540
47.11
2.74889,3.14159,3.14159,-2.74889,2.74889,-0.78540,0.00000,3.14159,-2.74889,-1.57080,-0.78540,0.00000,0.39270,2.74889,3.14159,-2.74889,-2.74889,-2.74889,0.39270,0.78540,1.96350,3.14159,-2.74889,-2.35619,-0.78540,-1.17810,2.74889,2.35619,-2.74889,-2.74889,-1.96350,-0.78540
49.32
2.74889,2.74889,3.14159,1.96350,-1.17810,-0.78540,1.57080,2.74889,-2.74889,-2.74889,-2.74889,1.57080,1.96350,2.35619,1.96350,-2.35619,-2.74889,-0.39270,0.78540,1.17810,2.74889,2.35619,-2.74889,-0.78540,-1.17810,0.78540,1.57080,2.35619,-2.74889,-2.74889,-1.57080,-0.39270
52.47
2.74889,2.35619,3.14159,2.35619,-0.78540,0.39270,0.78540,3.14159,-2.74889,-2.74889,-2.74889,1.17810,1.57080,0.39270,2.74889,-1.96350,-2.74889,-1.96350,0.39270,1.17810,2.35619,1.96350,-2.74889,-1.57080,-0.39270,0.78540,1.57080,0.39270,-2.74889,-2.74889,-1.17810,-1.17810
54.10
-2.74889,-2.74889,3.14159,-1.57080,-1.17810,0.78540,1.17810,2.35619,-2.74889,-2.74889,-2.74889,1.17810,0.78540,1.17810,2.74889,-0.78540,-2.74889,-1.57080,1.17810,1.17810,2.35619,3.14159,-2.74889,-1.57080,-0.39270,0.78540,2.35619,3.14159,-2.74889,-2.74889,0.39270,-1.96350
58.21
-2.74889,-2.35619,3.14159,-2.35619,0.00000,0.78540,1.17810,2.35619,-2.74889,-1.96350,-1.96350,-0.78540,1.96350,1.17810,2.35619,-2.35619,-2.74889,-0.78540,-0.78540,1.17810,1.17810,3.14159,-2.74889,-1.96350,1.96350,0.39270,2.35619,3.14159,-2.74889,-2.74889,-1.96350,-0.39270
58.36
-2.74889,2.35619,3.14159,-1.96350,0.78540,0.39270,1.57080,2.35619,-2.74889,-2.35619,-2.35619,0.39270,1.57080,2.74889,1.96350,2.74889,-2.74889,-2.35619,0.78540,1.17810,1.57080,3.14159,-2.74889,0.39270,0.39270,0.00000,2.74889,2.74889,-2.74889,-2.74889,-1.17810,-0.78540
58.40
1.96350,3.14159,3.14159,-2.74889,0.00000,0.00000,2.35619,3.14159,-2.74889,-2.35619,-1.96350,0.78540,2.35619,2.35619,3.14159,2.35619,-2.74889,-2.35619,0.78540,1.17810,0.78540,3.14159,-2.74889,-1.57080,1.17810,0.39270,2.74889,3.14159,-2.74889,-2.74889,-1.96350,0.00000
58.57
2.35619,3.14159,3.14159,-2.74889,-0.39270,0.78540,2.35619,3.14159,-2.74889,-2.74889,-1.96350,0.00000,1.96350,2.35619,3.14159,-2.35619,-2.74889,-1.17810,0.00000,1.17810,1.17810,3.14159,-2.74889,-2.35619,0.78540,0.00000,2.74889,1.96350,-2.74889,-2.74889,-2.74889,0.39270
65.37
-1.17810,2.74889,3.14159,-0.78540,-1.17810,0.39270,1.57080,3.14159,-2.74889,-2.74889,-0.39270,0.78540,1.57080,1.96350,2.74889,3.14159,-2.74889,-2.74889,0.00000,0.39270,2.35619,3.14159,-2.74889,-0.39270,0.39270,0.39270,1.96350,-1.57080,-2.74889,-2.74889,-1.96350,-1.17810
66.37
1.17810,3.14159,3.14159,-1.57080,2.35619,0.39270,1.17810,2.35619,-2.74889,-2.74889,-1.17810,0.78540,1.17810,1.57080,1.96350,-2.74889,-2.74889,-2.74889,-1.17810,0.39270,1.57080,3.14159,-2.74889,-0.78540,0.00000,0.00000,1.96350,2.35619,-2.74889,-2.74889,-2.74889,-1.96350
66.66
-1.96350,0.39270,3.14159,-2.74889,-1.17810,-0.78540,1.57080,2.74889,-2.74889,-1.96350,-1.17810,-0.78540,0.78540,1.17810,2.74889,1.17810,-2.74889,-1.17810,-0.78540,0.00000,2.35619,3.14159,-2.74889,-1.57080,0.00000,-0.39270,1.17810,2.35619,-2.74889,-2.74889,-2.74889,-1.57080
75.31
1.57080,3.14159,3.14159,-2.74889,0.00000,0.00000,1.17810,3.14159,-2.74889,-2.35619,-0.78540,0.39270,0.78540,1.96350,2.74889,2.35619,-2.74889,-2.74889,-0.78540,0.00000,1.96350,3.14159,-2.74889,-2.35619,-0.39270,0.78540,2.74889,2.74889,-2.74889,-2.74889,-2.74889,-1.17810
76.70
1.17810,3.14159,3.14159,-2.35619,-1.57080,0.39270,0.39270,2.35619,-2.74889,-2.35619,-1.57080,0.00000,1.57080,0.78540,2.74889,3.14159,-2.74889,-0.78540,-0.39270,0.78540,2.35619,3.14159,-2.74889,-1.57080,0.00000,0.39270,0.00000,2.74889,-2.74889,-2.74889,-2.35619,-1.17810
77.03
1.57080,2.74889,3.14159,-1.57080,-0.78540,0.00000,0.39270,2.74889,-2.74889,-2.74889,-1.96350,0.39270,1.17810,0.00000,3.14159,1.96350,-2.74889,-2.74889,-1.17810,0.39270,1.57080,3.14159,-2.74889,-1.96350,-0.39270,0.39270,1.96350,3.14159,-2.74889,-2.74889,-2.74889,-1.17810
79.28
2.35619,2.74889,3.14159,-2.35619,-1.17810,0.00000,1.17810,2.74889,-2.74889,-2.35619,-0.78540,-0.39270,0.00000,2.35619,1.96350,2.74889,-2.74889,-1.96350,0.39270,1.17810,2.35619,3.14159,-2.74889,-1.17810,-0.39270,0.00000,2.74889,3.14159,-2.74889,-2.74889,-2.35619,-0.78540
82.93
0.00000,1.96350,3.14159,-1.96350,-0.78540,0.00000,1.17810,3.14159,-2.74889,-1.57080,-1.57080,0.00000,1.57080,1.57080,3.14159,-2.74889,-2.74889,-1.57080,-1.17810,0.78540,1.96350,3.14159,-2.74889,-1.17810,0.00000,0.78540,2.35619,3.14159,-2.74889,-2.74889,-1.96350,-2.35619
84.64
0.39270,2.35619,3.14159,-1.57080,-1.17810,0.00000,1.17810,2.74889,-2.74889,-2.35619,-0.78540,0.39270,1.17810,1.57080,3.14159,-2.74889,-2.74889,-1.17810,-1.57080,0.78540,1.96350,3.14159,-2.74889,-0.78540,0.39270,0.78540,2.35619,2.74889,-2.74889,-2.74889,-1.57080,-1.57080
86.64
0.00000,2.35619,3.14159,-2.35619,-1.17810,-0.39270,1.57080,1.96350,-2.74889,-2.74889,-0.78540,0.39270,0.39270,2.35619,2.74889,2.74889,-2.74889,-1.17810,-0.39270,0.00000,1.17810,3.14159,-2.74889,-1.57080,-0.39270,0.00000,1.57080,3.14159,-2.74889,-2.74889,-2.74889,-1.57080
86.84
1.17810,2.74889,3.14159,-2.35619,-0.78540,0.39270,1.57080,3.14159,-2.74889,-2.35619,-1.57080,-0.39270,1.57080,0.78540,2.74889,-2.74889,-2.74889,-0.78540,-0.78540,0.39270,1.57080,3.14159,-2.74889,-1.17810,0.00000,0.78540,1.96350,3.14159,-2.74889,-2.74889,-1.96350,-1.17810
88.39
0.39270,2.74889,3.14159,-1.57080,-0.78540,0.00000,1.17810,3.14159,-2.74889,-2.35619,-1.17810,0.39270,1.17810,1.57080,2.74889,3.14159,-2.74889,-1.57080,-0.39270,0.39270,1.57080,3.14159,-2.74889,-0.78540,-0.78540,1.17810,1.96350,3.14159,-2.74889,-2.74889,-0.78540,0.00000
90.32
1.17810,2.74889,3.14159,-2.35619,-0.39270,0.39270,1.96350,2.74889,-2.74889,-2.35619,-0.39270,-0.78540,1.17810,1.96350,2.74889,-2.74889,-2.74889,-1.57080,-0.39270,0.39270,1.96350,3.14159,-2.74889,-1.17810,-0.39270,0.39270,1.57080,3.14159,-2.74889,-2.74889,-1.57080,-0.78540
90.75
1.17810,2.74889,3.14159,-2.74889,-1.17810,0.00000,1.96350,2.74889,-2.74889,-1.17810,-0.78540,-0.39270,1.17810,1.96350,2.74889,-2.74889,-2.74889,-1.57080,-0.39270,0.39270,1.57080,3.14159,-2.74889,-1.17810,-0.39270,0.78540,1.57080,3.14159,-2.74889,-2.74889,-1.57080,-1.17810
91.42
1.17810,2.74889,3.14159,-1.96350,-0.39270,0.39270,1.96350,3.14159,-2.74889,-1.96350,-0.78540,0.00000,1.57080,2.35619,3.14159,-2.74889,-2.74889,-1.57080,-0.78540,0.78540,1.96350,3.14159,-2.74889,-1.57080,0.00000,0.39270,1.96350,3.14159,-2.74889,-2.74889,-1.17810,-1.17810
93.33
1.57080,2.35619,3.14159,-2.35619,-0.78540,0.39270,1.17810,3.14159,-2.74889,-1.57080,-0.39270,0.39270,1.17810,2.74889,3.14159,-2.74889,-2.74889,-1.57080,-0.39270,0.78540,1.57080,3.14159,-2.74889,-1.57080,0.00000,0.78540,1.96350,3.14159,-2.74889,-2.74889,-1.17810,-1.17810
93.70
1.17810,2.74889,3.14159,-1.96350,-0.78540,0.39270,1.17810,3.14159,-2.74889,-1.96350,-0.78540,0.39270,1.17810,1.96350,3.14159,3.14159,-2.74889,-1.57080,-0.39270,1.17810,1.96350,3.14159,-2.74889,-1.57080,-0.78540,0.78540,1.96350,3.14159,-2.74889,-2.74889,-1.96350,-0.78540
93.98
1.17810,2.35619,3.14159,-1.96350,-0.39270,0.39270,1.17810,3.14159,-2.74889,-1.57080,-0.78540,0.00000,1.17810,1.96350,3.14159,-2.74889,-2.74889,-1.17810,-0.39270,0.78540,1.57080,3.14159,-2.74889,-1.96350,-0.39270,0.39270,1.57080,3.14159,-2.74889,-2.74889,-1.57080,-0.78540
94.20
1.57080,2.74889,3.14159,-1.17810,-0.78540,0.39270,1.57080,3.14159,-2.74889,-1.57080,-0.78540,0.39270,1.17810,1.96350,3.14159,-2.74889,-2.74889,-1.17810,0.00000,1.17810,1.57080,3.14159,-2.74889,-1.17810,0.00000,0.78540,2.35619,3.14159,-2.74889,-2.74889,-1.57080,-0.39270
94.35
1.96350,2.35619,3.14159,-1.96350,-0.39270,0.00000,1.57080,3.14159,-2.74889,-1.57080,-0.78540,0.39270,1.57080,1.57080,3.14159,-2.74889,-2.74889,-1.17810,0.00000,0.78540,1.96350,3.14159,-2.74889,-1.17810,-0.39270,0.78540,1.57080,3.14159,-2.74889,-2.74889,-1.17810,-0.39270
94.44
1.57080,2.74889,3.14159,-1.57080,-0.78540,0.39270,1.57080,3.14159,-2.74889,-1.57080,-0.78540,0.78540,1.17810,2.74889,3.14159,-2.74889,-2.74889,-0.78540,-0.39270,0.78540,1.96350,3.14159,-2.74889,-1.57080,0.00000,0.78540,1.96350,3.14159,-2.74889,-2.74889,-1.57080,-0.78540
94.62
1.57080,2.74889,3.14159,-1.96350,-0.78540,0.39270,1.57080,3.14159,-2.74889,-1.57080,-0.78540,0.00000,1.57080,2.35619,3.14159,3.14159,-2.74889,-1.57080,0.00000,0.39270,1.96350,3.14159,-2.74889,-1.57080,-0.39270,0.78540,1.96350,3.14159,-2.74889,-2.74889,-1.57080,-1.17810
96.09
1.17810,2.35619,3.14159,-1.96350,-0.78540,0.39270,1.57080,3.14159,-2.74889,-1.57080,-0.39270,0.39270,1.17810,2.35619,3.14159,3.14159,-2.74889,-1.17810,-0.39270,0.78540,1.96350,3.14159,-2.74889,-1.17810,0.00000,0.39270,1.96350,3.14159,-2.74889,-2.74889,-1.57080,-0.78540
96.11
1.57080,2.35619,3.14159,-1.57080,-0.78540,0.39270,1.57080,3.14159,-2.74889,-1.96350,-0.78540,0.39270,0.78540,1.96350,3.14159,3.14159,-2.74889,-1.57080,-0.39270,0.78540,1.96350,3.14159,-2.74889,-1.17810,0.00000,0.78540,1.96350,3.14159,-2.74889,-2.74889,-1.57080,-0.78540
96.45
1.17810,2.35619,3.14159,-1.96350,-0.39270,0.39270,1.17810,3.14159,-2.74889,-1.57080,-0.78540,0.39270,1.17810,1.96350,3.14159,3.14159,-2.74889,-1.17810,-0.39270,0.78540,1.57080,3.14159,-2.74889,-1.57080,-0.39270,0.78540,1.96350,3.14159,-2.74889,-2.74889,-1.57080,-0.78540
97.30
1.96350,2.35619,3.14159,-1.57080,-0.78540,0.39270,1.57080,2.74889,-2.74889,-1.57080,-0.39270,0.39270,1.57080,2.35619,3.14159,-2.74889,-1.96350,-1.17810,-0.39270,0.78540,1.57080,3.14159,-2.74889,-1.17810,0.00000,1.17810,1.96350,3.14159,-2.74889,-2.74889,-1.57080,-0.39270
98.17
1.57080,2.74889,3.14159,-1.57080,-0.39270,0.39270,1.57080,2.74889,-2.74889,-1.57080,-0.39270,0.39270,1.17810,1.96350,3.14159,-2.74889,-2.74889,-1.17810,-0.39270,0.78540,1.57080,3.14159,-2.74889,-1.17810,0.00000,0.78540,1.96350,3.14159,-2.74889,-1.96350,-1.57080,-0.39270
98.18
1.57080,2.74889,3.14159,-1.57080,-0.39270,0.39270,1.57080,2.74889,-2.74889,-1.57080,-0.39270,0.78540,1.17810,1.96350,3.14159,-2.74889,-2.35619,-1.17810,0.00000,0.78540,1.96350,3.14159,-2.74889,-1.17810,0.00000,0.78540,1.96350,-2.74889,-2.74889,-1.96350,-1.17810,-0.39270
98.69
1.57080,2.74889,3.14159,-1.57080,-0.39270,0.39270,1.57080,2.35619,-2.74889,-1.57080,-0.78540,0.39270,1.57080,2.35619,2.74889,-2.74889,-2.74889,-1.17810,-0.39270,0.78540,1.57080,3.14159,-2.35619,-1.17810,-0.39270,0.78540,1.96350,3.14159,-2.74889,-2.74889,-1.57080,-0.78540
98.84
1.57080,2.74889,3.14159,-1.57080,-0.39270,0.39270,1.57080,2.74889,-2.74889,-1.57080,-0.39270,0.78540,1.57080,2.35619,3.14159,-2.74889,-2.74889,-1.17810,-0.39270,0.78540,1.96350,3.14159,-2.35619,-1.17810,-0.39270,0.78540,1.96350,3.14159,-2.74889,-2.35619,-1.17810,-0.78540
98.93
1.57080,2.35619,3.14159,-1.57080,-0.78540,0.39270,1.57080,2.35619,-2.74889,-1.57080,-0.39270,0.39270,1.57080,1.96350,2.35619,-2.74889,-2.74889,-1.17810,0.00000,0.78540,1.57080,3.14159,-2.74889,-1.17810,-0.39270,0.78540,1.96350,3.14159,-2.74889,-1.96350,-1.57080,-0.78540
99.18
1.17810,2.35619,3.14159,-1.57080,-0.39270,0.39270,1.57080,2.35619,-2.74889,-1.57080,-0.39270,0.39270,1.57080,2.35619,2.35619,-2.74889,-2.74889,-1.17810,-0.39270,0.39270,1.57080,3.14159,-2.35619,-1.17810,-0.39270,0.78540,1.96350,3.14159,-2.74889,-1.96350,-1.17810,-0.78540
99.60
1.57080,2.35619,3.14159,-1.57080,-0.78540,0.39270,1.57080,2.74889,-2.74889,-1.57080,-0.39270,0.39270,1.17810,2.35619,2.74889,-2.74889,-2.74889,-1.17810,-0.39270,0.78540,1.57080,3.14159,-2.35619,-1.17810,0.00000,1.17810,1.96350,3.14159,-2.74889,-1.96350,-1.17810,-0.39270
99.66
1.57080,2.35619,3.14159,-1.57080,-0.39270,0.39270,1.57080,2.74889,-2.74889,-1.57080,-0.39270,0.39270,1.57080,1.96350,2.74889,-2.74889,-2.74889,-1.17810,0.00000,0.78540,1.96350,3.14159,-2.35619,-1.17810,-0.39270,0.78540,1.96350,3.14159,-2.74889,-1.57080,-1.57080,-0.78540
99.79
1.96350,2.74889,3.14159,-1.57080,-0.78540,0.39270,1.57080,2.74889,-2.74889,-1.57080,-0.39270,0.39270,1.57080,1.96350,2.74889,-2.74889,-2.35619,-1.17810,-0.39270,0.78540,1.96350,3.14159,-2.35619,-1.17810,-0.39270,1.17810,1.96350,3.14159,-2.74889,-2.35619,-1.57080,-0.39270
100.21
1.17810,2.35619,3.14159,-1.57080,-0.78540,0.39270,1.57080,2.35619,-2.74889,-1.57080,-0.39270,0.39270,1.17810,2.35619,1.96350,-2.74889,-2.35619,-1.17810,-0.39270,0.78540,1.96350,3.14159,-2.35619,-1.17810,0.00000,0.78540,1.96350,3.14159,-2.74889,-2.35619,-1.17810,-0.78540
100.50
1.17810,2.74889,3.14159,-1.57080,-0.78540,0.39270,1.57080,2.74889,-2.74889,-1.57080,-0.39270,0.39270,1.57080,2.35619,2.74889,-2.74889,-2.35619,-1.17810,-0.39270,0.78540,1.96350,3.14159,-2.35619,-1.17810,0.00000,0.78540,1.96350,3.14159,-2.74889,-1.96350,-1.57080,-0.39270
100.53
1.57080,2.74889,3.14159,-1.57080,-0.39270,0.39270,1.57080,2.74889,-2.74889,-1.57080,-0.39270,0.39270,1.57080,2.35619,2.35619,-2.74889,-2.35619,-1.17810,-0.39270,0.78540,1.96350,3.14159,-1.96350,-1.17810,-0.39270,0.78540,1.96350,3.14159,-2.74889,-1.96350,-1.17810,-0.39270
100.64
1.57080,2.35619,3.14159,-1.57080,-0.39270,0.39270,1.57080,2.74889,-2.74889,-1.57080,-0.39270,0.78540,1.17810,1.96350,2.74889,-2.74889,-2.35619,-1.17810,-0.39270,0.78540,1.96350,3.14159,-2.35619,-1.17810,0.00000,0.78540,1.96350,3.14159,-2.74889,-1.96350,-1.17810,-0.78540
100.91
1.57080,2.74889,3.14159,-1.57080,-0.78540,0.39270,1.57080,2.74889,-2.74889,-1.57080,-0.39270,0.39270,1.17810,1.96350,2.35619,-2.74889,-2.35619,-1.17810,-0.39270,0.78540,1.96350,3.14159,-2.35619,-1.17810,0.00000,0.78540,1.96350,3.14159,-2.74889,-1.96350,-1.57080,-0.39270
100.95
1.57080,2.35619,3.14159,-1.57080,-0.78540,0.39270,1.57080,2.74889,-2.74889,-1.57080,-0.39270,0.39270,1.57080,2.35619,2.35619,-2.74889,-2.35619,-1.17810,-0.39270,0.78540,1.96350,3.14159,-2.35619,-1.17810,0.00000,0.78540,1.96350,3.14159,-2.74889,-1.96350,-1.57080,-0.39270
101.08
1.57080,2.35619,3.14159,-1.57080,-0.39270,0.39270,1.57080,2.74889,-2.74889,-1.57080,-0.39270,0.39270,1.57080,1.96350,2.35619,-2.74889,-2.35619,-1.17810,-0.39270,0.78540,1.96350,3.14159,-2.35619,-1.17810,0.00000,0.78540,1.96350,3.14159,-2.74889,-1.96350,-1.17810,-0.39270
101.10
1.57080,2.35619,3.14159,-1.57080,-0.78540,0.39270,1.57080,2.74889,-2.74889,-1.57080,-0.39270,0.39270,1.17810,1.96350,2.35619,-2.74889,-2.35619,-1.17810,-0.39270,0.78540,1.96350,3.14159,-2.35619,-1.17810,0.00000,0.78540,1.96350,3.14159,-2.74889,-1.96350,-1.17810,-0.39270
101.15
1.57080,2.35619,3.14159,-1.57080,-0.78540,0.39270,1.57080,2.74889,-2.74889,-1.57080,-0.39270,0.39270,1.17810,1.96350,2.35619,-2.74889,-2.35619,-1.17810,-0.39270,0.78540,1.96350,3.14159,-2.35619,-1.17810,0.00000,0.78540,1.96350,2.74889,-2.74889,-1.96350,-1.17810,-0.39270
101.32
1.17810,2.35619,3.14159,-1.96350,-0.78540,0.00000,1.17810,2.35619,-2.74889,-1.96350,-0.78540,0.00000,1.17810,1.57080,1.96350,3.14159,-2.74889,-1.57080,-0.39270,0.39270,1.57080,2.74889,-2.74889,-1.57080,-0.39270,0.78540,1.57080,3.14159,-2.74889,-2.35619,-1.57080,-0.78540
101.33
1.17810,2.35619,3.14159,-1.96350,-0.78540,0.39270,1.17810,2.35619,-2.74889,-1.96350,-0.78540,0.00000,1.17810,1.57080,1.96350,3.14159,-2.35619,-1.57080,-0.39270,0.39270,1.57080,2.74889,-2.74889,-1.57080,-0.39270,0.78540,1.57080,3.14159,-2.74889,-2.35619,-1.57080,-0.78540
101.39
1.17810,2.35619,3.14159,-1.96350,-0.78540,0.39270,1.17810,2.35619,-2.74889,-1.96350,-0.78540,0.00000,1.17810,1.96350,1.96350,3.14159,-2.35619,-1.57080,-0.39270,0.39270,1.57080,2.74889,-2.74889,-1.57080,-0.39270,0.78540,1.57080,3.14159,-2.74889,-2.35619,-1.57080,-0.78540
101.49
1.57080,2.35619,3.14159,-1.96350,-0.78540,0.39270,1.17810,2.35619,-2.74889,-1.57080,-0.78540,0.00000,1.17810,1.57080,1.96350,3.14159,-2.35619,-1.57080,-0.39270,0.39270,1.57080,2.74889,-2.74889,-1.57080,-0.39270,0.78540,1.57080,2.74889,-2.74889,-1.96350,-1.57080,-0.78540
101.52
1.17810,2.35619,3.14159,-1.96350,-0.78540,0.00000,1.17810,2.35619,-2.74889,-1.96350,-0.78540,0.00000,1.17810,1.96350,2.35619,2.74889,-2.74889,-1.57080,-0.39270,0.39270,1.57080,2.74889,-2.74889,-1.57080,-0.39270,0.39270,1.57080,3.14159,-2.74889,-2.35619,-1.57080,-0.78540
101.61
1.17810,2.35619,3.14159,-1.96350,-0.78540,0.00000,1.17810,2.35619,-2.74889,-1.96350,-0.78540,0.00000,1.17810,1.57080,1.96350,3.14159,-2.35619,-1.57080,-0.39270,0.39270,1.57080,2.74889,-2.35619,-1.57080,-0.39270,0.78540,1.57080,3.14159,-2.74889,-2.35619,-1.57080,-0.78540
101.77
1.17810,2.35619,3.14159,-1.96350,-0.78540,0.00000,1.17810,2.35619,-2.74889,-1.96350,-0.78540,0.00000,1.17810,1.57080,2.35619,2.74889,-2.35619,-1.57080,-0.39270,0.39270,1.57080,2.74889,-2.35619,-1.57080,-0.39270,0.78540,1.57080,3.14159,-2.74889,-2.35619,-1.57080,-0.78540
102.06
1.17810,2.35619,3.14159,-1.96350,-0.78540,0.00000,1.17810,2.35619,-2.74889,-1.96350,-0.78540,0.00000,1.17810,1.57080,2.35619,2.74889,-2.35619,-1.57080,-0.39270,0.39270,1.57080,2.74889,-2.35619,-1.57080,-0.39270,0.78540,1.96350,2.74889,-2.74889,-2.35619,-1.57080,-0.78540
