56.82
0.78540,1.96350,2.74889,-2.74889,-2.35619,-1.17810,0.00000,1.17810,2.35619,-2.74889,-1.57080,0.00000,1.17810,2.35619,3.14159,-1.57080,-0.39270,0.39270,1.17810,1.96350,-2.74889,-2.35619,-1.17810,0.00000,1.17810,2.74889,-2.74889,-1.17810,0.00000,1.17810,2.35619,-2.74889,0.78540,1.57080,2.35619,-2.74889,-1.96350,-1.17810,0.00000,1.57080,2.74889,-2.35619,-1.17810,0.00000,1.17810,2.35619,3.14159,-1.57080,-0.39270,0.39270,1.17810,1.96350,-2.74889,-1.96350,-0.78540,0.39270,1.57080,2.74889,-2.35619,-1.17810,0.00000,1.17810,2.35619,-2.74889
72.77
0.78540,1.96350,2.74889,-2.74889,-2.35619,-1.17810,0.00000,1.17810,2.35619,-2.74889,-1.57080,0.00000,1.17810,2.35619,3.14159,-1.57080,-0.39270,0.39270,1.17810,1.96350,-2.74889,-2.35619,-1.17810,0.00000,1.17810,2.74889,-2.74889,-1.17810,0.00000,1.17810,2.35619,-2.74889,2.35620,3.14160,3.92699,-1.17809,-0.39270,0.39270,1.57080,3.14160,4.31969,-0.78539,0.39270,1.57080,2.74890,3.92699,4.71239,-0.00000,1.17810,1.96350,2.74890,3.53430,-1.17809,-0.39270,0.78540,1.96350,3.14160,4.31969,-0.78539,0.39270,1.57080,2.74890,3.92699,-1.17809
113.63
0.78540,1.96350,2.74889,-2.74889,-2.35619,-1.17810,0.00000,1.17810,2.35619,-2.74889,-1.57080,0.00000,1.17810,2.35619,3.14159,-1.57080,-0.39270,0.39270,1.17810,1.96350,-2.74889,-2.35619,-1.17810,0.00000,1.17810,2.74889,-2.74889,-1.17810,0.00000,1.17810,2.35619,-2.74889,2.74890,3.53430,4.31969,-0.78539,-0.00000,0.78540,1.96350,3.53430,4.71239,-0.39269,0.78540,1.96350,3.14160,4.31969,5.10509,0.39270,1.57080,2.35620,3.14160,3.92700,-0.78539,-0.00000,1.17810,2.35620,3.53430,4.71239,-0.39269,0.78540,1.96350,3.14160,4.31969,-0.78539
159.81
0.78540,1.96350,2.74889,-2.74889,-2.35619,-1.17810,0.00000,1.17810,2.35619,-2.74889,-1.57080,0.00000,1.17810,2.35619,3.14159,-1.57080,-0.39270,0.39270,1.17810,1.96350,-2.74889,-2.35619,-1.17810,0.00000,1.17810,2.74889,-2.74889,-1.17810,0.00000,1.17810,2.35619,-2.74889,3.14159,3.92699,4.71238,-0.39270,0.39269,1.17809,2.35619,3.92699,5.10508,0.00000,1.17809,2.35619,3.53429,4.71238,5.49778,0.78539,1.96349,2.74889,3.53429,4.31969,-0.39270,0.39269,1.57079,2.74889,3.92699,5.10508,0.00000,1.17809,2.35619,3.53429,4.71238,-0.39270
204.26
0.78540,1.96350,2.74889,-2.74889,-2.35619,-1.17810,0.00000,1.17810,2.35619,-2.74889,-1.57080,0.00000,1.17810,2.35619,3.14159,-1.57080,-0.39270,0.39270,1.17810,1.96350,-2.74889,-2.35619,-1.17810,0.00000,1.17810,2.74889,-2.74889,-1.17810,0.00000,1.17810,2.35619,-2.74889,3.53429,4.31969,5.10508,0.00000,0.78539,1.57079,2.74889,4.31969,5.49778,0.39270,1.57079,2.74889,3.92699,5.10508,5.89048,1.17809,2.35619,3.14159,3.92699,4.71239,0.00000,0.78539,1.96349,3.14159,4.31969,5.49778,0.39270,1.57079,2.74889,3.92699,5.10508,0.00000
240.23
0.78540,1.96350,2.74889,-2.74889,-2.35619,-1.17810,0.00000,1.17810,2.35619,-2.74889,-1.57080,0.00000,1.17810,2.35619,3.14159,-1.57080,-0.39270,0.39270,1.17810,1.96350,-2.74889,-2.35619,-1.17810,0.00000,1.17810,2.74889,-2.74889,-1.17810,0.00000,1.17810,2.35619,-2.74889,3.92699,4.71239,5.49778,0.39270,1.17809,1.96349,3.14159,4.71239,5.89048,0.78540,1.96349,3.14159,4.31969,5.49778,6.28318,1.57079,2.74889,3.53429,4.31969,5.10509,0.39270,1.17809,2.35619,3.53429,4.71239,5.89048,0.78540,1.96349,3.14159,4.31969,5.49778,0.39270
253.60
2.74890,3.92700,4.71239,-0.78539,-0.39269,0.78540,1.96350,3.14160,4.31969,-0.78539,0.39270,1.96350,3.14160,4.31969,5.10509,0.39270,1.57080,2.35620,3.14160,3.92700,-0.78539,-0.39269,0.78540,1.96350,3.14160,4.71239,-0.78539,0.78540,1.96350,3.14160,4.31969,-0.78539,0.78540,1.57080,2.35619,-2.74889,-1.96350,-1.17810,0.00000,1.57080,2.74889,-2.35619,-1.17810,0.00000,1.17810,2.35619,3.14159,-1.57080,-0.39270,0.39270,1.17810,1.96350,-2.74889,-1.96350,-0.78540,0.39270,1.57080,2.74889,-2.35619,-1.17810,0.00000,1.17810,2.35619,-2.74889
266.93
3.14159,4.31969,5.10508,-0.39270,0.00000,1.17809,2.35619,3.53429,4.71238,-0.39270,0.78539,2.35619,3.53429,4.71238,5.49778,0.78539,1.96349,2.74889,3.53429,4.31969,-0.39270,0.00000,1.17809,2.35619,3.53429,5.10508,-0.39270,1.17809,2.35619,3.53429,4.71238,-0.39270,0.78540,1.57080,2.35619,-2.74889,-1.96350,-1.17810,0.00000,1.57080,2.74889,-2.35619,-1.17810,0.00000,1.17810,2.35619,3.14159,-1.57080,-0.39270,0.39270,1.17810,1.96350,-2.74889,-1.96350,-0.78540,0.39270,1.57080,2.74889,-2.35619,-1.17810,0.00000,1.17810,2.35619,-2.74889
