194.89
-2.35619,-0.78540,-0.39270,0.00000,0.78540,1.96350,3.14159,-2.35619,-1.17810,0.00000,1.17810,2.35619,-2.74889,-1.57080,-0.39270,0.78540,1.57080,3.14159,-2.74889,-2.35619,-1.57080,-0.39270,0.39270,1.57080,2.74889,-2.35619,-1.17810,0.00000,1.17810,2.35619,-2.74889,-1.57080,-1.96350,-1.17810,-0.39270,0.39270,1.17810,1.96350,3.14159,-1.96350,-0.78540,0.39270,1.57080,2.74889,-2.74889,-1.17810,-0.39270,0.78540,1.57080,3.14159,-2.74889,-2.74889,-1.17810,0.00000,0.78540,1.96350,3.14159,-1.96350,-0.78540,0.39270,1.57080,2.74889,-2.74889,-1.57080
241.58
-2.35619,-0.78540,-0.39270,0.00000,0.78540,1.96350,3.14159,-2.35619,-1.17810,0.00000,1.17810,2.35619,-2.74889,-1.57080,-0.39270,0.78540,1.57080,3.14159,-2.74889,-2.35619,-1.57080,-0.39270,0.39270,1.57080,2.74889,-2.35619,-1.17810,0.00000,1.17810,2.35619,-2.74889,-1.57080,-1.57080,-0.78540,-0.00000,0.78540,1.57080,2.35620,3.53429,-1.57080,-0.39270,0.78540,1.96350,3.14159,-2.35619,-0.78540,-0.00000,1.17810,1.96350,3.53429,-2.35619,-2.35619,-0.78540,0.39270,1.17810,2.35620,3.53429,-1.57080,-0.39270,0.78540,1.96350,3.14159,-2.35619,-1.17810
277.55
-2.35619,-0.78540,-0.39270,0.00000,0.78540,1.96350,3.14159,-2.35619,-1.17810,0.00000,1.17810,2.35619,-2.74889,-1.57080,-0.39270,0.78540,1.57080,3.14159,-2.74889,-2.35619,-1.57080,-0.39270,0.39270,1.57080,2.74889,-2.35619,-1.17810,0.00000,1.17810,2.35619,-2.74889,-1.57080,-1.17810,-0.39270,0.39270,1.17810,1.96350,2.74890,3.92699,-1.17810,-0.00000,1.17810,2.35620,3.53429,-1.96349,-0.39270,0.39270,1.57080,2.35620,3.92699,-1.96349,-1.96349,-0.39270,0.78540,1.57080,2.74890,3.92699,-1.17810,-0.00000,1.17810,2.35620,3.53429,-1.96349,-0.78540
297.32
-2.35619,-0.78540,-0.39270,0.00000,0.78540,1.96350,3.14159,-2.35619,-1.17810,0.00000,1.17810,2.35619,-2.74889,-1.57080,-0.39270,0.78540,1.57080,3.14159,-2.74889,-2.35619,-1.57080,-0.39270,0.39270,1.57080,2.74889,-2.35619,-1.17810,0.00000,1.17810,2.35619,-2.74889,-1.57080,-0.78540,-0.00000,0.78540,1.57080,2.35620,3.14160,4.31969,-0.78540,0.39270,1.57080,2.74890,3.92699,-1.57079,-0.00000,0.78540,1.96350,2.74890,4.31969,-1.57079,-1.57079,-0.00000,1.17810,1.96350,3.14160,4.31969,-0.78540,0.39270,1.57080,2.74890,3.92699,-1.57079,-0.39270
297.88
-2.35619,-0.78540,-0.39270,0.00000,0.78540,1.96350,3.14159,-2.35619,-1.17810,0.00000,1.17810,2.35619,-2.74889,-1.57080,-0.39270,0.78540,1.57080,3.14159,-2.74889,-2.35619,-1.57080,-0.39270,0.39270,1.57080,2.74889,-2.35619,-1.17810,0.00000,1.17810,2.35619,-2.74889,-1.57080,-0.39270,0.39270,1.17810,1.96350,2.74890,3.53430,4.71239,-0.39270,0.78540,1.96350,3.14160,4.31969,-1.17809,0.39270,1.17810,2.35620,3.14160,4.71239,-1.17809,-1.17809,0.39270,1.57080,2.35620,3.53430,4.71239,-0.39270,0.78540,1.96350,3.14160,4.31969,-1.17809,-0.00000
