52.30
2.74889,-2.74889,-1.57080,-1.17810,-0.39270,0.78540,1.96350,3.14159,-1.96350,-0.78540,0.39270,1.57080,3.14159,-1.96350,-0.78540,0.39270,1.57080,2.35619,-2.74889,-2.74889,-1.57080,-0.39270,0.78540,1.96350,3.14159,-1.96350,-0.78540,0.39270,1.57080,2.74889,-2.35619,-1.17810,2.35619,-2.74889,-1.96350,-1.17810,-0.39270,0.78540,1.96350,3.14159,-1.96350,-0.78540,0.39270,1.96350,3.14159,-1.96350,-0.78540,0.39270,1.17810,2.35619,-2.74889,-2.35619,-1.57080,-0.39270,0.78540,1.96350,3.14159,-1.96350,-0.39270,0.78540,1.96350,3.14159,-1.96350,-0.78540
72.17
2.74889,-2.74889,-1.57080,-1.17810,-0.39270,0.78540,1.96350,3.14159,-1.96350,-0.78540,0.39270,1.57080,3.14159,-1.96350,-0.78540,0.39270,1.57080,2.35619,-2.74889,-2.74889,-1.57080,-0.39270,0.78540,1.96350,3.14159,-1.96350,-0.78540,0.39270,1.57080,2.74889,-2.35619,-1.17810,3.92699,-1.17809,-0.39270,0.39270,1.17810,2.35620,3.53430,4.71239,-0.39270,0.78540,1.96350,3.53430,4.71239,-0.39270,0.78540,1.96350,2.74890,3.92699,-1.17809,-0.78539,-0.00000,1.17810,2.35620,3.53430,4.71239,-0.39270,1.17810,2.35620,3.53430,4.71239,-0.39270,0.78540
112.44
2.74889,-2.74889,-1.57080,-1.17810,-0.39270,0.78540,1.96350,3.14159,-1.96350,-0.78540,0.39270,1.57080,3.14159,-1.96350,-0.78540,0.39270,1.57080,2.35619,-2.74889,-2.74889,-1.57080,-0.39270,0.78540,1.96350,3.14159,-1.96350,-0.78540,0.39270,1.57080,2.74889,-2.35619,-1.17810,4.31969,-0.78539,-0.00000,0.78540,1.57080,2.74890,3.92700,5.10509,-0.00000,1.17810,2.35620,3.92700,5.10509,-0.00000,1.17810,2.35620,3.14160,4.31969,-0.78539,-0.39269,0.39270,1.57080,2.74890,3.92700,5.10509,-0.00000,1.57080,2.74890,3.92700,5.10509,-0.00000,1.17810
157.42
2.74889,-2.74889,-1.57080,-1.17810,-0.39270,0.78540,1.96350,3.14159,-1.96350,-0.78540,0.39270,1.57080,3.14159,-1.96350,-0.78540,0.39270,1.57080,2.35619,-2.74889,-2.74889,-1.57080,-0.39270,0.78540,1.96350,3.14159,-1.96350,-0.78540,0.39270,1.57080,2.74889,-2.35619,-1.17810,4.71238,-0.39270,0.39269,1.17809,1.96349,3.14159,4.31969,5.49778,0.39269,1.57079,2.74889,4.31969,5.49778,0.39269,1.57079,2.74889,3.53429,4.71238,-0.39270,0.00000,0.78539,1.96349,3.14159,4.31969,5.49778,0.39269,1.96349,3.14159,4.31969,5.49778,0.39269,1.57079
200.26
2.74889,-2.74889,-1.57080,-1.17810,-0.39270,0.78540,1.96350,3.14159,-1.96350,-0.78540,0.39270,1.57080,3.14159,-1.96350,-0.78540,0.39270,1.57080,2.35619,-2.74889,-2.74889,-1.57080,-0.39270,0.78540,1.96350,3.14159,-1.96350,-0.78540,0.39270,1.57080,2.74889,-2.35619,-1.17810,5.10508,0.00000,0.78539,1.57079,2.35619,3.53429,4.71239,5.89048,0.78539,1.96349,3.14159,4.71239,5.89048,0.78539,1.96349,3.14159,3.92699,5.10508,0.00000,0.39270,1.17809,2.35619,3.53429,4.71239,5.89048,0.78539,2.35619,3.53429,4.71239,5.89048,0.78539,1.96349
234.44
2.74889,-2.74889,-1.57080,-1.17810,-0.39270,0.78540,1.96350,3.14159,-1.96350,-0.78540,0.39270,1.57080,3.14159,-1.96350,-0.78540,0.39270,1.57080,2.35619,-2.74889,-2.74889,-1.57080,-0.39270,0.78540,1.96350,3.14159,-1.96350,-0.78540,0.39270,1.57080,2.74889,-2.35619,-1.17810,5.49778,0.39270,1.17809,1.96349,2.74889,3.92699,5.10509,6.28318,1.17809,2.35619,3.53429,5.10509,6.28318,1.17809,2.35619,3.53429,4.31969,5.49778,0.39270,0.78540,1.57079,2.74889,3.92699,5.10509,6.28318,1.17809,2.74889,3.92699,5.10509,6.28318,1.17809,2.35619
244.01
4.71239,-0.78539,0.39270,0.78540,1.57080,2.74890,3.92700,5.10509,-0.00000,1.17810,2.35620,3.53430,5.10509,-0.00000,1.17810,2.35620,3.53430,4.31969,-0.78539,-0.78539,0.39270,1.57080,2.74890,3.92700,5.10509,-0.00000,1.17810,2.35620,3.53430,4.71239,-0.39269,0.78540,2.35619,-2.74889,-1.96350,-1.17810,-0.39270,0.78540,1.96350,3.14159,-1.96350,-0.78540,0.39270,1.96350,3.14159,-1.96350,-0.78540,0.39270,1.17810,2.35619,-2.74889,-2.35619,-1.57080,-0.39270,0.78540,1.96350,3.14159,-1.96350,-0.39270,0.78540,1.96350,3.14159,-1.96350,-0.78540
258.12
5.10508,-0.39270,0.78539,1.17809,1.96349,3.14159,4.31969,5.49778,0.39269,1.57079,2.74889,3.92699,5.49778,0.39269,1.57079,2.74889,3.92699,4.71238,-0.39270,-0.39270,0.78539,1.96349,3.14159,4.31969,5.49778,0.39269,1.57079,2.74889,3.92699,5.10508,0.00000,1.17809,2.35619,-2.74889,-1.96350,-1.17810,-0.39270,0.78540,1.96350,3.14159,-1.96350,-0.78540,0.39270,1.96350,3.14159,-1.96350,-0.78540,0.39270,1.17810,2.35619,-2.74889,-2.35619,-1.57080,-0.39270,0.78540,1.96350,3.14159,-1.96350,-0.39270,0.78540,1.96350,3.14159,-1.96350,-0.78540
