45.85
2.74889,-2.74889,-1.96350,-1.17810,-0.39270,0.39270,1.57080,2.74889,-2.35619,-1.17810,0.00000,1.17810,2.35619,3.14159,-1.57080,-0.39270,0.78540,1.57080,1.96350,-2.74889,-2.74889,-1.57080,-0.39270,0.78540,1.96350,3.14159,-1.96350,-0.78540,0.39270,1.57080,2.74889,-2.74889,2.35619,-2.74889,-2.35619,-1.57080,-0.78540,0.39270,1.57080,-2.74889,-2.35619,-1.17810,0.00000,1.17810,2.35619,3.14159,-1.57080,-0.78540,0.39270,1.17810,1.96350,-2.74889,-2.74889,3.14159,-0.39270,0.78540,1.96350,-2.74889,-1.96350,-0.78540,0.39270,1.57080,2.74889,3.14159
76.59
2.74889,-2.74889,-1.96350,-1.17810,-0.39270,0.39270,1.57080,2.74889,-2.35619,-1.17810,0.00000,1.17810,2.35619,3.14159,-1.57080,-0.39270,0.78540,1.57080,1.96350,-2.74889,-2.74889,-1.57080,-0.39270,0.78540,1.96350,3.14159,-1.96350,-0.78540,0.39270,1.57080,2.74889,-2.74889,2.74889,-2.35619,-1.96349,-1.17810,-0.39270,0.78540,1.96350,-2.35619,-1.96349,-0.78540,0.39270,1.57080,2.74889,3.53429,-1.17810,-0.39270,0.78540,1.57080,2.35620,-2.35619,-2.35619,3.53429,-0.00000,1.17810,2.35620,-2.35619,-1.57080,-0.39270,0.78540,1.96350,3.14159,3.53429
115.78
2.74889,-2.74889,-1.96350,-1.17810,-0.39270,0.39270,1.57080,2.74889,-2.35619,-1.17810,0.00000,1.17810,2.35619,3.14159,-1.57080,-0.39270,0.78540,1.57080,1.96350,-2.74889,-2.74889,-1.57080,-0.39270,0.78540,1.96350,3.14159,-1.96350,-0.78540,0.39270,1.57080,2.74889,-2.74889,3.14159,-1.96349,-1.57079,-0.78540,-0.00000,1.17810,2.35620,-1.96349,-1.57079,-0.39270,0.78540,1.96350,3.14159,3.92699,-0.78540,-0.00000,1.17810,1.96350,2.74890,-1.96349,-1.96349,3.92699,0.39270,1.57080,2.74890,-1.96349,-1.17810,-0.00000,1.17810,2.35620,3.53429,3.92699
157.47
2.74889,-2.74889,-1.96350,-1.17810,-0.39270,0.39270,1.57080,2.74889,-2.35619,-1.17810,0.00000,1.17810,2.35619,3.14159,-1.57080,-0.39270,0.78540,1.57080,1.96350,-2.74889,-2.74889,-1.57080,-0.39270,0.78540,1.96350,3.14159,-1.96350,-0.78540,0.39270,1.57080,2.74889,-2.74889,3.53429,-1.57079,-1.17809,-0.39270,0.39270,1.57080,2.74890,-1.57079,-1.17809,-0.00000,1.17810,2.35620,3.53429,4.31969,-0.39270,0.39270,1.57080,2.35620,3.14160,-1.57079,-1.57079,4.31969,0.78540,1.96350,3.14160,-1.57079,-0.78540,0.39270,1.57080,2.74890,3.92699,4.31969
195.30
2.74889,-2.74889,-1.96350,-1.17810,-0.39270,0.39270,1.57080,2.74889,-2.35619,-1.17810,0.00000,1.17810,2.35619,3.14159,-1.57080,-0.39270,0.78540,1.57080,1.96350,-2.74889,-2.74889,-1.57080,-0.39270,0.78540,1.96350,3.14159,-1.96350,-0.78540,0.39270,1.57080,2.74889,-2.74889,3.92699,-1.17809,-0.78539,-0.00000,0.78540,1.96350,3.14160,-1.17809,-0.78539,0.39270,1.57080,2.74890,3.92699,4.71239,-0.00000,0.78540,1.96350,2.74890,3.53430,-1.17809,-1.17809,4.71239,1.17810,2.35620,3.53430,-1.17809,-0.39270,0.78540,1.96350,3.14160,4.31969,4.71239
223.51
2.74889,-2.74889,-1.96350,-1.17810,-0.39270,0.39270,1.57080,2.74889,-2.35619,-1.17810,0.00000,1.17810,2.35619,3.14159,-1.57080,-0.39270,0.78540,1.57080,1.96350,-2.74889,-2.74889,-1.57080,-0.39270,0.78540,1.96350,3.14159,-1.96350,-0.78540,0.39270,1.57080,2.74889,-2.74889,4.31969,-0.78539,-0.39269,0.39270,1.17810,2.35620,3.53430,-0.78539,-0.39269,0.78540,1.96350,3.14160,4.31969,5.10509,0.39270,1.17810,2.35620,3.14160,3.92700,-0.78539,-0.78539,5.10509,1.57080,2.74890,3.92700,-0.78539,-0.00000,1.17810,2.35620,3.53430,4.71239,5.10509
237.81
2.74889,-2.74889,-1.96350,-1.17810,-0.39270,0.39270,1.57080,2.74889,-2.35619,-1.17810,0.00000,1.17810,2.35619,3.14159,-1.57080,-0.39270,0.78540,1.57080,1.96350,-2.74889,-2.74889,-1.57080,-0.39270,0.78540,1.96350,3.14159,-1.96350,-0.78540,0.39270,1.57080,2.74889,-2.74889,4.71238,-0.39270,0.00000,0.78539,1.57079,2.74889,3.92699,-0.39270,0.00000,1.17809,2.35619,3.53429,4.71238,5.49778,0.78539,1.57079,2.74889,3.53429,4.31969,-0.39270,-0.39270,5.49778,1.96349,3.14159,4.31969,-0.39270,0.39269,1.57079,2.74889,3.92699,5.10508,5.49778
237.81
3.14159,-2.35619,-1.57080,-0.78540,-0.00000,0.78540,1.96350,3.14159,-1.96349,-0.78540,0.39270,1.57080,2.74889,3.53429,-1.17810,-0.00000,1.17810,1.96350,2.35620,-2.35619,-2.35619,-1.17810,-0.00000,1.17810,2.35620,3.53429,-1.57080,-0.39270,0.78540,1.96350,3.14159,-2.35619,5.10508,0.00000,0.39270,1.17809,1.96349,3.14159,4.31969,0.00000,0.39270,1.57079,2.74889,3.92699,5.10508,5.89048,1.17809,1.96349,3.14159,3.92699,4.71239,0.00000,0.00000,5.89048,2.35619,3.53429,4.71239,0.00000,0.78539,1.96349,3.14159,4.31969,5.49778,5.89048
