1.65
0.00000,0.00000,0.00000,0.00000,0.00000,0.00000,0.00000,0.00000,0.00000,0.00000,0.00000,0.00000,0.00000,0.00000,0.00000,0.00000,0.00000,0.00000,0.00000,0.00000,0.00000,0.00000,0.00000,0.00000,0.00000,0.00000,0.00000,0.00000,0.00000,0.00000,0.00000,0.00000
4.29
-0.39270,1.17810,0.00000,0.00000,-2.35619,-0.39270,1.17810,0.00000,-1.96350,0.39270,-0.78540,-1.17810,0.00000,1.57080,0.00000,1.17810,0.00000,-1.57080,-1.17810,0.39270,0.78540,1.17810,-1.17810,-1.17810,-2.74889,-2.35619,-0.39270,3.14159,1.57080,-1.17810,2.35619,-1.57080
4.63
-1.96350,-0.39270,-1.96350,1.96350,-1.17810,-0.78540,0.78540,1.17810,-2.74889,-0.78540,0.39270,0.00000,1.57080,-0.39270,0.39270,0.00000,2.35619,-1.17810,0.39270,0.00000,1.17810,0.39270,-0.78540,-2.74889,-0.78540,-2.74889,0.78540,2.74889,-0.39270,-0.78540,-1.57080,-1.17810
5.34
-1.57080,0.00000,-1.96350,3.14159,-0.39270,1.96350,2.74889,0.00000,-0.78540,-1.17810,0.00000,0.00000,-0.78540,0.00000,0.39270,0.00000,3.14159,-1.96350,0.39270,1.17810,-0.78540,0.39270,1.57080,-2.74889,-1.17810,-2.74889,0.39270,2.74889,0.39270,-1.96350,-1.57080,-2.35619
8.47
-1.57080,0.39270,-1.96350,0.78540,-1.17810,1.96350,3.14159,0.78540,0.39270,0.39270,1.96350,1.57080,-0.39270,-1.57080,1.17810,-2.35619,3.14159,1.17810,-1.17810,-0.39270,-1.17810,1.17810,1.17810,-2.35619,-1.17810,-2.74889,0.78540,1.57080,0.39270,0.00000,-2.74889,-2.74889
19.27
-2.74889,-0.78540,-1.17810,1.17810,2.35619,-2.74889,1.17810,0.39270,0.39270,1.17810,1.96350,-1.17810,0.00000,0.39270,1.57080,1.17810,0.78540,1.57080,-1.57080,-2.74889,-0.39270,0.78540,1.57080,-2.74889,2.74889,-2.74889,-1.17810,-0.78540,0.78540,1.57080,1.57080,-0.78540
22.43
-2.74889,-2.35619,-0.78540,-0.78540,1.57080,2.74889,2.35619,-1.57080,-1.96350,-1.96350,1.57080,-2.74889,-2.74889,3.14159,3.14159,2.35619,-1.17810,-2.74889,-2.74889,-0.78540,-2.74889,-0.78540,-0.39270,-2.74889,-2.74889,-2.74889,-0.39270,-2.74889,0.78540,1.17810,3.14159,-2.74889
29.27
-1.96350,-1.17810,1.17810,0.78540,0.39270,2.74889,1.57080,-1.96350,-1.57080,-2.74889,0.00000,-2.74889,-2.74889,2.74889,-0.78540,2.35619,1.96350,-2.74889,-1.57080,-2.35619,-1.17810,-0.78540,3.14159,-2.74889,-2.74889,-2.74889,-1.57080,0.00000,0.39270,1.96350,2.74889,-2.74889
35.99
-2.74889,-0.78540,1.17810,0.39270,2.35619,2.35619,0.78540,-1.17810,-0.78540,-2.74889,1.96350,-2.74889,-2.74889,2.74889,-0.39270,2.74889,2.35619,-2.74889,-2.74889,-1.96350,0.78540,1.96350,2.74889,-2.74889,-2.74889,-2.74889,-0.78540,1.96350,2.35619,2.35619,3.14159,-2.74889
43.65
-2.74889,3.14159,-1.57080,0.00000,0.00000,3.14159,-2.35619,0.00000,-1.96350,0.00000,2.74889,2.35619,2.74889,-1.96350,-2.35619,0.78540,1.57080,-2.74889,-2.74889,-2.74889,1.17810,-0.78540,2.74889,-2.74889,-2.74889,-2.74889,-1.17810,0.78540,0.39270,-2.74889,-2.74889,-1.57080
46.17
-2.74889,0.39270,-0.78540,1.57080,1.57080,2.74889,-1.17810,-1.96350,-1.57080,1.17810,1.96350,3.14159,3.14159,-1.57080,0.00000,0.00000,2.74889,-2.74889,-2.35619,-0.39270,1.57080,1.17810,-0.78540,-2.74889,-0.78540,-2.35619,1.57080,2.35619,2.74889,-2.74889,-2.74889,-1.17810
47.00
-2.74889,1.57080,0.78540,1.17810,2.35619,3.14159,-2.74889,-1.57080,-0.78540,0.39270,2.35619,0.78540,-2.74889,-1.17810,-1.96350,0.78540,2.74889,-2.74889,-2.74889,-0.39270,0.78540,1.17810,1.57080,-2.74889,-2.35619,-2.74889,-1.96350,1.17810,3.14159,-2.74889,-1.96350,-2.35619
47.73
-2.35619,2.74889,0.78540,1.17810,2.74889,3.14159,-2.35619,-1.57080,-0.78540,0.78540,2.74889,3.14159,-2.74889,-2.74889,-2.35619,1.96350,3.14159,-2.74889,-2.74889,-1.17810,-1.17810,0.00000,3.14159,-2.74889,-2.74889,-1.96350,0.39270,-0.39270,2.35619,-2.74889,-2.74889,-0.78540
49.37
-2.74889,-1.57080,0.00000,1.96350,-1.96350,3.14159,-2.74889,-0.39270,-2.74889,-0.39270,1.57080,3.14159,3.14159,-1.17810,0.00000,0.39270,1.17810,-2.74889,-2.74889,-1.96350,0.78540,1.96350,3.14159,-2.74889,-2.74889,-1.57080,-1.96350,2.35619,3.14159,-2.74889,-2.74889,-1.57080
60.39
-2.74889,-1.17810,-1.57080,1.57080,1.96350,3.14159,-2.74889,-1.17810,-0.39270,1.57080,1.57080,3.14159,2.74889,-1.57080,0.78540,-0.39270,2.74889,-2.74889,-2.74889,-1.17810,-0.78540,1.17810,2.74889,-2.74889,-2.74889,0.78540,0.00000,2.74889,2.35619,-2.74889,-2.74889,-0.78540
61.90
-2.74889,-0.78540,-1.57080,1.96350,2.74889,3.14159,-2.74889,0.00000,-0.39270,1.57080,1.57080,3.14159,3.14159,-2.35619,0.39270,0.39270,2.35619,-2.74889,-2.74889,-1.96350,0.39270,1.57080,2.74889,-2.35619,-2.74889,0.78540,-0.78540,1.96350,2.74889,-2.74889,-2.74889,-0.78540
64.21
-2.74889,-1.17810,0.39270,1.57080,2.35619,3.14159,-2.74889,-1.96350,-0.39270,0.00000,2.74889,3.14159,-2.74889,-2.74889,-1.57080,1.96350,2.74889,-2.74889,-2.74889,-1.17810,-0.39270,2.35619,3.14159,-2.74889,-2.74889,-1.96350,-0.78540,1.96350,2.35619,-2.74889,-2.74889,-1.17810
65.33
-2.74889,-0.39270,0.00000,2.35619,2.35619,3.14159,-2.74889,-1.57080,0.00000,1.57080,2.35619,2.74889,-2.74889,-2.74889,-1.57080,1.96350,2.35619,-2.74889,-2.74889,-1.17810,-0.39270,1.96350,3.14159,-2.74889,-2.74889,-1.96350,-1.17810,1.17810,2.35619,-2.74889,-2.74889,-1.96350
69.40
-2.74889,0.00000,0.00000,1.57080,3.14159,3.14159,-2.74889,-1.17810,-0.39270,1.57080,2.35619,3.14159,-2.74889,-2.74889,-0.78540,1.57080,2.74889,-2.74889,-2.74889,-1.96350,0.00000,0.78540,3.14159,-2.74889,-2.74889,-0.39270,-0.39270,1.57080,2.74889,-2.74889,-2.74889,-1.57080
69.50
-2.74889,-1.96350,-0.39270,1.57080,2.35619,2.74889,-2.74889,-1.17810,-0.39270,0.39270,2.74889,3.14159,-1.96350,-0.78540,-0.39270,1.96350,2.74889,-2.74889,-2.74889,-1.17810,-0.39270,-1.96350,2.74889,-2.74889,-2.74889,-0.39270,-0.78540,1.57080,1.96350,-2.74889,-2.74889,-1.17810
71.05
-2.74889,-0.39270,-0.78540,2.35619,2.35619,3.14159,-2.74889,-0.78540,-0.78540,0.78540,2.35619,2.35619,-2.74889,-2.74889,-0.78540,1.57080,2.35619,-2.74889,-2.74889,-2.35619,0.39270,1.96350,2.74889,-2.74889,-1.96350,-0.78540,-0.78540,1.17810,2.35619,-2.74889,-2.74889,-0.78540
81.02
-2.74889,-0.39270,0.00000,0.78540,2.35619,3.14159,-1.96350,-0.39270,0.39270,0.39270,1.96350,3.14159,-2.74889,-1.96350,-0.39270,0.39270,3.14159,-2.74889,-2.74889,-0.78540,1.17810,0.78540,3.14159,-2.74889,-2.74889,-0.78540,-0.39270,0.00000,2.35619,-2.74889,-2.74889,-1.17810
81.69
-2.74889,-1.57080,-0.78540,0.39270,2.74889,3.14159,-2.74889,-0.78540,-1.17810,0.39270,1.57080,3.14159,-2.74889,-1.17810,-1.17810,0.78540,2.74889,-2.74889,-2.74889,-1.17810,0.00000,1.17810,2.74889,-2.74889,-2.74889,-0.78540,-1.17810,1.17810,2.74889,-2.74889,-2.74889,-1.17810
82.36
-2.74889,-0.39270,0.39270,1.57080,3.14159,-2.74889,-2.74889,-1.57080,0.78540,1.17810,2.35619,-2.74889,-2.35619,-1.17810,0.00000,0.78540,2.74889,-2.74889,-2.35619,-0.39270,0.39270,2.74889,3.14159,-2.74889,-2.74889,-0.78540,-0.39270,1.96350,1.57080,-2.74889,-2.74889,-0.78540
83.10
-2.74889,-1.17810,-0.39270,0.39270,2.74889,3.14159,-2.74889,-0.39270,0.39270,0.78540,3.14159,3.14159,-2.74889,-1.57080,-0.78540,1.17810,2.35619,-2.74889,-2.74889,-1.57080,0.00000,1.57080,3.14159,-2.74889,-2.74889,-1.17810,-0.78540,1.17810,1.17810,-2.74889,-2.74889,-0.78540
83.33
-2.74889,-0.78540,0.00000,1.96350,3.14159,3.14159,-2.74889,-1.17810,0.00000,0.39270,2.74889,3.14159,-2.74889,-1.57080,-0.39270,0.78540,2.35619,-2.74889,-2.74889,-1.96350,0.00000,1.96350,3.14159,-2.74889,-2.35619,-0.78540,0.00000,1.57080,1.96350,-2.74889,-2.74889,-0.78540
84.19
-2.74889,-1.57080,0.00000,0.78540,2.35619,3.14159,-2.74889,-1.17810,0.00000,0.00000,2.74889,3.14159,-2.74889,-1.96350,-1.57080,1.17810,1.57080,-2.74889,-2.74889,-1.17810,0.39270,1.17810,3.14159,-2.74889,-2.74889,-1.17810,-1.17810,0.39270,1.96350,-2.74889,-2.74889,-1.17810
87.16
-2.74889,-0.78540,0.00000,0.39270,3.14159,3.14159,-2.74889,-1.17810,-0.78540,1.17810,1.96350,3.14159,-2.74889,-1.96350,-0.78540,0.39270,1.96350,-2.74889,-2.74889,-1.17810,0.00000,1.57080,3.14159,-2.74889,-1.57080,-1.57080,-0.39270,0.78540,2.35619,-2.74889,-2.74889,-1.17810
89.53
-2.74889,-1.17810,0.39270,1.17810,2.74889,3.14159,-2.74889,-0.78540,0.00000,1.17810,2.35619,3.14159,-2.74889,-0.78540,-0.78540,0.78540,2.35619,-2.74889,-2.74889,-1.17810,-0.39270,1.17810,2.74889,-2.74889,-2.74889,-0.78540,-1.17810,1.17810,1.96350,-2.74889,-2.74889,-0.78540
90.97
-2.74889,-0.78540,-0.39270,1.17810,2.74889,3.14159,-2.74889,-1.17810,0.00000,0.39270,2.35619,3.14159,-2.74889,-1.57080,-0.78540,0.78540,2.74889,-2.74889,-2.74889,-1.57080,0.00000,0.78540,1.96350,-2.74889,-2.74889,-1.57080,-0.39270,0.39270,1.96350,-2.74889,-2.74889,-0.78540
91.47
-2.74889,-1.17810,-0.39270,0.78540,1.96350,3.14159,-2.74889,-1.57080,-1.17810,0.78540,0.78540,3.14159,-2.74889,-1.57080,-0.39270,0.78540,2.35619,-2.74889,-2.74889,-1.57080,-0.39270,1.17810,2.74889,-2.74889,-2.74889,-1.57080,-0.39270,0.78540,2.35619,-2.74889,-2.74889,-1.17810
93.91
-2.74889,-0.78540,0.00000,1.17810,1.96350,3.14159,-2.35619,-0.39270,-0.39270,0.00000,1.57080,3.14159,-2.74889,-1.57080,0.00000,1.17810,2.35619,-2.74889,-2.35619,-0.39270,0.39270,0.78540,2.74889,-2.35619,-2.74889,-0.78540,0.00000,0.78540,2.35619,-2.74889,-2.35619,-0.78540
94.84
-2.74889,-0.78540,0.00000,1.17810,2.35619,3.14159,-2.74889,-1.17810,-0.39270,0.39270,2.74889,3.14159,-2.74889,-1.57080,-0.39270,1.17810,1.96350,-2.74889,-2.35619,-0.78540,0.00000,1.17810,2.74889,-2.74889,-2.74889,-1.57080,-0.39270,1.17810,2.35619,-2.74889,-2.74889,-1.17810
94.91
-2.74889,-0.78540,0.39270,1.17810,2.74889,3.14159,-2.74889,-0.39270,0.39270,1.17810,2.35619,3.14159,-2.74889,-1.17810,0.00000,1.57080,2.35619,-2.74889,-1.57080,-1.17810,0.39270,1.96350,2.35619,-2.74889,-2.35619,-1.17810,-0.78540,1.17810,1.57080,-2.74889,-2.35619,-1.17810
95.42
-2.74889,-1.17810,0.39270,0.39270,2.35619,3.14159,-2.74889,-0.78540,0.39270,0.39270,1.57080,3.14159,-2.74889,-1.57080,0.00000,1.17810,2.35619,-2.74889,-1.96350,-0.78540,0.00000,0.39270,2.35619,-2.74889,-2.74889,-1.17810,-0.39270,0.39270,1.96350,-2.74889,-2.35619,-1.17810
95.56
-1.96350,-1.57080,0.39270,1.17810,2.35619,3.14159,-1.96350,-1.17810,-0.39270,0.39270,1.96350,3.14159,-2.74889,-1.17810,-0.78540,0.78540,1.57080,-2.74889,-2.35619,-1.57080,0.39270,0.78540,2.74889,-2.74889,-2.74889,-1.17810,0.00000,0.39270,1.96350,-2.74889,-1.96350,-1.57080
98.73
-2.74889,-1.57080,0.00000,0.39270,1.96350,3.14159,-1.96350,-1.17810,0.39270,0.00000,1.96350,3.14159,-2.74889,-1.57080,-0.39270,0.78540,1.96350,-2.74889,-2.35619,-1.17810,0.00000,0.78540,1.96350,-2.74889,-2.35619,-1.17810,-0.39270,0.39270,1.96350,-2.74889,-2.35619,-0.78540
99.07
-2.74889,-0.78540,0.00000,1.57080,2.35619,3.14159,-2.74889,-0.78540,0.00000,0.78540,1.96350,3.14159,-2.74889,-1.17810,0.00000,0.78540,2.35619,-2.74889,-1.96350,-0.78540,0.39270,1.17810,2.35619,-2.74889,-2.74889,-1.57080,0.00000,1.17810,1.96350,-2.74889,-1.96350,-0.39270
99.29
-2.74889,-1.17810,0.39270,1.57080,2.35619,3.14159,-1.96350,-1.17810,0.00000,0.78540,1.17810,3.14159,-2.74889,-1.17810,-0.39270,1.17810,1.57080,-2.74889,-1.96350,-0.78540,0.39270,1.57080,1.96350,-2.74889,-2.74889,-1.17810,0.00000,0.78540,1.96350,-2.74889,-2.35619,-0.78540
99.59
3.14159,-1.96350,-0.78540,0.39270,1.17810,2.74889,3.14159,3.14159,-0.39270,0.00000,0.78540,1.96350,3.14159,-2.74889,-1.17810,-0.39270,0.78540,2.35619,3.14159,-1.96350,-0.78540,0.00000,1.17810,2.74889,-2.74889,-2.35619,-1.17810,-0.39270,0.78540,1.96350,-2.74889,-1.96350
99.70
3.14159,-1.96350,-0.78540,0.39270,1.57080,2.74889,3.14159,3.14159,-0.39270,0.00000,0.78540,2.35619,3.14159,-2.74889,-0.78540,0.00000,1.17810,2.35619,3.14159,-1.57080,-0.39270,0.39270,1.57080,2.74889,-2.74889,-2.35619,-1.17810,0.00000,1.17810,1.96350,-2.74889,-1.96350
100.31
3.14159,-1.96350,-0.78540,0.39270,1.57080,2.35619,3.14159,3.14159,-0.78540,0.00000,1.17810,1.96350,3.14159,-2.35619,-1.17810,0.00000,0.78540,2.35619,3.14159,-1.96350,-0.78540,0.00000,1.17810,2.74889,-2.74889,-2.74889,-1.17810,-0.39270,0.78540,1.96350,-2.74889,-2.35619
100.41
3.14159,-1.96350,-0.78540,0.39270,1.17810,2.74889,3.14159,3.14159,-0.78540,0.39270,0.78540,1.96350,3.14159,-2.74889,-1.17810,0.00000,1.17810,2.35619,3.14159,-1.96350,-0.39270,0.00000,1.17810,2.74889,-2.74889,-1.96350,-1.17810,0.00000,0.78540,1.96350,-2.74889,-1.96350
100.42
3.14159,-1.57080,-0.78540,0.00000,1.17810,2.35619,3.14159,3.14159,-0.39270,0.00000,0.78540,1.57080,3.14159,-1.96350,-1.17810,0.00000,1.17810,2.35619,3.14159,-1.57080,-0.39270,0.39270,1.17810,2.74889,-2.74889,-1.96350,-1.17810,0.00000,0.78540,2.35619,-2.74889,-1.96350
101.25
3.14159,-1.96350,-0.78540,0.00000,1.17810,2.74889,3.14159,3.14159,-0.78540,0.00000,0.78540,2.35619,3.14159,-2.35619,-1.17810,0.00000,1.17810,2.35619,3.14159,-1.57080,-0.78540,0.39270,1.17810,2.74889,-2.74889,-2.35619,-0.78540,0.00000,0.78540,2.35619,-2.74889,-1.96350
101.43
3.14159,-1.96350,-0.78540,0.00000,1.17810,2.74889,3.14159,3.14159,-1.17810,0.00000,1.17810,1.96350,3.14159,-2.35619,-1.17810,0.00000,1.57080,2.35619,3.14159,-1.57080,-0.78540,0.39270,1.57080,2.74889,-2.74889,-1.96350,-1.17810,0.00000,1.17810,1.96350,-2.74889,-1.96350
101.52
3.14159,-2.35619,-0.78540,0.00000,1.17810,2.35619,3.14159,3.14159,-1.17810,0.00000,0.78540,1.96350,3.14159,-2.35619,-1.17810,0.00000,1.17810,2.35619,3.14159,-1.96350,-1.17810,0.39270,1.17810,2.74889,-2.74889,-1.96350,-0.78540,0.00000,0.78540,1.96350,-2.74889,-2.35619
102.09
3.14159,-2.35619,-1.17810,0.00000,1.17810,1.96350,3.14159,3.14159,-1.17810,0.00000,0.78540,1.96350,3.14159,-2.35619,-1.17810,0.00000,0.78540,1.96350,3.14159,-1.96350,-0.78540,0.00000,1.17810,2.35619,-2.74889,-2.35619,-1.17810,-0.39270,0.39270,1.57080,-2.74889,-2.35619
102.09
3.14159,-1.96350,-1.17810,0.39270,1.17810,2.35619,3.14159,3.14159,-0.78540,0.00000,0.78540,1.96350,3.14159,-2.35619,-1.17810,0.00000,1.17810,1.96350,3.14159,-1.57080,-0.78540,0.00000,1.57080,2.74889,-2.74889,-2.35619,-1.17810,0.00000,0.78540,1.96350,-2.74889,-1.96350
102.65
3.14159,-2.35619,-1.17810,0.00000,1.17810,2.35619,3.14159,3.14159,-1.17810,0.00000,0.78540,1.96350,3.14159,-2.35619,-1.17810,0.00000,1.17810,2.35619,3.14159,-1.96350,-1.17810,0.39270,1.17810,2.35619,-2.74889,-2.35619,-1.17810,-0.39270,0.78540,1.96350,-2.74889,-2.35619
102.72
3.14159,-1.96350,-0.78540,0.00000,1.17810,2.35619,3.14159,3.14159,-1.17810,0.00000,0.78540,1.96350,3.14159,-2.35619,-1.17810,0.00000,1.17810,2.35619,3.14159,-1.96350,-0.78540,0.39270,1.17810,2.35619,-2.74889,-2.35619,-1.17810,0.00000,0.78540,1.57080,-2.74889,-1.96350
102.75
3.14159,-1.96350,-1.17810,0.39270,1.57080,2.35619,3.14159,3.14159,-0.78540,0.00000,0.78540,1.96350,3.14159,-2.35619,-1.17810,0.00000,1.17810,1.96350,3.14159,-1.57080,-0.78540,0.39270,1.17810,2.35619,-2.74889,-1.96350,-1.17810,0.00000,1.17810,1.96350,-2.74889,-1.96350
102.91
3.14159,-1.96350,-0.78540,0.39270,1.17810,2.35619,3.14159,3.14159,-0.78540,0.00000,1.17810,1.96350,3.14159,-2.35619,-1.17810,0.00000,1.17810,2.35619,3.14159,-1.57080,-0.39270,0.39270,1.57080,2.35619,-2.74889,-1.96350,-1.17810,0.00000,1.17810,1.96350,-2.74889,-1.96350
103.04
3.14159,-2.35619,-1.17810,0.39270,1.17810,2.35619,3.14159,3.14159,-0.78540,0.00000,0.78540,1.96350,3.14159,-2.35619,-1.17810,0.00000,1.17810,2.35619,3.14159,-1.96350,-0.78540,0.39270,1.17810,2.35619,-2.74889,-2.35619,-1.17810,-0.39270,0.78540,1.96350,-2.74889,-1.96350
103.17
3.14159,-1.96350,-1.17810,0.00000,1.17810,2.35619,3.14159,3.14159,-0.78540,0.00000,0.78540,1.96350,3.14159,-2.35619,-1.17810,0.00000,0.78540,2.35619,3.14159,-1.96350,-0.78540,0.00000,1.57080,2.35619,3.14159,-1.96350,-1.17810,0.00000,1.17810,1.96350,-2.74889,-1.96350
103.19
3.14159,-2.35619,-1.17810,0.00000,1.17810,2.35619,3.14159,3.14159,-1.17810,0.00000,0.78540,1.96350,3.14159,-1.96350,-1.17810,0.00000,1.17810,2.35619,3.14159,-1.57080,-0.78540,0.39270,1.17810,2.35619,3.14159,-1.96350,-1.17810,0.00000,0.78540,1.96350,-2.74889,-1.96350
103.21
3.14159,-1.96350,-1.17810,0.00000,1.17810,2.35619,3.14159,3.14159,-0.78540,0.00000,0.78540,1.57080,3.14159,-1.96350,-1.17810,0.00000,1.17810,2.35619,3.14159,-1.96350,-0.78540,0.39270,1.57080,2.35619,3.14159,-1.96350,-1.17810,0.00000,0.78540,1.96350,-2.74889,-1.96350
103.45
3.14159,-2.35619,-1.17810,0.00000,1.17810,2.35619,3.14159,3.14159,-0.78540,0.00000,0.78540,1.96350,3.14159,-2.35619,-1.17810,0.00000,1.17810,2.35619,3.14159,-1.96350,-0.78540,0.39270,1.57080,2.35619,3.14159,-2.35619,-1.17810,0.00000,1.17810,1.96350,-2.74889,-1.96350
103.50
3.14159,-1.96350,-1.17810,0.00000,1.17810,2.35619,3.14159,3.14159,-1.17810,0.00000,0.78540,1.96350,3.14159,-2.35619,-1.17810,0.00000,1.17810,2.35619,3.14159,-1.96350,-0.78540,0.39270,1.57080,2.35619,3.14159,-2.35619,-1.17810,0.00000,1.17810,1.96350,-2.74889,-1.96350
103.72
3.14159,-1.96350,-1.17810,0.00000,1.17810,2.35619,3.14159,3.14159,-0.78540,0.00000,0.78540,1.96350,3.14159,-2.35619,-1.17810,0.00000,1.17810,2.35619,3.14159,-1.96350,-0.78540,0.00000,1.17810,2.35619,3.14159,-2.35619,-1.17810,0.00000,0.78540,1.96350,-2.74889,-1.96350
103.76
3.14159,-2.35619,-1.17810,0.00000,1.17810,2.35619,3.14159,3.14159,-0.78540,0.00000,0.78540,1.96350,3.14159,-2.35619,-1.17810,0.00000,1.17810,2.35619,3.14159,-1.96350,-0.78540,0.39270,1.17810,2.35619,3.14159,-1.96350,-1.17810,0.00000,0.78540,1.96350,-2.74889,-1.96350
103.77
3.14159,-1.96350,-1.17810,0.00000,1.17810,2.35619,3.14159,3.14159,-1.17810,0.00000,0.78540,1.96350,3.14159,-2.35619,-1.17810,0.00000,1.17810,1.96350,3.14159,-1.96350,-0.78540,0.39270,1.17810,2.35619,3.14159,-2.35619,-1.17810,0.00000,0.78540,1.96350,-2.74889,-1.96350
103.81
3.14159,-1.96350,-1.17810,0.00000,1.17810,2.35619,3.14159,3.14159,-1.17810,0.00000,0.78540,1.96350,3.14159,-2.35619,-1.17810,0.00000,1.17810,2.35619,3.14159,-1.96350,-0.78540,0.39270,1.17810,2.35619,3.14159,-1.96350,-1.17810,0.00000,0.78540,1.96350,-2.74889,-1.96350
103.81
3.14159,-1.96350,-1.17810,0.00000,1.17810,2.35619,3.14159,3.14159,-1.17810,0.00000,0.78540,1.96350,3.14159,-2.35619,-1.17810,0.00000,1.17810,2.35619,3.14159,-1.96350,-0.78540,0.39270,1.17810,2.35619,3.14159,-2.35619,-1.17810,0.00000,0.78540,1.96350,-2.74889,-1.96350
103.84
3.14159,-1.96350,-1.17810,0.00000,1.17810,2.35619,3.14159,3.14159,-0.78540,0.00000,0.78540,1.96350,3.14159,-2.35619,-1.17810,0.00000,1.17810,2.35619,3.14159,-1.96350,-0.78540,0.39270,1.17810,2.35619,3.14159,-1.96350,-1.17810,0.00000,0.78540,1.96350,-2.74889,-1.96350
