1.30
0.00000,0.00000,0.00000,0.00000,0.00000,0.00000,0.00000,0.00000,0.00000,0.00000,0.00000,0.00000,0.00000,0.00000,0.00000,0.00000,0.00000,0.00000,0.00000,0.00000,0.00000,0.00000,0.00000,0.00000,0.00000,0.00000,0.00000,0.00000,0.00000,0.00000,0.00000,0.00000
1.42
1.57080,-1.96350,-1.17810,2.35619,0.78540,0.39270,-1.17810,-0.39270,0.00000,-1.17810,1.17810,-1.17810,0.78540,-0.39270,-0.78540,0.39270,2.74889,0.39270,0.39270,-0.39270,0.00000,0.00000,2.74889,-0.39270,1.96350,0.39270,0.00000,2.74889,-0.78540,-0.78540,0.39270,1.17810
8.34
0.39270,0.00000,-0.78540,3.14159,3.14159,2.35619,-0.39270,0.78540,3.14159,-0.78540,-0.39270,-1.57080,-0.39270,1.96350,-2.74889,-0.78540,1.96350,0.00000,-1.17810,0.39270,0.78540,1.57080,1.57080,0.00000,-0.39270,1.17810,0.78540,0.39270,2.74889,0.78540,-1.96350,-0.39270
13.84
-2.74889,-0.39270,-0.39270,2.35619,1.57080,0.39270,-0.78540,-0.39270,-1.17810,-2.35619,1.96350,-2.35619,1.96350,3.14159,0.39270,-1.57080,1.17810,2.35619,1.96350,-1.57080,2.35619,0.39270,0.39270,0.00000,-0.39270,-0.78540,0.39270,-1.17810,1.17810,0.78540,-2.74889,2.74889
14.46
0.39270,1.96350,2.35619,-2.35619,-0.39270,2.74889,-2.74889,0.00000,-2.74889,-2.35619,-1.57080,-2.74889,0.78540,-0.78540,0.39270,3.14159,-2.74889,0.39270,-1.57080,0.00000,1.17810,0.00000,-2.35619,-2.74889,-1.17810,-0.78540,3.14159,-0.39270,1.96350,1.17810,1.57080,-1.57080
15.75
0.39270,0.78540,3.14159,-1.96350,0.39270,-0.39270,-1.17810,-1.57080,0.00000,2.35619,0.39270,-1.96350,-0.39270,-1.57080,-1.96350,-0.78540,-0.78540,-1.57080,1.57080,0.78540,2.74889,2.74889,-1.17810,-2.74889,-1.57080,0.00000,1.57080,1.57080,1.96350,3.14159,-0.78540,-1.17810
16.77
1.96350,0.39270,3.14159,-1.57080,1.57080,-1.17810,0.00000,-2.74889,1.96350,-0.78540,1.17810,-2.35619,0.00000,-1.96350,-2.74889,-1.57080,-1.17810,-1.17810,-0.39270,1.17810,1.57080,2.35619,-1.96350,-2.74889,0.00000,-2.74889,1.96350,1.57080,1.96350,1.17810,-1.57080,-0.39270
18.37
0.00000,-2.74889,-2.74889,-2.74889,1.57080,-2.74889,3.14159,2.35619,-2.74889,-0.78540,0.00000,-2.74889,1.17810,3.14159,-0.78540,-0.78540,1.57080,1.96350,3.14159,-2.74889,-1.17810,-1.17810,-0.39270,2.74889,1.17810,3.14159,0.00000,-2.74889,-0.78540,1.96350,3.14159,2.35619
20.65
3.14159,-2.74889,2.74889,-2.35619,-2.74889,-2.35619,2.74889,1.17810,1.57080,-2.74889,-1.96350,-2.74889,3.14159,-1.17810,0.78540,3.14159,3.14159,-2.74889,-2.74889,-0.78540,0.78540,-2.74889,3.14159,3.14159,3.14159,-2.74889,-0.78540,2.74889,0.39270,3.14159,2.35619,-1.17810
26.06
1.17810,-0.78540,3.14159,-2.35619,-1.96350,3.14159,-0.78540,0.39270,1.57080,-2.35619,1.57080,1.57080,2.74889,0.00000,0.39270,3.14159,3.14159,-2.74889,-2.74889,-1.96350,0.78540,-2.74889,3.14159,3.14159,3.14159,-1.17810,-1.17810,1.17810,2.74889,3.14159,2.74889,-2.74889
27.04
2.35619,-1.17810,1.17810,2.35619,-2.74889,-2.35619,-1.57080,-1.17810,-0.78540,0.78540,-1.17810,-2.35619,-1.96350,-1.96350,0.00000,2.74889,-2.74889,3.14159,1.96350,-1.17810,0.78540,1.96350,-1.57080,3.14159,-2.74889,-1.96350,0.39270,-0.39270,2.35619,2.74889,1.96350,3.14159
27.96
2.74889,0.00000,0.00000,3.14159,-2.74889,2.74889,-1.17810,1.17810,0.00000,-2.74889,-1.96350,1.57080,3.14159,-2.74889,2.35619,0.78540,2.74889,-2.74889,-2.35619,2.35619,0.00000,0.39270,2.35619,1.96350,2.74889,-2.74889,-1.17810,-1.17810,1.17810,3.14159,2.74889,-2.74889
36.11
-0.78540,-1.96350,1.96350,-2.35619,-2.74889,-2.74889,0.00000,-1.96350,-1.57080,2.74889,-2.74889,3.14159,-2.35619,0.00000,-2.74889,0.39270,2.74889,-2.74889,3.14159,-1.57080,-0.78540,0.00000,1.57080,3.14159,-2.35619,-2.74889,-0.39270,0.78540,2.35619,2.74889,2.74889,3.14159
42.15
0.78540,1.57080,2.74889,3.14159,-2.74889,3.14159,0.00000,2.74889,1.17810,-2.74889,-2.74889,-2.74889,3.14159,-1.96350,0.39270,1.17810,0.00000,-2.74889,-1.17810,0.00000,0.00000,1.17810,2.35619,-2.74889,3.14159,-1.57080,-0.78540,0.39270,3.14159,3.14159,3.14159,-2.74889
50.61
0.00000,0.39270,0.39270,3.14159,-2.74889,2.74889,-0.78540,-1.17810,0.78540,-2.74889,-2.74889,3.14159,-0.39270,-0.39270,1.17810,-0.39270,3.14159,-2.74889,-2.35619,-1.57080,-0.78540,1.96350,3.14159,2.74889,2.74889,-2.35619,-1.17810,-0.78540,0.39270,3.14159,3.14159,-2.74889
51.29
2.35619,0.78540,0.00000,3.14159,-2.74889,-0.78540,-1.17810,-0.78540,1.17810,-2.74889,-1.57080,2.35619,-1.57080,-1.17810,-1.17810,1.17810,1.96350,-2.74889,-2.74889,-1.17810,-0.78540,1.17810,2.35619,3.14159,-1.96350,-2.74889,-0.39270,0.39270,2.35619,3.14159,2.74889,-2.35619
57.61
-0.39270,0.78540,1.17810,1.96350,-2.74889,-2.74889,-2.74889,0.78540,0.78540,-2.74889,-2.74889,2.74889,-2.74889,-1.17810,0.39270,-0.39270,3.14159,-2.74889,-2.74889,-1.96350,0.78540,1.17810,3.14159,3.14159,-2.74889,-1.96350,-1.57080,0.39270,2.35619,3.14159,3.14159,-2.74889
60.44
0.00000,0.39270,0.78540,3.14159,-2.74889,-2.74889,-1.96350,-0.78540,0.78540,-2.74889,-2.74889,3.14159,-2.74889,-1.17810,0.78540,1.57080,3.14159,-2.74889,-2.74889,-0.39270,1.17810,0.39270,3.14159,3.14159,-2.74889,-2.74889,0.00000,0.39270,3.14159,3.14159,3.14159,-1.17810
60.72
2.35619,0.39270,0.78540,3.14159,-2.74889,-2.74889,-1.57080,-0.39270,0.39270,-2.74889,-2.74889,3.14159,-2.74889,-1.17810,-0.78540,1.17810,2.35619,-2.74889,-2.74889,-0.78540,0.78540,1.96350,2.35619,3.14159,-2.74889,-2.74889,0.78540,0.39270,1.96350,2.74889,3.14159,-2.74889
65.79
0.39270,-0.78540,1.96350,2.74889,-2.35619,-2.35619,-1.17810,0.00000,0.39270,-2.74889,-2.74889,3.14159,-2.74889,-1.57080,1.57080,1.96350,3.14159,-2.74889,-2.74889,-0.78540,0.00000,0.39270,2.35619,3.14159,-2.35619,-2.74889,-0.78540,-0.78540,1.57080,2.74889,3.14159,-1.17810
68.22
1.96350,0.78540,1.96350,3.14159,-2.74889,-2.74889,-0.39270,0.00000,1.17810,-2.74889,-2.74889,3.14159,-2.74889,-0.78540,0.78540,1.17810,3.14159,-2.74889,-2.74889,-1.17810,0.39270,0.78540,2.74889,3.14159,-2.74889,-2.74889,-0.39270,0.39270,2.35619,3.14159,3.14159,-1.96350
68.43
0.00000,0.78540,1.57080,3.14159,-2.74889,-2.74889,-2.35619,-0.39270,0.78540,-2.74889,-2.74889,3.14159,-2.74889,-1.57080,0.78540,1.57080,3.14159,-2.74889,-1.96350,-0.78540,0.78540,1.57080,2.74889,3.14159,-2.74889,-2.74889,-0.39270,0.39270,2.74889,3.14159,3.14159,-2.74889
69.33
0.39270,0.78540,1.96350,2.74889,-2.74889,-2.74889,-1.57080,0.00000,0.39270,-2.74889,-2.74889,3.14159,-2.74889,-1.17810,0.39270,1.96350,3.14159,-2.74889,-2.74889,-0.39270,0.39270,1.57080,3.14159,3.14159,-2.74889,-2.74889,-0.78540,0.78540,2.35619,3.14159,3.14159,-2.74889
69.42
-0.39270,1.17810,1.96350,2.74889,-2.74889,-2.74889,-1.96350,0.39270,0.39270,-2.74889,-2.74889,3.14159,-2.74889,-1.57080,0.39270,1.17810,3.14159,-2.74889,-2.74889,-0.39270,0.00000,1.57080,2.74889,3.14159,-2.74889,-2.74889,-0.78540,0.78540,2.35619,3.14159,3.14159,-2.74889
69.42
0.00000,0.78540,2.35619,3.14159,-2.74889,-2.74889,-1.96350,0.00000,0.39270,-2.74889,-2.74889,3.14159,-2.74889,-0.78540,0.39270,1.57080,3.14159,-2.74889,-2.74889,-0.39270,0.00000,1.96350,2.74889,3.14159,-2.74889,-2.74889,-0.39270,0.39270,2.35619,3.14159,3.14159,-2.74889
70.45
0.39270,-0.39270,1.17810,2.74889,-2.35619,-1.17810,-1.17810,0.78540,0.78540,-2.74889,-2.74889,-2.74889,-1.57080,-0.39270,0.39270,1.57080,3.14159,-2.74889,2.74889,-0.78540,0.00000,0.00000,1.96350,3.14159,-2.74889,-2.74889,-0.39270,0.39270,2.74889,2.74889,3.14159,-1.17810
70.70
0.78540,0.78540,1.96350,2.74889,-2.35619,-1.17810,-2.74889,0.78540,0.39270,-2.74889,-2.74889,3.14159,-0.78540,-1.17810,0.39270,1.57080,3.14159,-2.74889,-1.57080,-0.39270,0.00000,1.57080,2.35619,3.14159,2.74889,-2.74889,0.39270,0.00000,2.35619,3.14159,3.14159,-1.96350
70.83
0.00000,0.00000,1.57080,3.14159,-2.74889,-2.74889,-1.57080,0.00000,0.39270,-2.74889,-2.74889,3.14159,-2.74889,-1.96350,0.39270,1.57080,3.14159,-2.74889,-2.74889,-0.78540,0.39270,1.17810,3.14159,3.14159,-2.74889,-2.74889,-1.17810,0.78540,1.57080,3.14159,3.14159,-2.74889
72.06
0.39270,0.00000,2.35619,3.14159,-2.74889,-1.57080,-1.96350,-1.57080,0.78540,-2.74889,-2.74889,-2.74889,-1.96350,-1.57080,0.39270,1.96350,3.14159,-2.74889,-2.74889,-0.78540,0.39270,1.57080,1.96350,2.74889,-2.74889,-2.35619,-0.39270,0.39270,1.57080,3.14159,3.14159,-2.74889
72.70
0.00000,0.00000,1.96350,2.74889,-2.74889,-2.74889,-1.96350,0.39270,0.39270,-2.74889,-2.74889,3.14159,-2.74889,-1.57080,0.39270,1.17810,3.14159,-2.74889,-1.17810,-0.78540,0.00000,1.17810,2.74889,3.14159,-2.74889,-2.74889,-0.78540,0.39270,2.35619,3.14159,3.14159,-2.74889
76.01
-0.39270,0.00000,1.57080,2.74889,-2.74889,-2.74889,-1.96350,0.00000,0.78540,-2.74889,-2.74889,3.14159,-2.74889,-1.57080,0.39270,0.78540,2.74889,-2.74889,-2.74889,-0.78540,0.39270,1.57080,2.35619,3.14159,-2.74889,-2.74889,0.00000,0.00000,1.96350,3.14159,3.14159,-2.74889
77.78
1.17810,0.39270,1.57080,3.14159,-2.74889,-1.96350,-0.78540,0.78540,1.57080,-2.74889,-2.74889,-2.74889,-1.96350,-0.39270,1.57080,1.17810,2.35619,-2.74889,-1.96350,-0.78540,0.78540,1.57080,2.74889,2.35619,-2.74889,-2.35619,0.39270,0.78540,1.17810,3.14159,3.14159,-2.74889
79.21
-0.39270,0.39270,1.57080,3.14159,-2.74889,-2.74889,-1.17810,-0.39270,0.78540,-2.74889,-2.74889,-2.74889,-1.96350,-1.17810,1.17810,1.57080,3.14159,-2.74889,-2.74889,-0.78540,0.00000,1.17810,1.17810,3.14159,-2.74889,-2.74889,-0.39270,0.39270,1.57080,3.14159,3.14159,-2.74889
80.29
-0.39270,0.39270,1.57080,3.14159,-2.74889,-2.74889,-0.78540,0.39270,0.78540,-2.74889,-2.74889,-2.74889,-2.35619,-0.78540,1.17810,1.17810,3.14159,-2.74889,-2.74889,-0.78540,0.78540,1.17810,2.35619,3.14159,-2.74889,-1.96350,-1.17810,0.39270,2.35619,3.14159,3.14159,-2.74889
80.99
1.17810,0.78540,1.57080,3.14159,-2.74889,-2.35619,0.39270,0.39270,0.78540,-2.74889,-2.74889,-2.74889,-1.57080,-1.17810,1.17810,1.57080,2.74889,-2.74889,-2.35619,0.00000,0.39270,0.78540,2.35619,3.14159,-2.74889,-1.17810,-0.39270,0.78540,1.17810,2.74889,3.14159,-2.74889
81.77
0.00000,0.78540,1.57080,3.14159,-2.74889,-2.74889,-0.78540,0.39270,0.39270,-2.74889,-2.74889,-2.74889,-1.96350,-0.78540,1.57080,0.78540,2.74889,-2.74889,-2.74889,-0.39270,0.00000,1.57080,2.35619,3.14159,-2.74889,-1.17810,-0.78540,0.39270,1.57080,3.14159,3.14159,-2.74889
81.88
0.00000,0.78540,1.17810,3.14159,-2.74889,-2.35619,-0.39270,0.39270,0.39270,-2.74889,-2.74889,-2.74889,-1.96350,-1.17810,0.39270,1.17810,3.14159,-2.74889,-2.35619,-0.78540,-0.39270,1.17810,2.74889,3.14159,-2.74889,-2.74889,0.00000,0.78540,1.57080,3.14159,3.14159,-2.74889
82.28
0.00000,0.00000,1.57080,3.14159,-2.74889,-2.74889,-0.39270,0.39270,0.78540,-2.74889,-2.74889,-2.74889,-2.35619,-0.78540,1.17810,1.57080,2.74889,-2.74889,-2.35619,-0.39270,0.39270,0.78540,1.96350,3.14159,-2.74889,-2.74889,-0.39270,0.39270,1.57080,3.14159,3.14159,-2.74889
84.33
-0.39270,0.39270,1.57080,3.14159,-2.74889,-2.74889,-1.17810,-0.39270,0.39270,-2.74889,-2.74889,-2.74889,-2.35619,-1.17810,1.17810,1.57080,3.14159,-2.74889,-1.96350,-0.78540,0.39270,1.17810,2.74889,3.14159,-2.74889,-1.96350,-0.78540,0.00000,1.17810,3.14159,3.14159,-2.74889
84.43
0.00000,0.78540,1.57080,3.14159,-2.74889,-1.57080,-1.96350,0.00000,0.78540,1.96350,-2.74889,-2.74889,-2.74889,-0.39270,0.39270,1.96350,2.74889,-2.74889,-2.35619,-1.17810,0.00000,1.17810,3.14159,3.14159,-2.74889,-2.35619,0.00000,0.39270,1.96350,3.14159,3.14159,-2.74889
86.59
-0.39270,0.39270,1.17810,3.14159,-2.74889,-2.74889,-1.57080,-0.39270,0.00000,1.96350,-2.74889,-2.74889,-2.35619,-0.39270,1.17810,1.96350,2.74889,-2.74889,-1.96350,-0.78540,0.78540,0.78540,2.74889,3.14159,-2.74889,-1.96350,-0.78540,0.39270,1.57080,3.14159,3.14159,-2.74889
86.66
-1.17810,0.39270,1.17810,2.74889,-2.74889,-2.74889,-0.78540,-0.39270,0.78540,-2.74889,-2.74889,-2.74889,-2.35619,-0.39270,0.78540,1.17810,2.74889,-2.74889,-2.74889,-0.39270,0.39270,0.39270,1.96350,3.14159,-2.74889,-1.96350,-0.39270,-0.39270,1.57080,2.35619,3.14159,-2.74889
86.83
0.00000,0.78540,1.17810,3.14159,-2.74889,-2.74889,-0.78540,0.00000,0.78540,0.39270,-2.74889,-2.74889,-2.35619,-0.78540,0.39270,1.17810,3.14159,-2.74889,-1.57080,-0.78540,0.39270,1.57080,2.74889,3.14159,-2.74889,-1.96350,-0.39270,0.00000,1.96350,3.14159,3.14159,-2.74889
87.21
-1.17810,0.78540,0.78540,3.14159,-2.74889,-1.96350,-0.78540,0.00000,0.39270,-2.74889,-2.74889,-2.74889,-1.96350,-0.39270,0.78540,0.78540,2.74889,-2.74889,-1.96350,0.00000,0.78540,1.17810,2.35619,3.14159,-2.74889,-0.78540,-0.39270,0.39270,1.96350,2.74889,3.14159,-2.74889
87.65
-0.39270,0.78540,1.57080,3.14159,-2.74889,-1.96350,-0.78540,0.39270,1.57080,-2.74889,-2.74889,-2.74889,-1.17810,0.00000,0.78540,1.17810,2.74889,-2.74889,-2.35619,-0.78540,0.39270,1.96350,1.96350,3.14159,-2.74889,-1.96350,-0.78540,0.00000,2.35619,3.14159,3.14159,-2.74889
88.49
0.00000,0.39270,1.96350,3.14159,-2.74889,-1.57080,-0.78540,0.39270,1.17810,-2.74889,-2.74889,-2.74889,-1.57080,-0.39270,0.78540,1.17810,3.14159,-2.74889,-2.35619,-0.78540,0.39270,1.96350,2.35619,3.14159,-2.74889,-1.96350,0.00000,0.39270,2.35619,3.14159,3.14159,-2.74889
89.56
0.00000,0.78540,1.57080,3.14159,-2.74889,-2.35619,-1.57080,-0.39270,0.78540,-2.74889,-2.74889,-2.74889,-1.57080,-0.78540,0.78540,1.17810,2.74889,-2.74889,-1.57080,-0.78540,0.39270,1.96350,1.96350,3.14159,-2.74889,-1.57080,-0.39270,0.39270,1.96350,3.14159,3.14159,-2.74889
90.13
-0.78540,0.78540,1.96350,3.14159,-2.74889,-1.57080,-1.17810,0.39270,0.78540,-2.74889,-2.74889,-2.74889,-1.57080,-0.39270,0.39270,1.57080,2.74889,-2.74889,-1.96350,-0.39270,0.39270,1.57080,2.74889,3.14159,-2.74889,-2.35619,-0.39270,0.39270,2.35619,3.14159,3.14159,-2.74889
90.83
0.39270,0.39270,1.57080,3.14159,-2.74889,-1.57080,-1.17810,0.39270,0.78540,-2.74889,-2.74889,-2.74889,-1.57080,0.00000,0.78540,1.96350,2.74889,-2.74889,-1.57080,-0.39270,0.00000,1.57080,2.74889,3.14159,-2.74889,-1.57080,-0.78540,0.00000,1.57080,3.14159,3.14159,-2.74889
91.36
-0.78540,0.39270,1.17810,3.14159,-2.74889,-1.96350,-1.17810,-0.39270,0.39270,0.78540,-2.74889,-2.74889,-1.96350,0.00000,0.39270,1.17810,2.74889,-2.74889,-1.57080,-0.78540,0.78540,1.17810,2.35619,3.14159,-2.74889,-2.35619,-0.78540,0.78540,0.78540,3.14159,3.14159,-2.74889
94.64
-0.78540,0.78540,1.17810,3.14159,-2.74889,-1.57080,-0.78540,0.39270,1.17810,1.17810,-2.74889,-2.74889,-2.35619,-1.17810,0.78540,1.57080,2.74889,-2.74889,-1.96350,-0.39270,0.00000,1.17810,1.96350,3.14159,-2.74889,-1.57080,-0.39270,0.39270,1.96350,3.14159,3.14159,-2.74889
95.28
0.00000,0.00000,1.17810,3.14159,-2.74889,-1.96350,-1.17810,0.00000,1.17810,1.57080,-2.74889,-2.74889,-1.96350,-1.17810,0.00000,1.17810,2.74889,-2.74889,-1.96350,-1.17810,0.00000,0.78540,2.35619,3.14159,-2.74889,-2.35619,-0.39270,0.00000,1.57080,3.14159,3.14159,-2.74889
96.21
-0.39270,0.00000,1.96350,3.14159,-2.74889,-2.35619,-1.17810,0.39270,1.57080,1.96350,-2.74889,-2.74889,-1.57080,-0.78540,0.78540,1.57080,2.35619,-2.74889,-1.96350,-1.17810,0.39270,1.57080,2.35619,3.14159,-2.74889,-1.57080,-0.78540,0.39270,1.96350,3.14159,3.14159,-2.74889
96.60
-0.39270,0.00000,1.57080,3.14159,-2.74889,-1.96350,-0.78540,-0.39270,0.78540,1.96350,-2.74889,-2.74889,-1.96350,-0.78540,0.39270,1.57080,2.74889,-2.74889,-1.96350,-0.39270,0.78540,1.17810,2.74889,3.14159,-2.74889,-1.57080,0.00000,0.78540,1.17810,3.14159,3.14159,-2.74889
96.66
-0.39270,0.39270,1.57080,3.14159,-2.74889,-1.57080,-0.78540,0.00000,1.96350,2.35619,-2.74889,-2.74889,-1.57080,-0.39270,0.78540,1.57080,2.74889,-2.74889,-1.96350,-0.78540,0.00000,0.78540,2.35619,3.14159,-2.74889,-1.96350,-0.39270,0.78540,1.96350,3.14159,3.14159,-2.74889
96.82
0.00000,0.39270,1.17810,3.14159,-2.74889,-1.96350,-0.39270,0.00000,1.17810,2.35619,-2.74889,-2.74889,-1.17810,-0.39270,0.39270,1.17810,2.74889,-2.74889,-1.57080,-0.39270,0.39270,1.57080,2.74889,3.14159,-2.74889,-1.17810,-0.78540,0.00000,1.96350,3.14159,3.14159,-2.74889
97.42
0.00000,0.39270,1.17810,3.14159,-2.74889,-1.57080,-0.39270,0.39270,0.78540,1.96350,-2.74889,-2.74889,-1.17810,0.00000,0.39270,1.57080,2.35619,-2.74889,-1.57080,-0.39270,0.39270,1.17810,2.74889,3.14159,-2.74889,-1.17810,0.00000,0.39270,1.96350,3.14159,3.14159,-2.74889
98.47
-0.78540,0.78540,1.96350,3.14159,-2.74889,-1.57080,-0.78540,0.39270,1.17810,2.74889,-2.74889,-2.74889,-1.57080,-0.78540,0.78540,1.57080,2.74889,-2.74889,-1.57080,-0.78540,0.39270,1.57080,2.74889,3.14159,-2.74889,-1.57080,-0.39270,0.39270,1.96350,3.14159,3.14159,-2.74889
99.61
-0.78540,0.00000,1.57080,3.14159,-2.74889,-1.57080,-0.78540,0.00000,1.57080,1.57080,-2.74889,-2.74889,-1.57080,-0.78540,0.39270,1.57080,2.74889,-2.74889,-1.96350,-0.78540,0.00000,1.17810,2.35619,3.14159,-2.74889,-1.57080,-0.39270,0.00000,1.57080,3.14159,3.14159,-2.74889
100.00
-0.39270,0.39270,1.57080,3.14159,-2.74889,-1.57080,-0.78540,0.78540,1.17810,2.35619,-2.74889,-2.74889,-1.57080,-0.78540,0.39270,1.57080,2.74889,-2.74889,-1.96350,-0.78540,0.00000,1.17810,1.96350,3.14159,-2.74889,-1.17810,-0.78540,0.39270,1.57080,3.14159,3.14159,-2.74889
100.53
0.00000,0.39270,1.57080,3.14159,-2.74889,-1.57080,-0.78540,0.00000,0.78540,1.96350,-2.74889,-2.74889,-1.17810,-0.39270,0.39270,1.17810,2.35619,-2.74889,-1.57080,-0.39270,0.39270,1.17810,2.35619,3.14159,-2.74889,-1.17810,-0.39270,0.39270,1.57080,3.14159,3.14159,-2.74889
100.56
-0.39270,0.39270,1.57080,3.14159,-2.74889,-1.57080,-1.17810,0.00000,0.78540,1.96350,-2.74889,-2.74889,-1.17810,-0.39270,0.39270,1.17810,2.35619,-2.74889,-1.96350,-0.78540,0.39270,1.17810,2.35619,3.14159,-2.74889,-1.57080,-0.39270,0.00000,1.17810,3.14159,3.14159,-2.74889
100.82
-0.39270,0.39270,1.57080,3.14159,-2.74889,-1.57080,-0.78540,0.00000,0.78540,1.96350,-2.74889,-2.74889,-1.57080,-0.39270,0.39270,1.57080,2.35619,-2.74889,-1.57080,-0.78540,0.39270,1.57080,2.74889,3.14159,-2.74889,-1.17810,-0.39270,0.78540,1.17810,3.14159,3.14159,-2.74889
100.98
-0.39270,0.39270,1.57080,3.14159,-2.74889,-1.57080,-0.78540,0.00000,0.78540,1.96350,-2.74889,-2.74889,-1.96350,-0.78540,0.39270,1.57080,2.35619,-2.74889,-1.57080,-0.78540,0.39270,1.17810,2.74889,3.14159,-2.74889,-1.57080,-0.39270,0.39270,1.57080,3.14159,3.14159,-2.74889
101.01
-0.39270,0.39270,1.57080,3.14159,-2.74889,-1.57080,-0.78540,0.78540,1.17810,1.96350,-2.74889,-2.74889,-1.57080,-0.78540,0.39270,1.57080,2.74889,-2.74889,-1.57080,-0.78540,0.39270,1.17810,2.35619,3.14159,-2.74889,-1.17810,-0.78540,0.39270,1.17810,3.14159,3.14159,-2.74889
101.21
-0.39270,0.39270,1.96350,3.14159,-2.74889,-1.57080,-0.78540,0.39270,1.17810,2.35619,-2.74889,-2.74889,-1.57080,-0.39270,0.39270,1.17810,2.74889,-2.74889,-1.57080,-0.78540,0.39270,1.57080,2.35619,3.14159,-2.74889,-1.17810,-0.39270,0.39270,1.57080,3.14159,3.14159,-2.74889
101.28
0.00000,0.39270,1.57080,3.14159,-2.74889,-1.96350,-0.78540,0.00000,1.17810,2.35619,-2.74889,-2.74889,-1.57080,-0.39270,0.39270,1.57080,2.35619,-2.74889,-1.57080,-0.78540,0.39270,1.17810,2.35619,3.14159,-2.74889,-1.57080,-0.39270,0.39270,1.57080,3.14159,3.14159,-2.74889
101.50
-0.39270,0.39270,1.96350,3.14159,-2.74889,-1.96350,-0.78540,0.00000,1.17810,1.96350,-2.74889,-2.74889,-1.57080,-0.39270,0.39270,1.57080,2.74889,-2.74889,-1.57080,-0.78540,0.39270,1.57080,2.35619,3.14159,-2.74889,-1.17810,-0.39270,0.39270,1.57080,3.14159,3.14159,-2.74889
103.26
-0.39270,0.00000,1.57080,3.14159,-2.74889,-1.57080,-0.78540,0.39270,1.17810,1.96350,-2.74889,-2.74889,-1.57080,-0.39270,0.39270,1.57080,2.35619,-2.74889,-1.96350,-0.78540,0.00000,1.17810,2.35619,3.14159,-2.74889,-1.17810,-0.39270,0.39270,1.17810,3.14159,3.14159,-2.35619
103.74
-0.39270,0.39270,1.57080,3.14159,-2.74889,-1.57080,-0.39270,0.39270,1.57080,2.35619,-2.74889,-2.74889,-1.57080,-0.39270,0.39270,1.57080,2.74889,-2.74889,-1.96350,-0.78540,0.78540,1.17810,2.35619,3.14159,-2.74889,-1.17810,0.00000,0.39270,1.57080,3.14159,3.14159,-1.96350
103.95
-0.39270,0.78540,1.57080,3.14159,-2.74889,-1.57080,-0.78540,0.00000,1.17810,2.35619,-2.74889,-2.74889,-1.17810,-0.78540,0.39270,1.17810,2.35619,-2.74889,-1.17810,-0.78540,0.39270,1.17810,2.35619,3.14159,-2.74889,-1.57080,-0.39270,0.39270,1.57080,3.14159,3.14159,-1.96350
104.28
0.00000,0.78540,1.57080,3.14159,-2.74889,-1.57080,-0.39270,0.00000,1.17810,1.96350,-2.74889,-2.74889,-1.57080,-0.39270,0.39270,1.17810,2.74889,-2.74889,-1.57080,-0.78540,0.39270,1.17810,2.35619,3.14159,-2.74889,-1.57080,-0.39270,0.78540,1.17810,3.14159,3.14159,-1.96350
104.30
-0.39270,0.78540,1.96350,3.14159,-2.74889,-1.96350,-0.78540,0.39270,1.17810,1.96350,-2.74889,-2.74889,-1.17810,-0.39270,0.39270,1.57080,2.74889,-2.74889,-1.57080,-0.39270,0.78540,1.17810,2.74889,3.14159,-2.74889,-1.57080,-0.39270,0.39270,1.17810,2.74889,3.14159,-1.17810
105.39
-0.39270,0.78540,1.96350,3.14159,-2.74889,-1.57080,-0.78540,0.39270,1.17810,2.35619,-2.74889,-2.74889,-1.17810,-0.39270,0.39270,1.57080,2.74889,-2.74889,-1.57080,-0.39270,0.78540,1.17810,2.74889,3.14159,-2.74889,-1.17810,-0.39270,0.39270,1.17810,2.74889,3.14159,-1.96350
106.37
-0.39270,0.39270,1.57080,3.14159,-2.74889,-1.96350,-0.78540,0.00000,1.17810,1.96350,-2.74889,-2.74889,-1.96350,-0.39270,0.39270,1.17810,2.74889,-2.74889,-1.57080,-0.39270,0.39270,1.17810,2.35619,3.14159,-2.74889,-1.17810,-0.78540,0.39270,1.57080,2.35619,3.14159,-1.96350
106.95
-0.39270,0.78540,1.57080,3.14159,-2.74889,-1.57080,-0.78540,0.39270,0.78540,1.96350,-2.74889,-2.74889,-1.57080,-0.78540,0.39270,1.57080,2.74889,-2.74889,-1.57080,-0.39270,0.39270,1.17810,2.35619,3.14159,-2.74889,-1.17810,-0.39270,0.39270,1.17810,2.35619,3.14159,-1.57080
107.47
-0.39270,0.78540,1.57080,3.14159,-2.74889,-1.57080,-0.78540,0.39270,1.17810,2.35619,-2.74889,-2.74889,-1.57080,-0.39270,0.39270,1.57080,2.74889,-2.74889,-1.57080,-0.78540,0.39270,1.17810,2.35619,3.14159,-2.74889,-1.17810,-0.39270,0.39270,1.57080,2.74889,3.14159,-1.57080
107.61
-0.39270,0.39270,1.57080,2.74889,-2.74889,-1.57080,-0.78540,0.00000,1.17810,1.96350,-2.74889,-2.74889,-1.57080,-0.39270,0.39270,1.57080,2.35619,-2.74889,-1.57080,-0.78540,0.39270,1.17810,1.96350,3.14159,-2.74889,-1.57080,-0.78540,0.78540,1.17810,2.74889,3.14159,-1.96350
107.98
-0.39270,0.39270,1.57080,2.74889,-2.74889,-1.57080,-0.78540,0.39270,1.17810,1.96350,-2.74889,-2.74889,-1.57080,-0.39270,0.39270,1.57080,2.35619,-2.74889,-1.96350,-0.78540,0.39270,1.17810,1.96350,3.14159,-2.74889,-1.17810,-0.78540,0.39270,1.17810,2.35619,3.14159,-1.57080
108.27
-0.39270,0.39270,1.57080,2.74889,-2.74889,-1.57080,-0.78540,0.39270,1.17810,1.96350,-2.74889,-2.74889,-1.57080,-0.39270,0.39270,1.57080,2.74889,-2.74889,-1.57080,-0.78540,0.39270,1.17810,2.35619,3.14159,-2.74889,-1.57080,-0.78540,0.78540,1.57080,2.35619,3.14159,-1.57080
108.41
-0.39270,0.78540,1.57080,2.74889,-2.74889,-1.57080,-0.78540,0.39270,1.17810,1.96350,-2.74889,-2.74889,-1.57080,-0.39270,0.39270,1.57080,2.74889,-2.74889,-1.57080,-0.78540,0.39270,1.17810,2.35619,3.14159,-2.74889,-1.17810,-0.39270,0.39270,1.17810,2.35619,3.14159,-1.57080
108.46
-0.78540,0.39270,1.57080,2.74889,-2.74889,-1.57080,-0.78540,0.39270,1.17810,1.96350,-2.74889,-2.74889,-1.57080,-0.39270,0.39270,1.57080,2.74889,-2.74889,-1.57080,-0.78540,0.39270,1.17810,2.35619,3.14159,-2.74889,-1.57080,-0.39270,0.39270,1.17810,2.35619,3.14159,-1.96350
108.72
-0.39270,0.39270,1.57080,2.74889,-2.74889,-1.57080,-0.78540,0.39270,1.17810,2.35619,-2.74889,-2.74889,-1.57080,-0.39270,0.39270,1.57080,2.35619,-2.74889,-1.96350,-0.78540,0.39270,1.17810,2.35619,3.14159,-2.35619,-1.17810,-0.39270,0.39270,1.57080,2.35619,3.14159,-1.57080
108.81
-0.39270,0.39270,1.57080,2.74889,-2.74889,-1.57080,-0.78540,0.39270,1.17810,1.96350,-2.74889,-2.74889,-1.57080,-0.39270,0.39270,1.57080,2.35619,-2.74889,-1.57080,-0.78540,0.39270,1.17810,1.96350,3.14159,-2.35619,-1.17810,-0.78540,0.39270,1.57080,2.35619,3.14159,-1.57080
108.87
-0.39270,0.78540,1.57080,2.74889,-2.74889,-1.57080,-0.78540,0.39270,1.17810,2.35619,-2.74889,-2.74889,-1.57080,-0.39270,0.39270,1.57080,2.74889,-2.74889,-1.57080,-0.39270,0.39270,1.17810,2.35619,3.14159,-1.96350,-1.17810,-0.39270,0.39270,1.57080,2.35619,3.14159,-1.57080
109.11
-0.39270,0.39270,1.57080,2.74889,-2.74889,-1.57080,-0.78540,0.39270,1.17810,2.35619,-2.74889,-2.74889,-1.57080,-0.39270,0.39270,1.57080,2.74889,-2.74889,-1.57080,-0.78540,0.39270,1.17810,2.35619,3.14159,-2.35619,-1.57080,-0.39270,0.39270,1.57080,2.35619,3.14159,-1.57080
109.15
-0.39270,0.39270,1.57080,2.74889,-2.74889,-1.57080,-0.39270,0.39270,1.17810,1.96350,-2.74889,-2.74889,-1.57080,-0.39270,0.39270,1.57080,2.35619,-2.74889,-1.57080,-0.78540,0.39270,1.17810,2.35619,3.14159,-2.35619,-1.57080,-0.39270,0.39270,1.57080,2.35619,3.14159,-1.57080
109.21
-0.39270,0.78540,1.57080,2.74889,-2.74889,-1.57080,-0.78540,0.39270,1.17810,1.96350,-2.74889,-2.74889,-1.57080,-0.39270,0.39270,1.57080,2.35619,-2.74889,-1.57080,-0.78540,0.39270,1.57080,2.35619,3.14159,-2.35619,-1.57080,-0.39270,0.39270,1.57080,2.35619,3.14159,-1.96350
109.24
-0.39270,0.39270,1.57080,2.74889,-2.74889,-1.57080,-0.78540,0.39270,1.17810,1.96350,-2.74889,-2.74889,-1.57080,-0.78540,0.39270,1.57080,2.35619,-2.74889,-1.96350,-0.78540,0.39270,1.17810,2.35619,3.14159,-2.35619,-1.57080,-0.39270,0.39270,1.57080,2.35619,3.14159,-1.96350
109.29
-0.39270,0.39270,1.57080,2.74889,-2.74889,-1.57080,-0.78540,0.39270,1.17810,1.96350,-2.74889,-2.74889,-1.57080,-0.39270,0.39270,1.57080,2.35619,-2.74889,-1.96350,-0.78540,0.39270,1.17810,2.35619,3.14159,-2.35619,-1.57080,-0.39270,0.39270,1.57080,2.35619,3.14159,-1.96350
109.31
-0.39270,0.39270,1.57080,2.74889,-2.74889,-1.57080,-0.78540,0.00000,1.17810,1.96350,-2.74889,-2.74889,-1.57080,-0.78540,0.39270,1.57080,2.35619,-2.74889,-1.96350,-0.78540,0.39270,1.17810,2.35619,3.14159,-2.35619,-1.57080,-0.39270,0.39270,1.57080,2.35619,3.14159,-1.96350
109.33
-0.39270,0.39270,1.57080,2.74889,-2.74889,-1.57080,-0.78540,0.00000,1.17810,1.96350,-2.74889,-2.74889,-1.57080,-0.39270,0.39270,1.57080,2.35619,-2.74889,-1.96350,-0.78540,0.39270,1.17810,2.35619,3.14159,-2.35619,-1.57080,-0.39270,0.39270,1.57080,2.35619,3.14159,-1.96350
109.33
-0.39270,0.39270,1.57080,2.74889,-2.74889,-1.57080,-0.78540,0.00000,1.17810,1.96350,-2.74889,-2.74889,-1.57080,-0.78540,0.39270,1.17810,2.35619,-2.74889,-1.57080,-0.78540,0.39270,1.17810,2.35619,3.14159,-2.35619,-1.57080,-0.39270,0.39270,1.57080,2.35619,3.14159,-1.96350
109.36
-0.39270,0.39270,1.57080,2.74889,-2.74889,-1.96350,-0.78540,0.00000,1.17810,1.96350,-2.74889,-2.74889,-1.57080,-0.78540,0.39270,1.57080,2.35619,-2.74889,-1.57080,-0.78540,0.39270,1.17810,2.35619,3.14159,-2.35619,-1.57080,-0.39270,0.39270,1.57080,2.35619,3.14159,-1.96350
109.48
-0.39270,0.39270,1.57080,2.74889,-2.74889,-1.57080,-0.78540,0.00000,1.17810,1.96350,-2.74889,-2.74889,-1.57080,-0.78540,0.39270,1.57080,2.35619,-2.74889,-1.57080,-0.78540,0.39270,1.17810,2.35619,3.14159,-2.35619,-1.57080,-0.39270,0.39270,1.57080,2.35619,3.14159,-1.96350
109.53
-0.39270,0.39270,1.57080,2.74889,-2.74889,-1.57080,-0.78540,0.39270,1.17810,1.96350,-2.74889,-2.74889,-1.57080,-0.39270,0.39270,1.57080,2.35619,-2.74889,-1.57080,-0.78540,0.39270,1.17810,2.35619,3.14159,-2.35619,-1.57080,-0.39270,0.39270,1.57080,2.35619,3.14159,-1.96350
109.54
-0.39270,0.39270,1.57080,2.74889,-2.74889,-1.57080,-0.78540,0.00000,1.17810,1.96350,-2.74889,-2.74889,-1.57080,-0.39270,0.39270,1.57080,2.35619,-2.74889,-1.57080,-0.78540,0.39270,1.17810,2.35619,3.14159,-2.35619,-1.57080,-0.39270,0.39270,1.57080,2.35619,3.14159,-1.96350
109.58
-0.39270,0.39270,1.57080,2.74889,-2.74889,-1.57080,-0.78540,0.00000,1.17810,1.96350,-2.74889,-2.35619,-1.57080,-0.39270,0.39270,1.57080,2.35619,-2.74889,-1.57080,-0.78540,0.39270,1.17810,2.35619,3.14159,-2.35619,-1.57080,-0.39270,0.39270,1.57080,2.35619,3.14159,-1.96350
109.59
-0.39270,0.39270,1.57080,2.74889,-2.74889,-1.57080,-0.78540,0.39270,1.17810,1.96350,-2.74889,-2.35619,-1.57080,-0.39270,0.39270,1.57080,2.35619,-2.74889,-1.57080,-0.78540,0.39270,1.17810,2.35619,3.14159,-2.35619,-1.57080,-0.39270,0.39270,1.57080,2.35619,3.14159,-1.96350
