1.77
0.00000,0.00000,0.00000,0.00000,0.00000,0.00000,0.00000,0.00000,0.00000,0.00000,0.00000,0.00000,0.00000,0.00000,0.00000,0.00000,0.00000,0.00000,0.00000,0.00000,0.00000,0.00000,0.00000,0.00000,0.00000,0.00000,0.00000,0.00000,0.00000,0.00000,0.00000,0.00000
7.21
0.78540,0.78540,0.39270,1.17810,1.96350,1.17810,-1.17810,0.39270,0.39270,2.35619,1.96350,-0.39270,0.39270,-0.39270,0.39270,0.00000,-0.39270,-1.17810,-0.78540,-0.78540,0.00000,-0.39270,0.78540,-1.96350,0.78540,-1.96350,0.00000,-2.74889,1.17810,1.17810,0.39270,3.14159
14.66
0.39270,-1.57080,1.57080,0.00000,-1.17810,-0.39270,-2.74889,-1.17810,-2.74889,0.00000,0.39270,0.78540,2.35619,2.74889,0.00000,-0.78540,-0.39270,1.57080,0.78540,1.57080,2.35619,-2.74889,0.78540,-0.78540,0.39270,1.57080,2.35619,0.39270,-0.78540,0.00000,-0.78540,0.78540
21.87
0.00000,-2.74889,-0.78540,-1.17810,-0.39270,-1.17810,-2.74889,2.35619,-2.74889,-1.17810,-1.17810,-0.78540,1.57080,-1.57080,0.78540,-1.57080,-1.57080,1.17810,0.78540,-2.74889,3.14159,-2.35619,2.35619,1.96350,0.78540,0.78540,2.74889,2.35619,-1.57080,0.39270,-1.17810,1.17810
22.71
-2.35619,3.14159,3.14159,1.57080,1.57080,3.14159,-2.74889,-2.35619,-1.96350,-2.74889,-0.78540,-0.78540,2.35619,3.14159,3.14159,-1.57080,0.00000,0.78540,-2.74889,-2.74889,3.14159,-2.74889,-2.74889,-1.57080,-2.74889,0.78540,3.14159,-2.74889,-1.17810,0.78540,1.57080,3.14159
24.24
-1.17810,-0.39270,1.17810,2.35619,1.96350,3.14159,-2.74889,-0.78540,-0.39270,1.96350,1.17810,1.57080,-2.74889,-2.74889,-0.39270,-1.17810,0.78540,0.78540,-2.74889,-2.74889,-2.74889,-2.74889,2.35619,0.39270,3.14159,-0.78540,-0.78540,0.00000,3.14159,3.14159,1.96350,3.14159
26.91
-1.96350,-2.35619,-0.39270,0.39270,-1.96350,1.57080,-2.74889,2.35619,-1.17810,-1.17810,-0.78540,2.35619,-2.74889,3.14159,-2.35619,-2.35619,0.78540,1.17810,-2.74889,3.14159,0.39270,-1.96350,0.78540,0.00000,1.17810,1.57080,3.14159,-2.74889,-2.35619,-1.17810,2.74889,1.57080
27.55
-1.57080,-2.74889,-1.17810,-1.17810,-1.57080,2.35619,-2.74889,2.35619,-2.74889,-2.35619,-1.57080,2.35619,-2.74889,3.14159,-2.74889,-2.35619,0.78540,1.57080,-2.74889,3.14159,-1.57080,-2.35619,0.39270,0.78540,1.96350,0.39270,3.14159,-2.74889,-1.17810,-0.78540,2.74889,1.96350
43.36
1.96350,-2.74889,-0.39270,-1.57080,-1.96350,3.14159,-2.74889,-2.74889,-2.74889,-2.74889,0.78540,0.00000,1.57080,2.74889,-1.57080,-2.35619,0.00000,1.57080,0.78540,3.14159,2.74889,-2.74889,-1.17810,0.39270,1.57080,0.39270,3.14159,-2.74889,-1.57080,-1.17810,0.39270,1.57080
44.05
3.14159,-0.78540,-2.74889,0.00000,2.35619,2.74889,-2.74889,-1.96350,-1.17810,-1.17810,2.35619,2.35619,2.35619,-2.74889,-1.96350,0.39270,0.00000,1.57080,1.17810,-2.74889,-2.74889,-2.74889,0.39270,2.74889,2.74889,-2.74889,-2.74889,-2.35619,-1.57080,0.78540,2.35619,2.74889
45.44
3.14159,-0.39270,-2.35619,-0.78540,2.35619,1.96350,-2.74889,-1.17810,-0.39270,-0.78540,1.17810,1.57080,2.74889,-2.74889,-1.17810,0.39270,0.78540,1.57080,0.00000,-2.74889,-2.74889,-2.74889,-0.39270,2.35619,2.74889,-2.74889,-2.74889,-1.96350,-0.39270,0.39270,1.96350,2.74889
50.06
3.14159,-1.96350,-1.17810,1.17810,-0.39270,3.14159,-2.74889,-2.74889,0.00000,-1.17810,0.39270,2.35619,-2.74889,-2.74889,-1.17810,0.39270,0.78540,1.96350,-2.74889,-2.74889,-2.74889,0.00000,-0.39270,3.14159,2.74889,-2.74889,-2.74889,-1.96350,1.96350,1.57080,1.96350,3.14159
51.28
-2.74889,-2.74889,0.39270,0.39270,2.74889,3.14159,-2.74889,3.14159,-2.35619,0.78540,1.96350,3.14159,2.74889,-2.35619,-1.17810,-1.57080,0.00000,2.74889,-2.74889,-2.74889,-2.74889,-0.39270,0.39270,0.39270,2.35619,3.14159,-2.74889,-1.17810,0.78540,1.17810,2.74889,2.74889
65.33
2.74889,-2.74889,-1.17810,-0.39270,1.57080,3.14159,-2.74889,-2.74889,-1.57080,-1.57080,0.78540,1.57080,2.74889,-2.74889,-0.78540,-0.39270,-0.39270,1.96350,3.14159,-2.74889,-2.74889,0.00000,0.39270,0.39270,1.17810,2.35619,-2.74889,-1.96350,-1.17810,0.00000,0.39270,3.14159
68.53
2.35619,-2.74889,-0.78540,-0.78540,2.35619,3.14159,-2.74889,-2.74889,-1.57080,-0.78540,0.39270,1.17810,3.14159,-2.74889,-1.57080,-1.17810,0.00000,1.57080,3.14159,-2.74889,-2.74889,-1.17810,0.39270,1.57080,1.17810,2.74889,-2.74889,-1.17810,-1.17810,0.78540,0.39270,3.14159
72.62
-2.74889,-2.74889,-0.78540,0.39270,1.96350,2.35619,-2.74889,2.74889,-1.17810,0.00000,1.96350,3.14159,3.14159,-2.74889,-1.17810,-0.78540,0.78540,1.96350,2.74889,-2.74889,-1.96350,0.00000,0.39270,1.17810,2.35619,2.74889,-2.74889,-1.17810,-0.39270,1.17810,2.74889,3.14159
80.90
-2.74889,-2.35619,-0.78540,0.39270,1.96350,3.14159,-2.74889,-2.35619,-1.57080,-0.39270,1.57080,1.96350,3.14159,-2.74889,-1.96350,-0.78540,0.39270,1.57080,3.14159,-2.74889,-1.96350,0.39270,1.17810,1.17810,1.96350,3.14159,-2.74889,-1.57080,0.39270,0.78540,1.96350,3.14159
81.34
-2.74889,-2.74889,-0.78540,0.39270,1.96350,2.74889,-2.74889,-2.35619,-1.17810,0.00000,0.39270,2.74889,3.14159,-2.74889,-0.78540,-0.39270,0.39270,1.57080,3.14159,-2.74889,-2.35619,-0.39270,0.39270,1.17810,2.35619,3.14159,-2.74889,-1.17810,0.00000,0.39270,1.17810,2.74889
81.79
-2.74889,-2.74889,0.39270,0.78540,1.57080,2.74889,-2.74889,-2.74889,-1.57080,-0.39270,0.78540,1.96350,3.14159,-2.74889,-1.96350,-0.78540,0.78540,1.57080,3.14159,-2.74889,-1.57080,0.00000,0.39270,1.57080,2.74889,3.14159,-2.74889,-1.57080,0.00000,0.78540,1.96350,3.14159
82.18
-2.74889,-2.74889,-0.78540,0.00000,1.96350,2.74889,-2.74889,-1.96350,-1.17810,-0.78540,1.17810,1.57080,3.14159,-2.74889,-1.57080,-0.39270,0.00000,1.17810,3.14159,-2.74889,-2.35619,-0.78540,0.00000,0.78540,1.57080,3.14159,-2.74889,-0.78540,0.00000,0.78540,1.57080,3.14159
82.93
-2.74889,-2.74889,-0.78540,0.39270,1.57080,2.35619,-2.74889,-2.74889,-0.78540,-0.39270,1.57080,1.96350,3.14159,-2.74889,-1.96350,-0.39270,0.00000,1.57080,3.14159,-2.74889,-1.96350,0.00000,0.78540,1.57080,1.96350,3.14159,-2.74889,-1.57080,-0.39270,1.17810,1.57080,3.14159
84.43
-2.74889,-2.74889,-0.78540,0.39270,1.17810,2.74889,-2.74889,-1.57080,-1.57080,-0.39270,1.17810,1.57080,3.14159,-2.74889,-1.57080,-0.78540,0.78540,1.57080,3.14159,-2.74889,-2.35619,-1.17810,0.78540,1.17810,2.35619,3.14159,-2.74889,-1.57080,-0.78540,0.78540,1.96350,3.14159
85.73
-2.74889,-2.74889,-0.39270,0.39270,1.17810,2.74889,-2.74889,-1.96350,-1.17810,0.00000,1.57080,1.96350,3.14159,-2.74889,-1.57080,-0.39270,0.39270,1.17810,3.14159,-2.74889,-1.57080,-1.17810,0.39270,1.17810,1.96350,3.14159,-2.74889,-1.57080,0.00000,0.78540,1.96350,3.14159
85.81
-2.74889,-2.74889,-0.78540,0.39270,1.57080,3.14159,-2.74889,-1.96350,-0.78540,0.00000,0.78540,1.96350,3.14159,-2.74889,-1.96350,-0.39270,0.39270,1.57080,3.14159,-2.74889,-1.96350,-0.39270,0.00000,1.17810,2.35619,3.14159,-2.74889,-1.17810,-0.39270,0.00000,1.96350,3.14159
86.31
-2.74889,-2.74889,-1.17810,0.00000,1.57080,2.74889,-2.74889,-2.35619,-1.17810,0.00000,0.78540,1.96350,3.14159,-2.74889,-1.96350,-0.78540,0.39270,1.57080,3.14159,-2.74889,-1.17810,-0.39270,0.00000,1.57080,1.96350,3.14159,-2.74889,-1.17810,0.00000,0.78540,1.57080,3.14159
88.90
-2.74889,-2.74889,-0.39270,0.39270,1.17810,2.35619,-2.74889,-1.96350,-0.78540,-0.39270,0.78540,1.96350,3.14159,-2.74889,-1.57080,-0.39270,0.78540,1.96350,3.14159,-2.74889,-1.57080,-0.39270,0.39270,1.17810,2.35619,3.14159,-2.74889,-1.57080,-0.39270,0.78540,1.96350,3.14159
88.96
-2.74889,-2.74889,-0.78540,0.39270,1.57080,3.14159,-2.74889,-1.96350,-0.78540,0.00000,0.78540,1.57080,3.14159,-2.74889,-1.57080,-0.39270,0.78540,1.57080,3.14159,-2.74889,-1.57080,-0.39270,0.39270,1.57080,2.35619,3.14159,-2.74889,-1.17810,-0.39270,0.78540,1.96350,3.14159
89.00
-2.74889,-2.74889,-0.39270,0.78540,1.57080,3.14159,-2.74889,-1.57080,-0.78540,0.00000,1.17810,1.57080,3.14159,-2.74889,-1.57080,-0.39270,0.78540,1.57080,3.14159,-2.74889,-1.57080,-0.39270,0.39270,1.17810,2.35619,3.14159,-2.35619,-1.17810,-0.39270,0.78540,1.96350,3.14159
89.03
-2.74889,-2.74889,-0.39270,0.39270,1.57080,3.14159,-2.74889,-1.57080,-0.78540,0.00000,0.78540,1.96350,3.14159,-2.74889,-1.57080,-0.78540,0.78540,1.57080,3.14159,-2.74889,-1.57080,-0.39270,0.39270,1.57080,2.35619,3.14159,-2.35619,-1.17810,-0.39270,0.78540,1.57080,3.14159
89.19
-2.74889,-2.35619,-0.39270,0.39270,1.57080,3.14159,-2.74889,-1.96350,-0.78540,-0.39270,0.39270,1.57080,3.14159,-2.74889,-1.17810,-0.39270,0.78540,1.96350,3.14159,-2.74889,-1.17810,-0.39270,0.39270,1.57080,1.96350,3.14159,-2.74889,-1.17810,0.00000,0.78540,1.96350,3.14159
89.76
-2.74889,-2.35619,-0.39270,0.39270,1.57080,3.14159,-2.74889,-1.96350,-0.78540,0.00000,0.78540,1.57080,3.14159,-2.74889,-1.57080,-0.39270,0.78540,1.57080,3.14159,-2.74889,-1.17810,-0.78540,0.39270,1.57080,2.35619,3.14159,-2.74889,-0.78540,-0.39270,0.78540,1.96350,3.14159
89.99
-2.74889,-2.35619,-0.39270,0.39270,1.57080,3.14159,-2.74889,-1.96350,-0.78540,0.00000,0.78540,1.57080,3.14159,-2.74889,-1.17810,-0.39270,0.78540,1.57080,3.14159,-2.74889,-1.17810,-0.78540,0.39270,1.57080,2.35619,3.14159,-2.74889,-1.17810,0.00000,0.78540,1.96350,3.14159
90.51
-2.74889,-2.35619,-0.39270,0.39270,1.57080,3.14159,-2.74889,-1.96350,-0.78540,0.00000,0.78540,1.57080,3.14159,-2.74889,-1.17810,-0.39270,0.78540,1.57080,3.14159,-2.74889,-1.57080,-0.39270,0.39270,1.57080,2.35619,3.14159,-2.74889,-1.17810,0.00000,0.78540,1.96350,3.14159
90.79
-2.74889,-1.96350,-0.78540,0.39270,1.57080,3.14159,-2.74889,-1.96350,-0.78540,0.00000,0.39270,1.96350,3.14159,-2.74889,-1.57080,-0.39270,0.39270,1.57080,3.14159,-2.74889,-1.17810,-0.39270,0.39270,1.57080,1.96350,3.14159,-2.74889,-1.17810,-0.39270,0.78540,1.57080,3.14159
91.20
-2.74889,-2.35619,-0.39270,0.39270,1.57080,3.14159,-2.74889,-1.57080,-0.78540,0.00000,0.78540,1.96350,3.14159,-2.74889,-1.57080,-0.39270,0.78540,1.57080,3.14159,-2.74889,-1.57080,-0.78540,0.39270,1.57080,2.35619,3.14159,-2.35619,-1.17810,-0.39270,0.78540,1.96350,3.14159
91.24
-2.74889,-1.96350,-0.39270,0.39270,1.57080,3.14159,-2.74889,-1.57080,-1.17810,0.00000,0.39270,1.96350,3.14159,-2.74889,-1.57080,-0.39270,0.78540,1.57080,3.14159,-2.74889,-1.57080,-0.39270,0.39270,1.57080,2.35619,3.14159,-2.74889,-1.17810,0.00000,0.78540,1.96350,3.14159
91.57
-2.74889,-1.96350,-0.39270,0.39270,1.57080,3.14159,-2.74889,-1.96350,-0.78540,0.00000,0.78540,1.57080,3.14159,-2.74889,-1.57080,-0.39270,0.78540,1.96350,3.14159,-2.74889,-1.57080,-0.39270,0.39270,1.57080,2.35619,3.14159,-2.74889,-1.17810,0.00000,0.78540,1.57080,3.14159
91.58
-2.74889,-1.96350,-0.78540,0.39270,1.57080,3.14159,-2.74889,-1.96350,-0.78540,0.00000,0.78540,1.57080,3.14159,-2.74889,-1.57080,-0.39270,0.78540,1.57080,3.14159,-2.74889,-1.17810,-0.39270,0.39270,1.57080,2.35619,3.14159,-2.74889,-1.17810,-0.39270,0.78540,1.96350,3.14159
91.78
-2.74889,-1.96350,-0.78540,0.39270,1.57080,3.14159,-2.74889,-1.96350,-1.17810,0.00000,0.78540,1.57080,3.14159,-2.74889,-1.57080,-0.39270,0.78540,1.57080,3.14159,-2.74889,-1.57080,-0.39270,0.39270,1.57080,2.35619,3.14159,-2.74889,-1.17810,-0.39270,0.78540,1.96350,3.14159
91.80
-2.74889,-1.96350,-0.78540,0.39270,1.57080,3.14159,-2.74889,-1.96350,-0.78540,0.00000,0.78540,1.57080,3.14159,-2.74889,-1.57080,-0.39270,0.78540,1.57080,3.14159,-2.74889,-1.57080,-0.39270,0.39270,1.17810,2.35619,3.14159,-2.74889,-1.17810,-0.39270,0.78540,1.96350,3.14159
91.88
-2.74889,-1.57080,-0.39270,0.39270,1.57080,3.14159,-2.74889,-1.57080,-0.78540,0.00000,0.78540,1.57080,3.14159,-2.74889,-1.57080,-0.39270,0.78540,1.57080,3.14159,-2.74889,-1.57080,-0.39270,0.39270,1.57080,1.96350,3.14159,-2.74889,-1.17810,0.00000,0.78540,1.96350,3.14159
92.03
-2.74889,-1.57080,-0.78540,0.39270,1.57080,3.14159,-2.74889,-1.96350,-0.78540,0.00000,0.78540,1.96350,3.14159,-2.74889,-1.57080,-0.39270,0.78540,1.96350,2.74889,-2.74889,-1.17810,-0.78540,0.39270,1.57080,2.35619,3.14159,-2.74889,-1.17810,0.00000,0.78540,1.96350,2.74889
92.72
-2.74889,-1.57080,-0.39270,0.39270,1.57080,2.74889,-2.74889,-1.57080,-0.78540,0.00000,1.17810,1.57080,3.14159,-2.74889,-1.17810,-0.39270,0.78540,1.57080,3.14159,-2.74889,-1.57080,-0.39270,0.39270,1.57080,1.96350,3.14159,-2.35619,-0.78540,0.00000,0.78540,1.96350,2.74889
93.19
-2.74889,-1.96350,-0.39270,0.39270,1.57080,2.74889,-2.74889,-1.57080,-0.78540,0.00000,0.78540,1.57080,3.14159,-2.74889,-1.57080,-0.39270,0.78540,1.57080,3.14159,-2.74889,-1.57080,-0.78540,0.39270,1.57080,2.35619,3.14159,-2.35619,-1.17810,-0.39270,0.78540,1.96350,3.14159
93.22
-2.74889,-1.57080,-0.39270,0.39270,1.57080,2.35619,-2.74889,-1.96350,-1.17810,0.00000,0.78540,1.96350,3.14159,-2.74889,-1.57080,-0.39270,0.78540,1.57080,3.14159,-2.35619,-1.57080,-0.39270,0.39270,1.57080,2.35619,3.14159,-2.74889,-1.17810,-0.39270,0.78540,1.96350,3.14159
93.47
-2.74889,-1.57080,-0.39270,0.78540,1.57080,2.74889,-2.74889,-1.96350,-0.78540,0.00000,1.17810,1.96350,3.14159,-2.74889,-1.57080,-0.39270,0.78540,1.57080,3.14159,-2.74889,-1.17810,-0.39270,0.39270,1.57080,2.35619,3.14159,-2.35619,-1.17810,-0.39270,0.78540,1.96350,3.14159
93.74
-2.74889,-1.57080,-0.39270,0.39270,1.57080,2.35619,-2.74889,-1.96350,-0.78540,0.00000,1.17810,1.96350,3.14159,-2.74889,-1.57080,-0.39270,0.78540,1.57080,3.14159,-2.74889,-1.57080,-0.39270,0.39270,1.57080,2.35619,3.14159,-2.35619,-1.17810,-0.39270,0.78540,1.96350,3.14159
93.82
-2.74889,-1.57080,-0.39270,0.78540,1.57080,2.74889,-2.74889,-1.96350,-0.78540,0.00000,1.17810,1.96350,3.14159,-2.74889,-1.57080,-0.39270,0.78540,1.57080,3.14159,-2.35619,-1.17810,-0.39270,0.78540,1.57080,2.35619,3.14159,-2.35619,-1.17810,-0.39270,0.78540,1.96350,3.14159
94.08
-2.74889,-1.57080,-0.39270,0.39270,1.57080,2.74889,-2.74889,-1.96350,-0.78540,0.00000,0.78540,1.57080,3.14159,-2.74889,-1.57080,-0.39270,0.78540,1.96350,3.14159,-2.35619,-1.57080,-0.39270,0.39270,1.57080,2.35619,3.14159,-2.35619,-1.17810,-0.39270,0.78540,1.96350,3.14159
94.15
-2.74889,-1.57080,-0.39270,0.39270,1.57080,2.74889,-2.74889,-1.96350,-0.78540,0.00000,0.78540,1.57080,3.14159,-2.74889,-1.57080,-0.39270,0.78540,1.96350,2.74889,-2.35619,-1.57080,-0.39270,0.39270,1.57080,1.96350,3.14159,-2.35619,-1.17810,-0.39270,0.78540,1.96350,3.14159
94.15
-2.74889,-1.57080,-0.39270,0.39270,1.57080,2.35619,-2.74889,-1.96350,-0.78540,0.00000,0.78540,1.57080,3.14159,-2.74889,-1.57080,-0.39270,0.78540,1.57080,2.74889,-2.74889,-1.57080,-0.78540,0.39270,1.17810,2.35619,3.14159,-2.35619,-1.17810,-0.39270,0.78540,1.96350,3.14159
94.42
-2.74889,-1.57080,-0.39270,0.39270,1.57080,2.35619,-2.74889,-1.96350,-0.78540,0.00000,0.78540,1.57080,3.14159,-2.74889,-1.57080,-0.39270,0.78540,1.57080,2.74889,-2.74889,-1.57080,-0.39270,0.39270,1.57080,2.35619,3.14159,-2.35619,-1.17810,-0.39270,0.78540,1.96350,3.14159
94.43
-2.74889,-1.57080,-0.39270,0.39270,1.57080,2.35619,-2.74889,-1.96350,-0.78540,0.00000,0.78540,1.96350,3.14159,-2.74889,-1.57080,-0.39270,0.78540,1.57080,2.74889,-2.74889,-1.57080,-0.39270,0.39270,1.57080,2.35619,3.14159,-2.35619,-1.17810,-0.39270,0.78540,1.96350,3.14159
94.46
-2.74889,-1.57080,-0.78540,0.39270,1.57080,1.96350,-2.74889,-1.96350,-0.78540,0.00000,0.78540,1.57080,2.74889,-2.74889,-1.57080,-0.78540,0.39270,1.57080,2.74889,-2.74889,-1.57080,-0.78540,0.39270,1.17810,2.35619,3.14159,-2.35619,-1.17810,-0.39270,0.78540,1.96350,2.74889
