1.83
0.00000,0.00000,0.00000,0.00000,0.00000,0.00000,0.00000,0.00000,0.00000,0.00000,0.00000,0.00000,0.00000,0.00000,0.00000,0.00000,0.00000,0.00000,0.00000,0.00000,0.00000,0.00000,0.00000,0.00000,0.00000,0.00000,0.00000,0.00000,0.00000,0.00000,0.00000,0.00000
3.71
0.78540,0.39270,-0.78540,-1.57080,0.39270,0.39270,0.78540,0.39270,-0.39270,-0.39270,-1.17810,-0.39270,-1.57080,-1.57080,0.39270,1.17810,0.00000,0.00000,-0.78540,0.78540,-1.17810,-0.39270,-0.78540,-1.17810,0.39270,0.00000,0.39270,-0.39270,0.00000,0.39270,0.78540,2.74889
6.68
-2.74889,-1.17810,-2.74889,-0.78540,1.57080,-0.78540,2.35619,0.00000,1.17810,-0.78540,-0.78540,1.57080,-1.96350,0.00000,0.78540,1.17810,-1.17810,0.39270,0.00000,-2.35619,-2.74889,-1.17810,0.00000,1.17810,2.74889,-1.57080,0.78540,0.00000,1.17810,0.39270,1.96350,2.35619
8.37
0.39270,1.96350,1.96350,1.96350,0.00000,2.35619,-1.96350,1.57080,1.17810,3.14159,1.96350,1.57080,1.96350,-0.39270,-0.78540,-2.74889,-2.74889,-1.17810,0.39270,1.17810,1.17810,-1.57080,-1.96350,-2.74889,1.17810,0.00000,1.17810,-1.57080,1.57080,3.14159,-1.17810,-1.96350
9.70
-2.35619,-1.96350,0.00000,0.39270,0.00000,1.96350,-2.74889,-1.96350,-1.57080,2.35619,-2.74889,3.14159,-1.17810,3.14159,2.74889,-0.39270,-1.17810,0.39270,2.74889,3.14159,0.00000,0.78540,0.39270,0.39270,1.96350,1.57080,-2.74889,2.74889,-1.57080,2.35619,-1.17810,3.14159
12.01
-2.74889,1.96350,-2.74889,0.39270,2.74889,1.57080,-2.74889,-1.17810,0.00000,3.14159,-1.17810,3.14159,-2.35619,-2.74889,-0.78540,0.39270,1.96350,0.78540,3.14159,-0.39270,-1.17810,0.39270,-0.39270,-2.74889,3.14159,1.17810,0.39270,3.14159,-1.17810,2.74889,-1.17810,3.14159
12.49
0.39270,0.39270,-0.78540,0.78540,1.17810,2.74889,-2.74889,-0.39270,-2.74889,0.78540,1.96350,-1.57080,1.17810,-1.17810,-0.39270,0.78540,2.35619,-2.35619,0.78540,-1.17810,-1.96350,1.57080,-2.74889,-2.35619,2.74889,0.78540,-1.17810,0.39270,-1.17810,2.74889,1.57080,0.00000
12.84
0.39270,0.39270,-0.39270,1.57080,2.35619,-1.57080,0.00000,0.78540,-0.78540,1.17810,-1.96350,1.57080,-1.96350,0.78540,0.39270,2.35619,1.96350,-1.57080,-1.57080,1.17810,0.00000,2.74889,1.17810,2.74889,2.35619,-0.39270,1.96350,1.17810,-1.96350,0.00000,3.14159,3.14159
14.29
2.35619,3.14159,3.14159,-0.78540,-2.74889,1.57080,-2.74889,-2.74889,-2.74889,1.57080,-2.74889,0.78540,2.74889,-2.74889,-2.74889,-0.39270,0.00000,0.78540,3.14159,1.17810,-1.96350,-2.74889,-2.74889,-2.74889,-2.74889,3.14159,-2.74889,-2.74889,-2.74889,-1.96350,1.57080,1.57080
15.34
0.00000,3.14159,-2.35619,3.14159,-1.57080,2.74889,0.00000,1.17810,0.39270,1.17810,-2.74889,-0.78540,0.39270,1.57080,3.14159,3.14159,3.14159,-1.57080,3.14159,3.14159,-1.96350,-2.74889,-1.96350,-2.74889,0.00000,3.14159,-2.74889,3.14159,-2.74889,-2.74889,-1.96350,1.96350
15.73
-0.78540,2.35619,-2.74889,-1.17810,-0.78540,0.39270,-2.74889,-1.17810,-1.57080,3.14159,-1.96350,0.78540,2.35619,-2.74889,-2.74889,-2.74889,-2.74889,-1.57080,1.57080,3.14159,-2.74889,-2.74889,-1.57080,1.57080,1.96350,3.14159,-2.35619,-2.74889,-2.74889,3.14159,-1.96350,3.14159
27.29
3.14159,3.14159,-0.78540,0.78540,1.17810,3.14159,0.78540,-2.74889,0.39270,-0.78540,-2.74889,3.14159,0.78540,-2.74889,-0.39270,-1.96350,0.39270,1.57080,3.14159,3.14159,-1.57080,-2.74889,1.17810,-2.74889,-2.74889,3.14159,-0.78540,0.00000,1.17810,0.00000,-2.35619,2.74889
34.40
0.00000,3.14159,0.00000,-1.96350,-1.17810,1.57080,2.35619,-2.74889,-2.74889,0.00000,-1.57080,1.96350,3.14159,-2.74889,-1.96350,-1.57080,-1.17810,1.96350,1.17810,3.14159,-2.74889,-2.74889,2.35619,-1.96350,0.78540,2.74889,-2.74889,-0.78540,0.39270,0.39270,1.96350,3.14159
47.13
-2.74889,-2.74889,-2.74889,0.00000,0.39270,1.57080,2.35619,3.14159,-2.74889,-1.96350,3.14159,0.00000,3.14159,-2.74889,-1.17810,-0.39270,1.96350,2.35619,-2.74889,-2.74889,-2.74889,-0.39270,-1.57080,2.74889,2.35619,3.14159,-2.74889,-1.17810,-0.39270,0.00000,1.96350,3.14159
50.82
2.35619,3.14159,-2.35619,0.00000,-0.78540,2.35619,3.14159,2.74889,-2.74889,-2.35619,-0.39270,0.39270,2.35619,-2.74889,-2.74889,-1.17810,-0.78540,0.78540,-2.74889,-2.74889,1.96350,-2.74889,1.57080,3.14159,2.74889,-2.74889,-2.35619,0.00000,0.00000,0.39270,2.35619,3.14159
55.31
2.35619,-2.74889,-2.74889,-1.57080,1.57080,0.00000,3.14159,3.14159,-1.57080,-2.35619,-0.78540,0.00000,1.17810,-2.74889,-2.35619,-1.96350,1.57080,2.35619,2.74889,-2.74889,-2.74889,-0.78540,0.78540,1.57080,2.74889,2.35619,-2.74889,-1.96350,-2.74889,1.17810,1.96350,3.14159
55.95
2.35619,-2.74889,-2.74889,-0.39270,1.96350,2.35619,3.14159,-2.35619,-2.74889,-2.74889,-0.39270,1.17810,2.35619,-2.74889,-2.74889,-1.17810,0.78540,1.96350,3.14159,-2.74889,-2.74889,-1.96350,0.00000,1.57080,-1.57080,-1.96350,-2.74889,-2.74889,0.39270,1.57080,2.74889,3.14159
61.92
1.17810,-2.74889,-2.74889,-2.35619,0.78540,1.17810,3.14159,1.17810,-1.96350,-1.17810,-0.39270,1.17810,2.35619,-2.74889,-2.74889,-0.78540,0.00000,2.74889,-2.74889,-2.74889,-1.96350,0.00000,0.39270,1.17810,1.17810,1.96350,-2.74889,-2.74889,0.00000,0.78540,2.35619,3.14159
63.80
-2.74889,-2.74889,-2.74889,-1.17810,1.17810,0.39270,3.14159,2.74889,-2.35619,-1.96350,2.35619,0.39270,1.96350,-2.74889,-1.96350,-1.17810,1.17810,2.35619,-2.74889,-2.74889,-2.74889,0.00000,0.00000,1.96350,1.96350,2.74889,-2.74889,-1.57080,-0.39270,1.17810,1.57080,3.14159
65.98
1.96350,1.96350,-2.74889,-2.35619,0.00000,1.17810,3.14159,-2.74889,-2.74889,-2.74889,0.78540,1.17810,2.35619,-2.74889,-2.74889,-1.96350,-0.39270,1.17810,2.74889,-2.74889,-2.74889,-0.78540,0.39270,1.96350,2.74889,2.74889,-2.74889,-2.35619,-1.96350,0.39270,2.74889,3.14159
72.73
3.14159,3.14159,-2.74889,-1.17810,-0.78540,0.39270,3.14159,-2.74889,-2.74889,-2.74889,-1.17810,1.17810,3.14159,-2.74889,-2.74889,-1.96350,-0.39270,0.00000,1.96350,-2.74889,-2.74889,-1.57080,-0.39270,0.78540,1.57080,3.14159,-2.74889,-2.35619,0.00000,0.00000,2.35619,3.14159
74.26
2.74889,-2.74889,-1.57080,-1.57080,0.39270,1.17810,3.14159,3.14159,-2.74889,-2.74889,-0.78540,0.00000,3.14159,-2.74889,-2.74889,-1.57080,0.00000,1.57080,3.14159,-2.74889,-2.74889,-1.57080,0.00000,1.57080,0.78540,3.14159,-2.74889,-2.35619,0.00000,0.78540,2.35619,3.14159
78.88
1.17810,2.74889,-2.74889,-0.78540,0.39270,1.57080,3.14159,-2.74889,-2.74889,-1.96350,0.00000,0.00000,2.74889,-2.74889,-2.35619,-0.78540,0.78540,1.17810,3.14159,3.14159,-2.74889,-1.57080,-0.78540,1.57080,1.96350,-2.74889,-2.74889,-1.57080,0.39270,0.78540,2.74889,3.14159
80.23
1.96350,3.14159,-2.74889,-1.17810,0.00000,1.96350,3.14159,-2.74889,-2.74889,-0.78540,-0.78540,1.17810,2.35619,-2.74889,-2.74889,-1.17810,0.39270,1.17810,3.14159,3.14159,-2.74889,-2.35619,-1.17810,1.17810,1.96350,-2.74889,-2.74889,-1.57080,0.00000,1.57080,2.35619,3.14159
80.31
1.96350,3.14159,-2.74889,-1.17810,0.00000,0.78540,3.14159,-2.74889,-2.35619,-2.35619,-0.39270,0.78540,0.78540,-2.74889,-2.74889,-1.57080,0.39270,1.57080,1.57080,3.14159,-2.74889,-1.17810,-1.96350,1.96350,1.96350,-2.74889,-2.74889,-1.57080,0.00000,0.78540,2.35619,3.14159
80.95
1.96350,-2.74889,-2.74889,-1.17810,0.39270,1.17810,3.14159,3.14159,-2.74889,-1.96350,-0.39270,0.78540,2.35619,-2.74889,-2.74889,-1.57080,0.39270,1.17810,3.14159,3.14159,-2.74889,-1.96350,0.00000,1.96350,2.74889,-2.74889,-2.74889,-2.35619,-0.39270,0.39270,2.74889,3.14159
81.24
2.74889,3.14159,-2.74889,-0.78540,-0.39270,0.78540,3.14159,3.14159,-2.74889,-2.74889,-1.17810,0.39270,1.96350,-2.74889,-2.74889,-1.17810,-0.39270,-0.39270,2.35619,-2.74889,-2.74889,-1.17810,0.39270,0.39270,1.57080,2.74889,-2.74889,-2.74889,-0.78540,0.78540,1.96350,3.14159
81.42
2.74889,3.14159,-2.74889,-1.96350,0.39270,1.17810,3.14159,-2.74889,-2.74889,-2.35619,-0.78540,1.57080,2.74889,-2.74889,-2.74889,-1.17810,0.00000,0.78540,3.14159,3.14159,-2.74889,-1.17810,-0.39270,1.17810,1.96350,-2.74889,-2.74889,-1.57080,0.39270,1.17810,2.35619,3.14159
83.46
2.74889,3.14159,-1.96350,-1.17810,0.00000,0.78540,3.14159,-2.74889,-2.74889,-2.35619,-1.17810,1.17810,2.74889,-2.74889,-2.74889,-1.17810,0.00000,0.78540,3.14159,3.14159,-2.74889,-0.78540,-0.39270,1.57080,2.35619,-2.74889,-2.74889,-1.57080,0.78540,0.78540,2.35619,3.14159
85.47
1.96350,3.14159,-2.35619,-0.78540,0.00000,1.17810,3.14159,-2.74889,-2.74889,-2.35619,-1.17810,0.78540,2.35619,-2.74889,-2.74889,-1.57080,0.39270,0.78540,3.14159,3.14159,-2.74889,-0.78540,-0.78540,1.17810,2.35619,-2.74889,-2.74889,-1.17810,0.00000,1.17810,2.74889,3.14159
89.88
1.96350,2.74889,-1.96350,-1.17810,0.00000,1.57080,2.35619,-2.74889,-2.74889,-2.35619,0.39270,0.78540,1.96350,-2.74889,-2.74889,-0.78540,0.78540,1.17810,3.14159,-2.35619,-2.74889,-0.78540,0.00000,1.17810,2.35619,2.35619,-2.74889,-1.17810,-0.78540,0.78540,1.57080,3.14159
90.31
1.57080,-2.74889,-2.74889,-0.39270,0.39270,1.17810,3.14159,3.14159,-1.96350,-1.57080,0.00000,1.17810,2.74889,-2.74889,-2.74889,-1.57080,0.00000,0.78540,2.35619,-2.74889,-2.74889,-0.78540,0.00000,1.57080,2.74889,3.14159,-2.74889,-2.35619,-0.39270,0.39270,2.35619,3.14159
93.60
2.35619,-2.74889,-2.74889,-0.39270,0.00000,1.17810,3.14159,3.14159,-2.74889,-0.78540,-0.78540,0.78540,1.96350,-2.74889,-2.74889,-1.57080,0.00000,1.57080,2.74889,-2.74889,-2.74889,-1.17810,0.39270,1.57080,2.35619,3.14159,-2.74889,-1.57080,-0.78540,0.78540,2.35619,3.14159
93.98
1.96350,-2.74889,-2.74889,-1.17810,0.39270,1.57080,3.14159,3.14159,-2.74889,-1.96350,-0.39270,0.78540,1.57080,-2.74889,-2.74889,-0.78540,-0.39270,1.17810,2.35619,-2.74889,-2.74889,-1.57080,-0.39270,1.17810,1.96350,3.14159,-2.74889,-1.96350,-0.39270,1.17810,1.57080,3.14159
95.76
1.96350,-2.74889,-2.74889,-1.17810,0.39270,1.17810,3.14159,3.14159,-2.74889,-1.96350,-0.39270,1.17810,2.35619,-2.74889,-2.74889,-1.17810,-0.39270,1.17810,2.74889,-2.74889,-2.74889,-1.17810,0.00000,0.78540,2.35619,3.14159,-2.74889,-1.57080,-0.39270,0.78540,1.96350,3.14159
97.16
2.35619,-2.74889,-2.74889,-1.17810,0.78540,1.17810,3.14159,3.14159,-2.74889,-1.57080,-0.39270,0.78540,1.96350,-2.74889,-2.74889,-1.17810,0.00000,1.17810,2.35619,-2.74889,-2.74889,-1.17810,0.00000,1.57080,2.35619,3.14159,-2.74889,-1.57080,-0.39270,0.39270,1.96350,2.74889
97.75
2.35619,-2.74889,-2.74889,-0.78540,0.00000,1.17810,3.14159,3.14159,-2.74889,-0.78540,-0.39270,1.57080,1.96350,-2.74889,-2.35619,-1.17810,0.00000,1.17810,2.35619,-2.74889,-2.74889,-0.78540,0.00000,0.78540,1.96350,3.14159,-2.74889,-1.57080,-0.39270,0.39270,2.35619,3.14159
97.97
2.35619,3.14159,-2.74889,-0.39270,0.39270,0.78540,2.35619,3.14159,-2.74889,-1.17810,0.00000,0.78540,2.35619,-2.74889,-2.74889,-1.17810,0.00000,1.17810,2.35619,3.14159,-2.74889,-0.78540,0.39270,1.17810,2.74889,-2.74889,-2.74889,-1.17810,0.00000,0.39270,2.35619,3.14159
100.73
2.74889,3.14159,-1.96350,-1.17810,0.39270,1.57080,2.74889,3.14159,-2.74889,-1.17810,-0.39270,0.78540,1.96350,-2.74889,-2.74889,-1.17810,0.39270,1.17810,1.96350,3.14159,-2.74889,-0.78540,0.39270,0.78540,1.96350,3.14159,-1.96350,-1.57080,0.00000,0.78540,2.35619,3.14159
101.30
2.74889,-2.74889,-2.35619,-0.39270,0.39270,0.78540,3.14159,-2.74889,-1.17810,-1.17810,0.00000,0.78540,2.35619,-2.74889,-2.35619,-0.39270,0.39270,1.17810,2.74889,-2.74889,-1.96350,-0.78540,0.78540,1.17810,2.35619,3.14159,-2.74889,-1.17810,0.00000,1.17810,2.35619,3.14159
102.30
1.96350,-2.74889,-1.96350,-0.78540,0.39270,1.57080,1.96350,-2.74889,-2.74889,-0.78540,-0.39270,0.78540,1.96350,-2.74889,-1.96350,-0.78540,0.00000,0.78540,2.35619,-2.74889,-2.35619,-1.17810,0.78540,1.57080,1.57080,3.14159,-2.74889,-0.78540,0.00000,1.17810,1.96350,3.14159
104.43
2.74889,-2.74889,-1.96350,-0.78540,0.39270,0.78540,2.35619,-2.74889,-2.74889,-1.17810,-0.39270,1.17810,2.35619,-2.74889,-2.35619,-1.17810,0.00000,1.17810,2.35619,-2.74889,-1.57080,-0.78540,0.39270,1.57080,2.35619,3.14159,-2.74889,-1.17810,0.00000,1.17810,2.35619,3.14159
104.46
2.35619,-2.74889,-1.96350,-0.78540,0.00000,1.17810,2.74889,-2.74889,-2.35619,-0.78540,0.00000,0.78540,2.35619,-2.74889,-2.74889,-1.17810,0.00000,1.17810,2.74889,-2.74889,-1.57080,-0.78540,0.39270,1.57080,2.35619,-2.74889,-2.35619,-0.78540,-0.39270,0.78540,1.96350,2.74889
106.39
2.74889,-2.74889,-1.57080,-0.39270,0.39270,1.57080,2.74889,-2.74889,-1.17810,-1.17810,0.00000,1.17810,2.74889,-2.74889,-1.96350,-0.78540,0.00000,1.17810,2.74889,-2.74889,-1.96350,-0.39270,0.39270,1.57080,2.35619,3.14159,-2.35619,-1.17810,0.39270,0.78540,1.96350,3.14159
106.40
2.35619,-2.74889,-2.35619,-0.78540,0.39270,1.57080,2.74889,-2.74889,-1.96350,-1.17810,0.00000,0.78540,2.35619,-2.74889,-2.35619,-1.17810,0.00000,1.57080,2.35619,-2.74889,-1.96350,-0.39270,0.39270,0.78540,2.35619,3.14159,-2.74889,-1.17810,0.00000,0.78540,1.96350,3.14159
106.94
2.74889,-2.74889,-1.57080,-0.39270,0.39270,1.57080,2.74889,-2.74889,-1.96350,-0.78540,0.00000,0.78540,1.96350,-2.74889,-1.96350,-0.78540,0.39270,1.17810,2.74889,-2.74889,-1.57080,-0.39270,0.39270,1.17810,2.74889,3.14159,-2.74889,-1.17810,0.00000,0.78540,2.35619,3.14159
108.46
2.35619,-2.74889,-1.57080,-0.78540,0.39270,1.57080,2.74889,-2.74889,-1.96350,-0.78540,0.00000,1.17810,2.35619,-2.74889,-1.96350,-0.78540,0.39270,1.57080,2.35619,-2.74889,-1.17810,-0.39270,0.78540,1.57080,2.35619,3.14159,-1.96350,-0.78540,0.00000,0.78540,2.74889,3.14159
109.02
2.35619,-2.74889,-1.57080,-0.78540,0.78540,1.57080,2.74889,-2.74889,-1.57080,-0.78540,0.39270,1.17810,1.96350,-2.74889,-1.96350,-0.78540,0.00000,1.57080,2.74889,-2.74889,-1.57080,-0.39270,0.39270,1.57080,2.35619,-2.74889,-1.57080,-0.39270,0.00000,1.17810,2.35619,3.14159
109.36
2.35619,-2.74889,-1.57080,-0.39270,0.78540,1.57080,2.35619,-2.74889,-1.57080,-0.78540,0.00000,0.78540,1.96350,-2.74889,-1.96350,-0.78540,0.39270,1.17810,2.74889,-2.74889,-1.57080,-0.39270,0.39270,1.57080,2.35619,-2.74889,-2.35619,-0.78540,0.00000,1.17810,1.96350,3.14159
109.89
2.74889,-2.74889,-1.96350,-0.39270,0.39270,1.57080,2.74889,-2.74889,-1.57080,-1.17810,0.00000,1.17810,2.35619,-2.74889,-1.96350,-0.78540,0.39270,1.57080,2.74889,-2.74889,-1.57080,-0.39270,0.39270,1.57080,2.35619,-2.74889,-1.96350,-0.78540,0.39270,1.17810,2.35619,3.14159
110.00
2.35619,-2.74889,-1.57080,-0.39270,0.78540,1.57080,2.74889,-2.74889,-1.57080,-0.78540,0.39270,1.17810,1.96350,-2.74889,-1.96350,-0.78540,0.39270,1.17810,2.74889,-2.74889,-1.96350,-0.78540,0.39270,1.57080,2.35619,-2.74889,-1.96350,-0.78540,0.00000,1.17810,2.35619,3.14159
110.05
2.35619,-2.74889,-1.57080,-0.39270,0.78540,1.57080,2.74889,-2.74889,-1.57080,-0.78540,0.00000,1.17810,2.35619,-2.74889,-1.96350,-0.78540,0.39270,1.17810,2.74889,-2.74889,-1.57080,-0.39270,0.39270,1.17810,2.35619,-2.74889,-1.57080,-0.78540,0.39270,1.17810,2.35619,3.14159
110.22
2.74889,-2.74889,-1.57080,-0.39270,0.78540,1.57080,2.74889,-2.74889,-1.57080,-0.78540,0.39270,1.17810,2.35619,-2.74889,-1.96350,-0.78540,0.00000,1.17810,2.74889,-2.74889,-1.57080,-0.39270,0.39270,1.57080,2.35619,-2.74889,-1.96350,-0.78540,0.00000,1.17810,2.35619,3.14159
110.32
2.74889,-2.74889,-1.57080,-0.39270,0.39270,1.57080,2.35619,-2.74889,-1.57080,-0.78540,0.39270,1.17810,2.35619,-2.74889,-1.96350,-0.78540,0.39270,1.17810,2.74889,-2.74889,-1.57080,-0.78540,0.39270,1.57080,2.35619,-2.74889,-1.96350,-0.78540,0.00000,1.17810,2.35619,3.14159
110.33
2.35619,-2.74889,-1.57080,-0.39270,0.78540,1.57080,2.74889,-2.74889,-1.57080,-0.78540,0.00000,1.17810,2.35619,-2.74889,-1.96350,-0.78540,0.00000,1.17810,2.74889,-2.74889,-1.57080,-0.39270,0.39270,1.57080,2.35619,-2.74889,-1.96350,-0.78540,0.39270,1.17810,2.35619,3.14159
110.85
2.35619,-2.74889,-1.57080,-0.39270,0.78540,1.57080,2.74889,-2.74889,-1.57080,-0.78540,0.39270,1.17810,2.35619,-2.74889,-1.96350,-0.78540,0.39270,1.17810,2.74889,-2.74889,-1.57080,-0.39270,0.78540,1.57080,2.35619,-2.74889,-1.96350,-0.78540,0.00000,1.17810,2.35619,3.14159
110.92
2.35619,-2.74889,-1.57080,-0.39270,0.78540,1.96350,2.74889,-2.74889,-1.57080,-0.78540,0.39270,1.17810,2.35619,-2.74889,-1.96350,-0.78540,0.39270,1.57080,2.74889,-2.74889,-1.57080,-0.39270,0.78540,1.57080,2.35619,-2.74889,-1.96350,-0.78540,0.39270,1.17810,2.35619,3.14159
111.20
2.35619,-2.74889,-1.57080,-0.39270,0.78540,1.57080,2.74889,-2.74889,-1.57080,-0.78540,0.39270,1.17810,2.35619,-2.74889,-1.96350,-0.78540,0.39270,1.57080,2.74889,-2.74889,-1.57080,-0.39270,0.39270,1.57080,2.35619,-2.74889,-1.96350,-0.78540,0.39270,1.17810,2.35619,3.14159
