1.85
0.00000,0.00000,0.00000,0.00000,0.00000,0.00000,0.00000,0.00000,0.00000,0.00000,0.00000,0.00000,0.00000,0.00000,0.00000,0.00000,0.00000,0.00000,0.00000,0.00000,0.00000,0.00000,0.00000,0.00000,0.00000,0.00000,0.00000,0.00000,0.00000,0.00000,0.00000,0.00000
6.12
0.39270,0.00000,0.39270,0.39270,1.17810,0.39270,-0.78540,-1.96350,0.39270,1.57080,-0.39270,-1.17810,0.00000,-0.78540,0.78540,0.78540,0.78540,0.78540,0.00000,-1.17810,0.39270,-1.57080,-1.17810,-0.39270,-0.78540,-1.17810,0.78540,0.39270,-1.17810,-0.39270,-0.78540,0.39270
8.46
1.17810,0.78540,0.78540,-0.39270,0.39270,0.39270,-1.57080,-0.39270,1.96350,0.78540,1.17810,-0.78540,-1.17810,-0.78540,0.78540,-0.39270,1.96350,0.00000,0.78540,-1.17810,1.57080,-0.78540,-1.96350,-1.17810,-0.39270,-1.17810,0.00000,0.78540,-2.35619,0.00000,-0.78540,0.00000
10.89
3.14159,1.96350,-0.78540,-0.39270,2.35619,0.00000,-1.57080,-1.17810,0.78540,1.57080,-0.39270,-1.96350,-0.39270,-0.78540,-0.39270,1.96350,1.96350,-0.39270,-2.74889,-2.74889,-0.78540,0.39270,0.78540,-2.74889,3.14159,-0.78540,-0.39270,1.57080,-1.17810,-1.17810,1.96350,-1.96350
13.16
1.17810,1.17810,1.17810,1.17810,1.17810,1.17810,-1.17810,-1.17810,1.17810,1.17810,1.17810,-1.17810,-1.17810,-1.17810,0.78540,1.17810,1.57080,-0.78540,-1.17810,-1.17810,1.17810,-0.78540,-1.17810,-1.17810,0.78540,-1.17810,-0.78540,1.17810,-1.17810,1.17810,-1.17810,-1.17810
13.28
2.35619,0.78540,2.35619,1.96350,1.96350,1.96350,-2.35619,-1.96350,1.96350,2.35619,2.35619,-2.35619,-1.96350,-2.35619,1.96350,0.78540,2.35619,-1.96350,-1.96350,-2.35619,1.96350,-0.39270,-2.35619,-1.96350,1.96350,-1.96350,-1.96350,1.96350,-2.35619,1.96350,-1.96350,-1.96350
15.49
1.96350,0.78540,1.96350,1.57080,1.57080,1.57080,-1.96350,-1.57080,1.57080,1.96350,1.96350,-1.96350,-1.57080,-1.96350,1.57080,0.78540,1.96350,-1.57080,-1.57080,-1.96350,1.57080,-0.39270,-1.96350,-1.57080,1.57080,-1.57080,-1.57080,1.57080,-1.96350,1.57080,-1.57080,-1.57080
16.97
1.96350,0.78540,1.96350,1.57080,1.57080,1.57080,-1.96350,-1.57080,1.57080,1.57080,1.57080,-1.57080,-1.57080,-1.96350,1.57080,0.78540,1.96350,-1.57080,-1.17810,-1.57080,1.17810,-0.39270,-1.96350,-1.57080,1.57080,-1.57080,-1.57080,1.57080,-1.96350,1.57080,-1.57080,-1.17810
18.26
3.14159,0.39270,-1.96350,2.35619,-2.74889,3.14159,-2.74889,-1.96350,1.57080,3.14159,0.39270,2.35619,-1.57080,3.14159,0.78540,-1.57080,3.14159,-2.74889,-1.17810,-0.39270,-1.57080,-2.74889,-2.74889,-2.74889,-1.57080,0.00000,-1.57080,1.17810,-1.96350,3.14159,-2.74889,-0.78540
20.93
1.96350,-1.57080,1.57080,3.14159,-2.74889,3.14159,-2.74889,-2.74889,-2.74889,3.14159,-2.74889,3.14159,3.14159,3.14159,-0.39270,0.39270,0.39270,1.96350,-2.74889,-2.74889,0.00000,1.17810,0.00000,1.17810,2.74889,3.14159,-2.74889,-1.96350,0.00000,3.14159,2.35619,-2.74889
22.23
2.35619,3.14159,0.00000,3.14159,-2.74889,3.14159,-2.74889,-2.74889,-2.74889,2.74889,-1.96350,3.14159,3.14159,2.35619,-2.35619,1.96350,1.57080,2.74889,-2.74889,-1.96350,0.78540,0.78540,1.96350,2.74889,3.14159,1.57080,-1.96350,0.78540,0.39270,3.14159,3.14159,-2.35619
22.74
3.14159,3.14159,-1.57080,3.14159,-2.74889,1.17810,-2.74889,-2.74889,-1.17810,-1.57080,-2.74889,1.57080,2.74889,3.14159,-2.74889,3.14159,-0.39270,3.14159,-2.74889,-2.74889,-0.39270,-2.74889,2.35619,2.35619,1.17810,3.14159,-2.74889,-1.57080,0.00000,3.14159,3.14159,-2.74889
26.49
3.14159,2.74889,0.78540,0.39270,-2.74889,1.96350,-2.74889,-1.57080,-2.74889,-1.96350,1.17810,-2.74889,2.74889,2.74889,-2.35619,-1.96350,0.00000,2.35619,-2.74889,-1.96350,-1.17810,0.39270,-1.17810,2.74889,2.74889,3.14159,-2.74889,-2.74889,2.74889,2.74889,3.14159,-2.74889
33.06
3.14159,2.74889,-1.96350,-1.57080,1.17810,0.39270,-2.74889,-2.74889,-2.74889,0.78540,1.96350,2.74889,2.35619,1.96350,-1.96350,2.74889,1.57080,2.74889,-2.74889,-2.74889,0.39270,0.78540,0.39270,2.74889,3.14159,2.74889,-1.57080,-0.39270,3.14159,2.35619,3.14159,-2.74889
39.00
1.17810,-1.57080,-2.35619,1.17810,0.78540,1.57080,2.74889,-2.74889,-2.74889,0.00000,-1.96350,-1.57080,2.74889,-1.57080,1.17810,-0.78540,1.17810,2.35619,-2.74889,-2.74889,-1.96350,0.00000,0.39270,2.35619,1.57080,1.96350,-2.74889,0.00000,-0.39270,1.17810,3.14159,-2.74889
43.02
3.14159,3.14159,-2.74889,-0.39270,-0.78540,0.39270,2.74889,1.17810,3.14159,2.74889,0.39270,-2.74889,3.14159,-2.74889,-2.74889,0.39270,0.00000,0.39270,-2.74889,-2.74889,-1.17810,0.00000,0.00000,1.57080,3.14159,2.35619,-2.35619,-2.74889,0.39270,1.57080,2.35619,-2.74889
50.57
3.14159,-2.74889,0.39270,0.39270,1.96350,1.96350,-2.35619,-0.39270,-1.96350,1.57080,1.96350,2.35619,3.14159,-1.57080,-1.96350,0.00000,0.39270,3.14159,-2.74889,-1.96350,-1.17810,2.35619,1.57080,3.14159,3.14159,-1.17810,-2.74889,1.57080,2.74889,3.14159,3.14159,-2.74889
54.82
3.14159,-2.74889,-0.39270,0.00000,1.57080,3.14159,-2.74889,-0.78540,-2.35619,-0.78540,-0.39270,-2.74889,2.74889,3.14159,0.39270,0.00000,1.17810,2.74889,-2.74889,-1.96350,-0.78540,1.57080,2.35619,3.14159,-0.78540,-2.74889,-0.78540,1.96350,1.17810,2.35619,3.14159,-2.74889
55.42
3.14159,-2.74889,0.00000,1.96350,1.57080,2.74889,2.74889,-2.35619,1.17810,1.57080,-0.78540,1.96350,2.35619,-1.57080,-1.57080,1.17810,0.78540,2.35619,-2.74889,-2.74889,0.00000,-0.78540,0.39270,2.74889,2.35619,-2.74889,-2.74889,-0.39270,1.17810,1.57080,3.14159,-2.74889
58.77
3.14159,-2.74889,-0.39270,0.39270,2.74889,1.96350,-2.74889,-2.74889,-2.74889,0.00000,1.17810,-2.35619,2.74889,-1.17810,-1.57080,0.00000,1.96350,3.14159,-2.74889,-2.74889,0.39270,0.00000,2.35619,2.74889,-2.74889,-2.74889,-2.74889,-0.78540,1.17810,2.74889,3.14159,-2.74889
59.86
2.74889,-2.74889,-0.39270,-0.78540,2.74889,3.14159,-2.74889,3.14159,-2.35619,0.00000,1.57080,2.74889,3.14159,-2.74889,-2.35619,0.39270,0.78540,3.14159,-2.74889,-1.96350,-1.96350,0.78540,1.17810,3.14159,2.74889,-2.74889,-1.96350,-0.39270,2.74889,2.74889,3.14159,-2.74889
62.17
-2.74889,-2.74889,-1.17810,-0.39270,2.74889,3.14159,-2.74889,3.14159,-1.57080,0.39270,1.96350,2.35619,2.74889,-2.74889,-2.35619,0.00000,0.39270,2.74889,-2.74889,-0.78540,-2.35619,0.39270,0.39270,3.14159,2.74889,-2.35619,-2.74889,0.00000,1.96350,1.57080,3.14159,-2.74889
69.20
3.14159,-2.74889,-1.57080,0.78540,2.74889,2.35619,-2.74889,-2.74889,-1.96350,0.00000,-0.39270,1.96350,3.14159,-2.74889,-1.17810,0.00000,1.17810,2.74889,-2.74889,-2.74889,-1.17810,0.39270,1.96350,3.14159,2.35619,-2.74889,-2.74889,1.57080,1.57080,2.35619,3.14159,-2.74889
69.43
3.14159,-2.74889,-1.17810,-0.78540,1.57080,2.74889,-1.57080,-2.74889,-0.78540,0.39270,1.57080,-2.74889,1.96350,-2.74889,-0.78540,-0.78540,0.00000,1.57080,-2.74889,-2.74889,0.00000,0.00000,1.57080,1.17810,2.74889,-2.74889,-2.74889,-0.39270,1.17810,1.57080,3.14159,-2.74889
71.15
-2.74889,-2.74889,-0.78540,-0.39270,1.57080,3.14159,-2.74889,-2.35619,-2.74889,-0.78540,2.35619,1.96350,2.74889,-2.74889,-1.17810,0.39270,1.17810,3.14159,-2.74889,-2.74889,-1.57080,0.39270,2.35619,3.14159,3.14159,-2.74889,-0.78540,-0.78540,1.57080,3.14159,3.14159,-2.74889
78.36
3.14159,-2.74889,-1.17810,0.78540,1.57080,3.14159,-2.74889,-2.74889,-1.96350,-0.39270,0.78540,0.00000,-1.96350,-2.74889,-1.96350,0.00000,0.39270,2.35619,-2.74889,-2.74889,-0.78540,0.00000,1.96350,1.57080,3.14159,-2.74889,-1.57080,-0.78540,1.17810,2.35619,2.74889,-2.74889
79.49
3.14159,-2.74889,0.00000,0.39270,1.96350,2.74889,-2.74889,-2.74889,-1.96350,-0.78540,-0.39270,1.17810,-2.74889,-2.74889,-1.57080,-0.39270,0.39270,1.17810,-2.74889,-2.74889,-0.78540,0.39270,1.96350,1.96350,3.14159,-2.74889,-2.35619,-0.78540,1.17810,2.35619,3.14159,-2.74889
85.27
3.14159,-2.74889,-0.78540,0.00000,1.17810,3.14159,-2.74889,-2.74889,-1.96350,0.00000,0.00000,2.35619,2.35619,-2.74889,-0.39270,0.00000,0.39270,2.74889,-2.74889,-2.74889,-0.78540,0.00000,1.96350,2.74889,3.14159,-2.74889,-0.78540,0.00000,0.78540,2.74889,2.74889,-2.74889
90.25
3.14159,-2.74889,-1.17810,0.00000,1.57080,3.14159,-2.74889,-2.35619,-1.17810,0.00000,0.39270,3.14159,3.14159,-2.74889,-1.17810,-0.39270,1.17810,1.96350,-2.74889,-2.35619,-1.17810,0.78540,1.57080,3.14159,3.14159,-2.74889,-1.57080,0.00000,1.57080,2.74889,3.14159,-2.74889
90.60
3.14159,-2.74889,-1.17810,0.00000,1.96350,2.74889,-2.74889,-2.74889,-1.17810,0.39270,0.78540,1.57080,3.14159,-2.74889,-1.57080,0.00000,0.78540,1.96350,-2.74889,-2.74889,-0.78540,1.17810,1.57080,2.74889,3.14159,-2.74889,-1.96350,0.78540,0.78540,2.35619,3.14159,-2.74889
90.63
3.14159,-2.74889,-0.78540,0.00000,1.57080,2.74889,-2.74889,-2.74889,-1.17810,0.39270,0.78540,2.35619,2.35619,-2.74889,-1.57080,-0.78540,1.57080,2.35619,-2.74889,-2.74889,-1.57080,0.39270,1.17810,1.96350,3.14159,-2.74889,-2.74889,-0.78540,0.78540,1.96350,3.14159,-2.74889
91.01
3.14159,-2.74889,-0.39270,0.00000,1.57080,2.35619,-2.74889,-2.74889,-1.57080,0.00000,1.17810,2.35619,3.14159,-2.74889,-1.17810,0.00000,1.17810,2.74889,-2.74889,-2.74889,-1.57080,0.78540,1.96350,2.74889,3.14159,-2.74889,-1.57080,0.00000,1.17810,2.74889,3.14159,-2.74889
91.79
3.14159,-2.74889,-1.17810,0.00000,1.57080,3.14159,-2.74889,-2.74889,-1.57080,0.00000,1.57080,2.35619,-2.74889,-2.74889,-1.57080,0.39270,1.17810,2.35619,-2.74889,-2.74889,-1.17810,0.39270,1.57080,3.14159,3.14159,-2.74889,-1.17810,-0.39270,1.17810,2.35619,3.14159,-2.74889
93.76
3.14159,-2.74889,-0.78540,-0.39270,1.96350,1.17810,-2.74889,-2.35619,-1.17810,0.00000,0.78540,2.74889,3.14159,-2.74889,-1.57080,0.39270,0.39270,1.96350,-2.74889,-2.74889,-0.78540,0.00000,0.78540,2.35619,3.14159,-2.74889,-1.57080,-0.39270,1.17810,1.96350,3.14159,-2.74889
94.09
3.14159,-2.74889,-0.39270,0.00000,1.57080,3.14159,-2.74889,-1.96350,-0.78540,0.00000,1.17810,1.96350,3.14159,-2.74889,-1.57080,0.39270,0.78540,2.74889,-2.74889,-2.74889,-1.17810,0.00000,0.78540,3.14159,2.74889,-2.74889,-1.17810,0.00000,0.78540,2.35619,3.14159,-2.74889
94.39
3.14159,-2.74889,-1.17810,0.39270,1.17810,3.14159,-2.74889,-2.74889,-0.39270,0.39270,0.78540,1.57080,3.14159,-2.74889,-0.78540,-0.39270,0.78540,1.96350,-2.74889,-1.57080,-1.57080,0.78540,1.57080,2.74889,3.14159,-2.74889,-1.57080,-0.39270,1.57080,1.96350,3.14159,-2.74889
99.34
3.14159,-2.74889,-0.39270,0.00000,0.78540,2.74889,-2.74889,-2.74889,-1.57080,0.00000,1.17810,1.96350,3.14159,-2.74889,-1.57080,0.00000,1.17810,1.96350,-2.74889,-1.96350,-0.78540,0.00000,1.57080,2.74889,3.14159,-2.74889,-1.57080,-0.39270,0.78540,2.35619,3.14159,-2.74889
100.29
3.14159,-2.74889,-1.17810,0.39270,1.57080,2.35619,-2.74889,-2.74889,-0.78540,0.00000,0.78540,0.78540,3.14159,-2.74889,-0.78540,-0.39270,0.39270,2.35619,-2.74889,-1.96350,-0.78540,0.00000,1.17810,1.57080,3.14159,-2.74889,-1.57080,-0.39270,0.78540,1.96350,3.14159,-2.35619
101.39
-2.74889,-2.74889,-1.57080,0.00000,1.17810,2.74889,-2.74889,-2.74889,-1.57080,0.00000,0.39270,1.57080,3.14159,-2.74889,-1.17810,0.00000,0.78540,2.35619,-2.74889,-2.35619,-0.78540,0.00000,0.78540,2.74889,3.14159,-2.74889,-1.17810,-0.39270,0.78540,1.57080,3.14159,-2.35619
101.71
2.74889,-2.35619,-1.57080,0.39270,0.78540,1.57080,-2.74889,-2.74889,-1.17810,-0.39270,0.78540,1.57080,-2.74889,-2.74889,-1.17810,0.00000,0.78540,1.96350,-2.74889,-2.35619,-1.57080,0.39270,0.78540,2.35619,3.14159,-2.35619,-1.17810,-0.39270,0.39270,1.57080,3.14159,-2.74889
101.88
3.14159,-2.74889,-1.17810,0.00000,1.17810,2.35619,-2.74889,-2.74889,-1.17810,0.00000,0.78540,1.57080,-2.74889,-2.74889,-1.57080,0.00000,0.78540,1.57080,-2.74889,-2.74889,-1.57080,0.00000,1.17810,1.96350,3.14159,-2.74889,-1.57080,-0.39270,0.39270,1.57080,3.14159,-2.74889
102.09
3.14159,-2.74889,-1.17810,0.00000,1.17810,1.57080,-2.74889,-2.35619,-0.78540,-0.39270,0.78540,1.96350,-2.74889,-2.74889,-1.17810,0.00000,0.78540,1.96350,-2.74889,-2.35619,-0.78540,0.00000,1.17810,1.57080,3.14159,-2.74889,-0.78540,0.00000,0.39270,1.96350,3.14159,-2.74889
102.80
3.14159,-2.74889,-1.57080,0.00000,1.17810,2.35619,-2.74889,-2.35619,-1.17810,-0.39270,0.39270,1.96350,-2.74889,-2.74889,-1.57080,0.00000,1.17810,1.96350,-2.74889,-2.35619,-0.78540,0.39270,1.17810,1.57080,3.14159,-2.74889,-1.17810,-0.39270,0.78540,1.96350,3.14159,-2.74889
105.22
3.14159,-2.74889,-1.17810,0.00000,1.17810,1.96350,3.14159,-2.74889,-1.57080,-0.39270,0.78540,1.57080,3.14159,-2.74889,-1.57080,-0.78540,0.78540,1.96350,-2.74889,-2.35619,-1.57080,-0.39270,1.17810,1.96350,3.14159,-2.74889,-1.17810,-0.78540,0.78540,1.57080,3.14159,-2.35619
105.22
-2.74889,-2.35619,-1.17810,0.00000,0.78540,2.35619,3.14159,-2.74889,-0.78540,-0.39270,0.78540,1.57080,3.14159,-2.74889,-1.57080,-0.39270,0.78540,1.96350,-2.74889,-1.96350,-1.17810,0.00000,1.17810,1.96350,-2.74889,-2.74889,-1.17810,-0.39270,0.78540,1.57080,3.14159,-2.74889
105.57
-2.74889,-2.74889,-1.17810,0.00000,1.17810,2.35619,3.14159,-2.74889,-1.17810,-0.39270,0.39270,1.57080,3.14159,-2.74889,-1.57080,-0.39270,0.78540,1.96350,-2.74889,-1.96350,-1.17810,0.00000,1.17810,1.96350,-2.74889,-2.74889,-1.17810,-0.39270,0.78540,1.96350,3.14159,-2.35619
105.66
-2.74889,-2.35619,-1.17810,0.00000,1.17810,2.35619,-2.74889,-2.74889,-1.17810,0.00000,0.78540,1.96350,3.14159,-2.74889,-1.57080,0.00000,0.78540,1.96350,-2.74889,-1.96350,-1.17810,0.00000,1.17810,2.35619,3.14159,-2.74889,-1.57080,-0.39270,0.78540,1.57080,3.14159,-2.74889
105.83
-2.74889,-1.96350,-1.17810,0.00000,1.17810,2.35619,-2.74889,-2.74889,-1.17810,0.00000,0.78540,1.96350,3.14159,-2.74889,-1.17810,0.00000,0.78540,1.96350,-2.74889,-1.96350,-1.17810,0.00000,1.17810,1.96350,3.14159,-2.74889,-1.57080,-0.39270,0.78540,1.57080,3.14159,-2.74889
105.90
3.14159,-2.74889,-1.17810,0.00000,1.17810,2.35619,-2.74889,-2.74889,-1.17810,0.00000,0.78540,1.96350,3.14159,-2.74889,-1.17810,-0.39270,0.78540,1.96350,-2.74889,-1.96350,-0.78540,0.00000,1.17810,1.96350,3.14159,-2.74889,-1.17810,0.00000,0.78540,1.96350,3.14159,-2.74889
105.90
3.14159,-2.74889,-1.17810,0.00000,1.17810,1.96350,-2.74889,-2.74889,-0.78540,0.00000,0.78540,1.96350,3.14159,-2.74889,-1.17810,-0.39270,0.78540,1.96350,-2.74889,-1.96350,-0.78540,0.00000,1.17810,1.96350,3.14159,-2.74889,-1.57080,-0.39270,0.78540,1.96350,3.14159,-2.74889
105.92
3.14159,-2.74889,-1.17810,0.00000,0.78540,1.96350,-2.74889,-2.74889,-1.17810,-0.39270,0.78540,1.57080,3.14159,-2.74889,-1.17810,-0.39270,0.78540,1.96350,-2.74889,-2.35619,-0.78540,0.00000,1.17810,1.96350,3.14159,-2.74889,-1.57080,-0.39270,0.78540,1.96350,3.14159,-2.74889
106.80
2.74889,-2.35619,-1.17810,0.00000,1.17810,2.35619,-2.74889,-2.74889,-1.17810,-0.39270,0.39270,1.57080,3.14159,-2.74889,-1.57080,-0.39270,0.78540,1.96350,-2.74889,-1.96350,-0.78540,0.00000,1.17810,1.96350,3.14159,-2.74889,-1.17810,-0.39270,0.78540,1.57080,3.14159,-2.74889
107.12
3.14159,-2.35619,-1.17810,0.00000,1.17810,1.96350,-2.74889,-2.74889,-1.17810,0.00000,0.78540,1.57080,3.14159,-2.74889,-1.17810,-0.39270,0.78540,1.96350,-2.74889,-1.96350,-0.78540,0.00000,1.17810,1.96350,3.14159,-2.74889,-1.17810,-0.39270,0.78540,1.57080,3.14159,-2.74889
107.16
3.14159,-2.35619,-1.17810,0.00000,1.17810,1.96350,-2.74889,-2.74889,-1.17810,0.00000,0.78540,1.96350,3.14159,-2.74889,-1.57080,-0.39270,0.78540,1.96350,-2.74889,-1.96350,-1.17810,0.00000,1.17810,1.96350,3.14159,-2.74889,-1.57080,-0.39270,0.78540,1.57080,3.14159,-2.74889
107.32
3.14159,-2.35619,-1.17810,0.00000,1.17810,1.96350,-2.74889,-2.74889,-1.17810,0.00000,0.78540,1.57080,3.14159,-2.74889,-1.57080,-0.39270,0.78540,1.96350,-2.74889,-1.96350,-1.17810,0.00000,1.17810,1.96350,3.14159,-2.74889,-1.57080,-0.39270,0.78540,1.57080,3.14159,-2.74889
107.46
3.14159,-2.35619,-1.17810,0.00000,1.17810,2.35619,-2.74889,-2.74889,-1.17810,-0.39270,0.78540,1.96350,3.14159,-2.74889,-1.17810,-0.39270,0.78540,1.96350,-2.74889,-1.96350,-0.78540,0.00000,1.17810,1.96350,3.14159,-2.35619,-1.17810,-0.39270,0.78540,1.96350,3.14159,-2.74889
107.62
3.14159,-2.35619,-1.17810,0.00000,1.17810,1.96350,-2.74889,-2.74889,-1.17810,0.00000,0.78540,1.57080,3.14159,-2.74889,-1.57080,-0.39270,0.78540,1.96350,-2.74889,-1.96350,-1.17810,0.00000,1.17810,1.96350,3.14159,-2.35619,-1.57080,-0.39270,0.78540,1.57080,3.14159,-2.74889
107.65
3.14159,-2.35619,-1.17810,0.00000,1.17810,1.96350,-2.74889,-2.74889,-1.17810,0.00000,0.78540,1.57080,3.14159,-2.74889,-1.17810,-0.39270,0.78540,1.96350,-2.74889,-1.96350,-1.17810,0.00000,1.17810,1.96350,3.14159,-2.35619,-1.17810,-0.39270,0.78540,1.57080,3.14159,-2.74889
108.00
3.14159,-2.35619,-1.17810,0.00000,1.17810,1.96350,-2.74889,-2.35619,-1.17810,0.00000,0.78540,1.57080,3.14159,-2.74889,-1.17810,-0.39270,0.78540,1.96350,-2.74889,-1.96350,-0.78540,0.00000,1.17810,1.96350,3.14159,-1.96350,-1.17810,-0.39270,0.78540,1.57080,3.14159,-2.74889
108.12
3.14159,-2.35619,-1.17810,0.00000,0.78540,1.96350,-2.74889,-2.35619,-1.17810,0.00000,0.78540,1.57080,3.14159,-2.74889,-1.17810,-0.39270,0.78540,1.96350,-2.74889,-1.96350,-0.78540,0.00000,1.17810,1.96350,3.14159,-2.35619,-1.17810,-0.39270,0.78540,1.57080,3.14159,-2.74889
108.52
3.14159,-2.35619,-1.17810,0.00000,1.17810,2.35619,-2.74889,-2.35619,-1.17810,0.00000,0.78540,1.96350,3.14159,-2.35619,-1.17810,-0.39270,0.78540,1.96350,-2.74889,-1.96350,-0.78540,0.00000,1.17810,1.96350,3.14159,-2.74889,-1.17810,-0.39270,0.78540,1.57080,3.14159,-2.74889
108.57
3.14159,-2.35619,-1.17810,0.00000,1.17810,2.35619,-2.74889,-2.35619,-1.17810,0.00000,0.78540,1.96350,3.14159,-2.35619,-1.17810,-0.39270,0.78540,1.96350,-2.74889,-1.96350,-1.17810,0.00000,1.17810,1.96350,3.14159,-2.74889,-1.17810,-0.39270,0.78540,1.57080,3.14159,-2.74889
108.58
3.14159,-2.35619,-1.17810,0.00000,1.17810,1.96350,-2.74889,-2.35619,-1.17810,0.00000,0.78540,1.96350,3.14159,-2.35619,-1.17810,-0.39270,0.78540,1.96350,-2.74889,-1.96350,-1.17810,0.00000,1.17810,1.96350,3.14159,-2.74889,-1.17810,-0.39270,0.78540,1.57080,3.14159,-2.74889
109.05
3.14159,-2.35619,-1.17810,0.00000,1.17810,1.96350,-2.74889,-2.35619,-1.17810,0.00000,0.78540,1.57080,3.14159,-2.74889,-1.57080,-0.39270,0.78540,1.96350,-2.74889,-1.96350,-1.17810,0.00000,1.17810,1.96350,3.14159,-2.74889,-1.17810,-0.39270,0.78540,1.57080,3.14159,-2.35619
109.27
3.14159,-2.35619,-1.17810,0.00000,1.17810,1.96350,-2.74889,-2.35619,-1.17810,0.00000,0.78540,1.57080,2.74889,-2.74889,-1.57080,-0.39270,0.78540,1.96350,-2.74889,-1.96350,-0.78540,0.00000,1.17810,1.96350,3.14159,-2.74889,-1.17810,-0.39270,0.78540,1.57080,3.14159,-2.35619
109.30
3.14159,-2.35619,-1.17810,0.00000,1.17810,1.96350,-2.74889,-1.96350,-1.17810,-0.39270,0.78540,1.96350,3.14159,-2.74889,-1.17810,-0.39270,0.78540,1.96350,-2.74889,-1.96350,-1.17810,0.00000,1.17810,2.35619,3.14159,-2.74889,-1.17810,-0.39270,0.78540,1.96350,2.74889,-2.35619
109.48
3.14159,-2.35619,-1.17810,0.00000,1.17810,2.35619,-2.74889,-1.96350,-1.17810,0.00000,0.78540,1.96350,3.14159,-2.74889,-1.17810,0.00000,0.78540,1.96350,-2.74889,-1.96350,-0.78540,0.00000,1.17810,2.35619,3.14159,-2.74889,-1.17810,-0.39270,0.78540,1.96350,3.14159,-2.35619
109.73
3.14159,-2.35619,-1.17810,0.00000,1.17810,1.96350,-2.74889,-1.96350,-1.17810,-0.39270,0.78540,1.57080,2.74889,-2.74889,-1.17810,-0.39270,0.78540,1.96350,-2.74889,-1.96350,-0.78540,0.00000,1.17810,1.96350,3.14159,-2.74889,-1.17810,-0.39270,0.78540,1.57080,2.74889,-2.35619
109.76
3.14159,-2.35619,-1.17810,0.00000,1.17810,2.35619,-2.74889,-1.96350,-1.17810,0.00000,0.78540,1.96350,2.74889,-2.74889,-1.17810,-0.39270,0.78540,1.96350,-2.74889,-1.96350,-1.17810,0.00000,1.17810,1.96350,3.14159,-2.74889,-1.17810,-0.39270,0.78540,1.57080,2.74889,-2.35619
109.78
3.14159,-2.35619,-1.17810,0.00000,1.17810,2.35619,-2.74889,-1.96350,-1.17810,0.00000,0.78540,1.96350,2.74889,-2.74889,-1.17810,-0.39270,0.78540,1.96350,-2.74889,-1.96350,-1.17810,0.00000,1.17810,1.96350,3.14159,-2.74889,-1.17810,-0.39270,0.78540,1.96350,2.74889,-2.35619
109.80
3.14159,-2.35619,-1.17810,0.00000,1.17810,1.96350,-2.74889,-1.96350,-1.17810,0.00000,0.78540,1.96350,2.74889,-2.74889,-1.17810,-0.39270,0.78540,1.96350,-2.74889,-1.96350,-1.17810,0.00000,1.17810,1.96350,3.14159,-2.74889,-1.17810,-0.39270,0.78540,1.96350,2.74889,-2.35619
109.81
3.14159,-2.35619,-1.17810,0.00000,1.17810,1.96350,-2.74889,-1.96350,-1.17810,0.00000,0.78540,1.96350,2.74889,-2.74889,-1.17810,-0.39270,0.78540,1.96350,-2.74889,-1.96350,-1.17810,0.00000,1.17810,1.96350,3.14159,-2.74889,-1.17810,-0.39270,0.78540,1.57080,2.74889,-2.35619
109.95
2.74889,-2.35619,-1.17810,0.00000,1.17810,1.96350,-2.74889,-1.96350,-1.17810,0.00000,0.78540,1.57080,2.74889,-2.74889,-1.17810,-0.39270,0.78540,1.96350,-2.74889,-1.96350,-1.17810,0.00000,1.17810,1.96350,3.14159,-2.74889,-1.57080,-0.39270,0.78540,1.57080,2.74889,-2.35619
110.29
3.14159,-2.35619,-1.17810,0.00000,1.17810,2.35619,-2.74889,-1.96350,-1.17810,0.00000,0.78540,1.96350,2.74889,-2.35619,-1.17810,0.00000,0.78540,1.96350,-2.74889,-1.96350,-0.78540,0.00000,1.17810,1.96350,3.14159,-2.74889,-1.17810,-0.39270,0.78540,1.96350,2.74889,-2.35619
110.30
2.74889,-2.35619,-1.17810,0.00000,1.17810,1.96350,-2.74889,-1.96350,-1.17810,-0.39270,0.78540,1.57080,2.74889,-2.74889,-1.17810,-0.39270,0.78540,1.96350,-2.74889,-1.96350,-1.17810,0.00000,1.17810,1.96350,3.14159,-2.35619,-1.17810,-0.39270,0.78540,1.57080,2.74889,-2.35619
110.35
2.74889,-2.35619,-1.17810,0.00000,1.17810,1.96350,-2.74889,-2.35619,-1.17810,-0.39270,0.78540,1.57080,2.74889,-2.74889,-1.57080,-0.39270,0.78540,1.96350,-2.74889,-1.96350,-1.17810,0.00000,1.17810,1.96350,3.14159,-2.35619,-1.57080,-0.39270,0.78540,1.57080,2.74889,-2.35619
110.45
2.74889,-2.35619,-1.17810,0.00000,1.17810,1.96350,-2.74889,-2.35619,-1.17810,-0.39270,0.78540,1.57080,2.74889,-2.74889,-1.57080,-0.39270,0.78540,1.96350,-2.74889,-1.96350,-1.17810,0.00000,1.17810,1.96350,2.74889,-2.35619,-1.57080,-0.39270,0.78540,1.57080,2.74889,-2.35619
110.64
3.14159,-2.35619,-1.17810,0.00000,1.17810,1.96350,-2.74889,-1.96350,-1.17810,0.00000,0.78540,1.57080,2.74889,-2.35619,-1.17810,-0.39270,0.78540,1.96350,-2.74889,-1.96350,-0.78540,0.00000,1.17810,1.96350,3.14159,-2.35619,-1.17810,-0.39270,0.78540,1.57080,2.74889,-2.35619
110.64
3.14159,-2.35619,-0.78540,0.39270,1.17810,2.35619,-2.74889,-1.96350,-0.78540,0.00000,0.78540,1.96350,3.14159,-2.35619,-1.17810,0.00000,0.78540,2.35619,-2.74889,-1.96350,-0.78540,0.00000,1.17810,1.96350,3.14159,-2.35619,-1.17810,-0.39270,0.78540,1.96350,3.14159,-2.35619
