1.66
0.00000,0.00000,0.00000,0.00000,0.00000,0.00000,0.00000,0.00000,0.00000,0.00000,0.00000,0.00000,0.00000,0.00000,0.00000,0.00000,0.00000,0.00000,0.00000,0.00000,0.00000,0.00000,0.00000,0.00000,0.00000,0.00000,0.00000,0.00000,0.00000,0.00000,0.00000,0.00000
4.01
-1.57080,0.39270,-0.39270,-0.78540,-0.39270,0.78540,1.57080,2.35619,1.57080,-1.57080,1.96350,1.96350,-1.96350,0.78540,-0.39270,-1.96350,0.39270,1.96350,0.00000,-0.78540,0.00000,0.39270,-0.39270,1.17810,-1.17810,0.00000,1.17810,-0.78540,-1.17810,0.00000,0.78540,2.35619
12.65
-1.57080,-0.78540,0.78540,-1.17810,0.78540,1.17810,0.00000,0.78540,-0.39270,-1.57080,1.96350,1.96350,-1.57080,2.35619,-0.39270,-1.57080,0.39270,1.57080,-0.39270,-1.17810,-0.78540,-1.17810,0.00000,1.96350,-2.74889,-0.78540,-0.39270,-0.39270,-2.35619,0.78540,0.39270,3.14159
12.78
-2.74889,0.00000,3.14159,-2.74889,1.17810,2.74889,0.00000,-2.74889,-1.17810,0.00000,3.14159,3.14159,-2.74889,2.74889,-0.78540,-0.39270,2.74889,1.96350,2.35619,-1.96350,-2.74889,0.00000,0.00000,2.35619,-2.74889,-2.74889,-2.74889,-2.74889,-2.74889,3.14159,-2.74889,1.57080
17.18
-0.39270,-0.39270,1.57080,-2.74889,1.57080,2.35619,-1.57080,-1.96350,2.35619,2.35619,1.17810,1.96350,-1.96350,2.74889,0.78540,0.00000,1.17810,-2.74889,1.17810,-1.17810,0.00000,1.17810,1.57080,0.00000,-2.74889,-2.74889,-1.57080,-1.17810,-2.74889,-2.74889,0.78540,-2.35619
17.76
3.14159,3.14159,3.14159,1.96350,-2.35619,3.14159,-2.74889,3.14159,-2.74889,-0.39270,-2.74889,3.14159,-2.74889,3.14159,3.14159,-1.57080,1.57080,1.57080,-2.74889,-2.74889,-2.74889,-1.57080,-2.74889,1.57080,-2.74889,3.14159,3.14159,-2.74889,-1.17810,-0.39270,1.57080,-1.57080
20.65
-0.39270,0.00000,-2.74889,1.17810,1.57080,1.57080,2.74889,3.14159,0.39270,3.14159,1.96350,3.14159,-2.74889,-2.74889,-1.96350,0.78540,1.57080,3.14159,3.14159,-2.35619,-1.57080,0.39270,3.14159,3.14159,1.17810,-2.74889,2.74889,2.35619,1.17810,-2.74889,3.14159,3.14159
24.21
1.57080,-2.74889,-1.17810,1.17810,2.74889,0.78540,-2.74889,3.14159,3.14159,2.35619,1.57080,2.35619,-1.96350,-2.74889,0.00000,3.14159,1.57080,1.17810,2.35619,3.14159,-2.74889,-2.35619,0.39270,0.78540,0.39270,-2.74889,2.74889,-0.39270,0.39270,1.17810,2.74889,3.14159
27.87
-0.39270,-2.74889,0.39270,1.57080,-2.74889,3.14159,3.14159,-1.57080,-1.57080,0.39270,2.35619,1.96350,2.74889,-2.35619,-0.78540,2.35619,1.57080,1.96350,-2.74889,-2.35619,1.17810,2.35619,1.96350,2.74889,-2.74889,-1.96350,2.74889,-1.57080,2.35619,1.96350,1.96350,0.00000
29.68
1.17810,3.14159,-2.74889,3.14159,-1.17810,1.57080,3.14159,-2.74889,-2.74889,-0.78540,1.96350,-0.39270,1.57080,3.14159,-1.57080,-2.35619,2.35619,-0.78540,2.35619,-2.74889,-1.96350,-2.74889,-1.96350,-1.57080,1.96350,0.39270,-2.74889,-2.74889,-2.35619,0.00000,1.57080,1.17810
29.79
2.35619,3.14159,-2.74889,0.39270,1.57080,2.74889,2.74889,-2.74889,-2.35619,-0.78540,-1.57080,-0.39270,-1.57080,3.14159,-1.17810,-2.35619,0.00000,1.17810,-1.17810,-2.74889,-2.74889,-0.39270,-2.35619,1.96350,-2.74889,2.74889,-2.74889,-2.74889,0.00000,1.57080,0.39270,-2.74889
31.83
-1.57080,-0.78540,0.78540,1.96350,-2.74889,3.14159,2.74889,-2.74889,0.39270,-1.96350,2.74889,3.14159,-2.74889,3.14159,-2.35619,-2.74889,0.39270,1.96350,2.35619,-2.74889,-2.74889,-0.78540,0.78540,2.74889,-2.74889,-2.74889,-2.74889,-1.57080,-1.96350,1.57080,1.57080,-2.74889
37.62
2.35619,-2.74889,-1.57080,1.17810,-1.17810,1.17810,3.14159,-2.74889,-2.74889,1.96350,3.14159,1.96350,-2.74889,2.35619,-2.74889,-0.39270,0.00000,0.78540,0.78540,-2.74889,-2.74889,-2.74889,0.00000,1.96350,1.96350,2.74889,1.57080,-2.74889,-2.74889,0.00000,0.78540,1.17810
38.13
-2.35619,3.14159,-2.74889,-1.57080,1.96350,1.96350,-2.35619,2.74889,-2.74889,-1.57080,0.78540,0.00000,3.14159,3.14159,3.14159,-2.35619,-0.39270,1.96350,2.35619,-2.74889,-2.74889,-2.74889,0.39270,2.74889,1.96350,-2.35619,-2.74889,1.17810,-1.57080,0.39270,1.17810,1.17810
42.85
-2.74889,3.14159,-2.74889,-0.39270,-2.35619,3.14159,3.14159,2.74889,-2.74889,-1.57080,0.78540,-1.17810,1.57080,3.14159,3.14159,-2.74889,-0.39270,0.00000,2.35619,-2.35619,-2.74889,-2.35619,-1.57080,1.96350,-2.74889,2.74889,-2.35619,-1.96350,-1.96350,-0.39270,0.39270,2.74889
43.77
-2.74889,-2.74889,-2.74889,0.00000,0.00000,3.14159,2.35619,-2.74889,-2.74889,-0.78540,0.78540,2.35619,3.14159,3.14159,-2.74889,-1.17810,2.35619,2.74889,3.14159,-2.74889,-2.74889,-0.78540,1.96350,0.39270,2.74889,-2.35619,-2.74889,-1.57080,-2.74889,0.39270,2.35619,3.14159
43.86
-2.74889,-2.74889,3.14159,1.17810,-1.96350,2.74889,3.14159,-2.74889,-2.74889,-1.57080,0.78540,1.17810,2.74889,2.35619,-2.74889,0.00000,1.17810,1.57080,3.14159,-2.74889,-2.74889,-0.39270,0.78540,-1.17810,3.14159,-2.74889,-2.74889,-1.96350,-1.96350,1.57080,1.57080,3.14159
45.87
-2.74889,-2.74889,-0.78540,1.17810,0.39270,3.14159,2.74889,-2.74889,-2.74889,-1.17810,2.35619,2.35619,3.14159,3.14159,-2.74889,1.17810,1.57080,2.35619,3.14159,-2.74889,-2.74889,-0.39270,1.57080,2.35619,3.14159,-2.74889,-2.74889,-1.96350,-2.74889,1.57080,2.35619,3.14159
52.05
-2.74889,-2.74889,-0.78540,1.17810,-0.78540,3.14159,2.74889,-2.74889,-2.74889,0.39270,1.57080,2.35619,2.74889,3.14159,-2.74889,0.00000,1.57080,2.35619,3.14159,-2.74889,-2.35619,0.00000,1.57080,2.35619,2.35619,-2.74889,-2.35619,-2.74889,-2.74889,0.78540,1.96350,3.14159
55.56
1.57080,-2.74889,-2.35619,1.57080,2.35619,1.96350,3.14159,-2.74889,-2.74889,-0.39270,0.39270,0.78540,1.57080,3.14159,-2.74889,-1.57080,1.17810,0.78540,1.96350,-2.74889,-2.74889,-0.78540,0.78540,0.00000,2.35619,2.74889,-2.74889,-2.74889,-2.74889,-1.17810,1.96350,3.14159
55.85
-2.74889,-2.74889,-0.39270,0.00000,1.17810,2.35619,3.14159,-2.74889,-2.74889,0.00000,1.17810,2.35619,2.74889,2.74889,-2.74889,-1.17810,0.39270,2.35619,3.14159,-2.35619,-2.74889,-1.17810,2.35619,1.96350,2.74889,-2.74889,-2.74889,-2.74889,-2.35619,1.96350,1.17810,1.96350
56.53
-2.74889,-2.74889,-0.78540,0.00000,1.57080,3.14159,2.74889,-2.74889,-2.74889,-2.35619,1.57080,0.78540,3.14159,3.14159,-2.74889,-1.57080,0.78540,2.35619,3.14159,-2.74889,-2.74889,-0.39270,1.96350,0.00000,3.14159,-2.74889,-2.74889,-2.35619,-1.96350,0.00000,1.57080,3.14159
59.43
-2.74889,-2.74889,-1.57080,1.57080,1.57080,3.14159,2.74889,-2.74889,-2.74889,-1.96350,1.17810,1.17810,3.14159,2.74889,-2.74889,-1.17810,0.00000,2.74889,3.14159,-2.74889,-2.74889,-0.78540,2.35619,0.39270,3.14159,-2.74889,-2.74889,-1.57080,-1.17810,0.39270,1.57080,3.14159
61.74
-2.74889,-2.74889,-1.17810,0.78540,1.96350,3.14159,1.96350,-2.74889,-2.74889,-1.96350,1.17810,0.78540,3.14159,2.74889,-2.74889,-0.78540,0.78540,2.74889,2.74889,-2.74889,-2.74889,-0.78540,1.96350,0.39270,3.14159,-2.74889,-2.74889,-1.96350,-0.78540,0.00000,1.96350,3.14159
71.62
-2.74889,-1.96350,-0.78540,1.17810,1.57080,1.96350,3.14159,-2.74889,-2.35619,-1.57080,0.39270,0.78540,3.14159,3.14159,-1.17810,-1.96350,-0.39270,1.96350,3.14159,-2.74889,-2.74889,-1.57080,1.17810,0.78540,1.96350,-2.35619,-2.74889,-0.78540,-1.96350,0.39270,1.17810,3.14159
72.26
-2.74889,-1.57080,-1.57080,0.78540,-1.57080,2.74889,3.14159,-2.74889,-2.74889,-1.17810,0.00000,1.96350,3.14159,3.14159,-1.96350,-1.17810,0.39270,2.35619,3.14159,-2.74889,-2.74889,-1.96350,-0.39270,1.17810,2.74889,-2.74889,-2.74889,-1.57080,-0.78540,0.39270,1.57080,3.14159
85.91
-2.74889,-2.74889,-0.78540,-0.39270,1.57080,2.35619,3.14159,-2.74889,-1.57080,-0.78540,0.78540,1.17810,3.14159,-2.74889,-2.74889,-0.78540,0.78540,1.96350,2.35619,-2.74889,-2.74889,-1.17810,0.39270,0.00000,2.74889,3.14159,-2.74889,-2.74889,0.39270,0.00000,1.57080,3.14159
90.65
3.14159,-2.74889,-1.57080,0.39270,1.17810,1.96350,3.14159,-2.74889,-2.74889,-1.17810,0.00000,1.17810,3.14159,3.14159,-2.74889,-1.17810,-0.39270,1.17810,3.14159,-2.74889,-2.74889,-1.57080,0.00000,0.00000,1.57080,3.14159,-2.74889,-1.96350,-1.17810,0.00000,0.78540,3.14159
92.13
-2.74889,-2.74889,-1.17810,0.39270,1.57080,1.96350,3.14159,-2.74889,-1.17810,0.00000,1.57080,1.17810,3.14159,-2.74889,-2.74889,-0.39270,0.39270,0.78540,3.14159,-2.74889,-1.96350,-0.39270,-0.39270,1.96350,1.96350,3.14159,-2.74889,-2.35619,-0.39270,0.39270,1.96350,3.14159
93.12
-2.74889,-2.74889,-0.78540,0.00000,0.78540,1.17810,3.14159,-2.35619,-1.17810,-1.17810,0.78540,1.17810,3.14159,-2.74889,-2.74889,-1.17810,0.39270,1.17810,3.14159,-2.74889,-2.35619,-1.57080,-0.39270,0.78540,1.96350,3.14159,-2.74889,-2.74889,-0.39270,0.39270,1.57080,3.14159
93.26
-2.74889,-2.74889,-1.57080,-1.17810,1.57080,1.96350,3.14159,-2.74889,-1.96350,-0.39270,-0.39270,1.57080,2.74889,-2.74889,-2.74889,-0.78540,0.39270,1.57080,3.14159,-2.74889,-2.74889,-0.78540,0.39270,1.57080,2.35619,3.14159,-2.74889,-1.57080,-0.39270,0.39270,1.17810,3.14159
93.90
-2.74889,-2.74889,-1.17810,-0.78540,1.17810,2.74889,3.14159,-2.74889,-2.35619,0.00000,1.17810,1.57080,2.74889,3.14159,-2.74889,-0.78540,0.00000,1.57080,3.14159,-2.74889,-1.96350,-0.39270,0.39270,1.57080,2.35619,-2.74889,-2.74889,-1.96350,-0.78540,0.39270,1.57080,3.14159
94.32
-2.74889,-2.74889,-1.57080,0.39270,0.78540,1.96350,3.14159,-2.35619,-1.17810,0.00000,1.17810,0.78540,3.14159,-2.74889,-1.96350,-0.78540,0.00000,1.57080,2.74889,-2.74889,-2.74889,-0.39270,-0.39270,0.39270,1.96350,3.14159,-2.74889,-1.96350,-1.17810,-0.39270,1.57080,3.14159
96.45
-2.74889,-2.74889,-1.57080,0.39270,1.17810,1.96350,3.14159,-2.74889,-1.57080,-0.78540,0.78540,1.57080,2.74889,-2.74889,-2.74889,-0.39270,1.17810,1.17810,3.14159,-2.74889,-2.35619,-1.17810,0.39270,0.78540,1.96350,3.14159,-2.74889,-1.96350,-0.78540,0.78540,1.96350,3.14159
97.05
-2.74889,-2.74889,-0.78540,0.00000,0.39270,2.74889,3.14159,-2.74889,-2.35619,-0.39270,0.39270,1.57080,3.14159,3.14159,-1.96350,-1.17810,0.00000,1.17810,3.14159,-2.74889,-2.35619,-1.17810,0.00000,1.17810,2.74889,-2.74889,-2.74889,-1.57080,-0.39270,0.39270,1.57080,3.14159
97.22
-2.74889,-2.74889,-0.78540,-0.39270,0.78540,1.96350,3.14159,-2.74889,-1.17810,-0.78540,-0.39270,1.17810,3.14159,-2.74889,-1.57080,-0.78540,0.78540,1.57080,3.14159,-2.74889,-2.35619,-1.57080,0.39270,1.17810,2.35619,3.14159,-2.74889,-2.35619,-0.39270,0.78540,1.57080,3.14159
98.12
-2.74889,-2.74889,-1.17810,0.39270,1.17810,2.74889,3.14159,-2.74889,-0.78540,-0.78540,0.78540,1.17810,3.14159,-2.74889,-2.35619,0.00000,0.39270,1.57080,3.14159,-2.74889,-1.57080,-0.78540,0.78540,0.78540,2.74889,-2.74889,-2.74889,-1.17810,0.00000,0.39270,1.17810,3.14159
98.35
3.14159,-2.74889,-1.17810,0.78540,1.17810,2.35619,3.14159,-2.74889,-1.96350,-0.78540,0.78540,1.57080,2.35619,-2.74889,-2.74889,-0.39270,0.00000,1.17810,3.14159,-2.74889,-2.74889,-0.78540,0.39270,0.78540,2.35619,3.14159,-2.74889,-1.57080,-0.78540,0.78540,1.57080,3.14159
98.54
-2.74889,-2.74889,-1.17810,0.00000,1.17810,1.96350,-2.74889,-2.74889,-1.17810,-0.78540,0.78540,1.96350,2.74889,-2.74889,-1.96350,-1.17810,0.00000,0.39270,2.74889,-2.74889,-2.74889,-1.17810,0.39270,0.78540,1.96350,3.14159,-2.74889,-1.96350,-0.78540,0.78540,1.96350,3.14159
98.88
-2.74889,-2.74889,-1.17810,-0.39270,0.78540,1.57080,3.14159,-2.74889,-1.96350,-0.39270,0.78540,0.78540,3.14159,-2.74889,-1.96350,-1.17810,0.39270,1.17810,2.74889,-2.74889,-2.74889,-0.78540,0.78540,1.17810,1.57080,3.14159,-2.74889,-1.17810,0.00000,0.39270,1.96350,3.14159
99.86
-2.74889,-2.74889,-1.17810,-0.39270,1.17810,1.17810,3.14159,-2.74889,-2.35619,-0.78540,0.00000,1.57080,2.35619,3.14159,-1.57080,-0.78540,0.00000,1.57080,2.35619,-2.74889,-2.35619,0.00000,0.00000,0.78540,2.35619,3.14159,-2.74889,-1.96350,-0.39270,0.39270,1.96350,3.14159
101.07
-2.74889,-2.74889,-1.17810,-0.39270,1.17810,1.96350,3.14159,-2.74889,-1.96350,-0.78540,0.39270,1.57080,1.57080,3.14159,-2.35619,-1.17810,0.39270,1.17810,2.35619,-2.74889,-2.74889,-1.17810,-0.39270,1.17810,2.74889,3.14159,-2.74889,-1.96350,-0.78540,0.00000,1.57080,3.14159
101.24
-2.74889,-2.35619,-1.17810,0.00000,1.57080,2.35619,3.14159,-2.74889,-1.17810,-0.78540,0.00000,1.57080,2.35619,3.14159,-2.74889,-0.78540,0.39270,1.57080,2.74889,-2.74889,-2.74889,-0.78540,-0.39270,0.39270,1.96350,3.14159,-2.74889,-1.57080,-0.78540,0.78540,1.17810,3.14159
101.81
3.14159,-2.74889,-0.78540,0.39270,0.78540,2.35619,3.14159,-1.96350,-0.39270,0.39270,0.39270,1.57080,2.74889,-2.74889,-1.17810,-0.78540,0.78540,1.17810,2.74889,-2.74889,-1.96350,-1.17810,0.00000,0.78540,2.74889,3.14159,-2.74889,-1.96350,-0.39270,0.78540,1.96350,3.14159
104.23
3.14159,-2.74889,-0.78540,0.39270,1.17810,1.96350,3.14159,-2.35619,-1.17810,0.78540,0.39270,1.17810,2.74889,-2.74889,-1.57080,-0.78540,0.39270,1.57080,2.74889,-2.74889,-1.96350,-1.17810,0.39270,0.39270,1.96350,3.14159,-2.74889,-1.96350,-0.78540,0.78540,1.57080,3.14159
105.66
3.14159,-2.74889,-0.78540,0.39270,1.57080,1.57080,3.14159,-2.35619,-1.17810,-0.39270,0.39270,0.78540,2.35619,-2.74889,-1.96350,-0.78540,0.39270,0.78540,2.35619,-2.74889,-1.57080,-0.39270,0.78540,0.78540,1.96350,3.14159,-2.74889,-1.57080,-0.39270,0.78540,1.96350,3.14159
105.88
-2.74889,-2.74889,-1.57080,0.00000,0.78540,1.96350,3.14159,-2.74889,-1.57080,-0.39270,0.00000,1.17810,2.74889,-2.74889,-1.96350,-1.17810,0.00000,1.17810,2.74889,-2.74889,-2.74889,-0.78540,0.00000,1.17810,1.96350,2.74889,-2.74889,-1.17810,-0.39270,0.39270,1.57080,3.14159
107.64
3.14159,-2.74889,-1.17810,0.00000,1.17810,1.57080,3.14159,-2.74889,-1.57080,-0.78540,0.39270,1.96350,2.74889,-2.74889,-1.96350,-0.78540,0.39270,1.17810,2.35619,-2.74889,-2.35619,-0.39270,0.00000,1.17810,1.96350,3.14159,-2.74889,-1.57080,-0.39270,0.78540,1.57080,3.14159
107.81
-2.74889,-2.74889,-0.78540,0.00000,1.17810,2.35619,-2.74889,-2.74889,-1.96350,-0.78540,0.39270,1.17810,1.96350,-2.74889,-1.96350,-0.78540,0.39270,1.17810,2.35619,-2.74889,-1.96350,-0.78540,0.39270,1.17810,1.57080,3.14159,-2.74889,-1.57080,-0.39270,0.39270,1.57080,3.14159
108.34
-2.74889,-2.74889,-1.17810,0.00000,0.78540,2.35619,3.14159,-2.74889,-1.17810,-0.39270,0.39270,1.57080,2.35619,-2.74889,-1.57080,-0.78540,0.39270,1.17810,2.74889,-2.74889,-1.96350,-0.78540,0.00000,1.17810,2.35619,3.14159,-2.74889,-1.96350,-0.39270,0.39270,1.96350,3.14159
108.45
-2.74889,-2.74889,-1.17810,0.00000,1.17810,2.35619,3.14159,-2.74889,-1.57080,-0.39270,0.39270,1.57080,2.74889,-2.74889,-1.96350,-0.39270,0.00000,1.57080,2.74889,-2.74889,-1.96350,-0.78540,0.00000,0.78540,1.96350,3.14159,-2.74889,-1.57080,-0.78540,0.39270,1.57080,3.14159
108.91
3.14159,-2.74889,-1.17810,0.39270,1.17810,1.96350,-2.74889,-2.74889,-1.17810,-0.78540,0.39270,1.57080,2.74889,-2.74889,-1.96350,-0.78540,0.39270,1.57080,2.35619,-2.74889,-1.96350,-1.17810,0.39270,1.17810,2.35619,3.14159,-2.74889,-1.17810,-0.39270,0.78540,1.57080,3.14159
109.21
3.14159,-2.74889,-0.78540,0.00000,1.17810,1.96350,-2.74889,-2.74889,-1.57080,-0.39270,0.00000,1.57080,2.35619,-2.74889,-1.96350,-0.78540,0.39270,1.57080,2.35619,-2.74889,-1.96350,-0.39270,0.00000,1.17810,2.35619,3.14159,-2.74889,-1.57080,-0.39270,0.78540,1.57080,3.14159
109.78
3.14159,-2.74889,-0.78540,0.00000,0.78540,2.35619,-2.74889,-2.74889,-1.17810,-0.39270,0.39270,1.57080,2.35619,-2.74889,-1.96350,-0.78540,0.00000,1.17810,2.74889,-2.74889,-1.96350,-0.78540,0.39270,1.17810,1.96350,3.14159,-2.74889,-1.57080,-0.39270,0.39270,1.57080,3.14159
110.79
3.14159,-2.74889,-1.17810,0.00000,1.17810,2.35619,-2.74889,-2.74889,-1.17810,-0.39270,0.39270,1.57080,2.35619,-2.74889,-1.96350,-0.78540,0.39270,1.57080,2.35619,-2.74889,-1.96350,-0.78540,0.00000,1.17810,1.96350,3.14159,-2.74889,-1.57080,-0.39270,0.39270,1.57080,3.14159
110.83
3.14159,-2.74889,-1.17810,0.00000,1.17810,1.96350,-2.74889,-2.74889,-1.57080,-0.39270,0.39270,1.17810,2.35619,-2.74889,-1.96350,-0.78540,0.00000,1.57080,2.35619,-2.74889,-1.96350,-0.78540,0.00000,1.17810,1.96350,3.14159,-2.74889,-1.57080,-0.39270,0.39270,1.57080,3.14159
110.92
3.14159,-2.74889,-1.17810,0.00000,1.17810,1.96350,-2.74889,-2.74889,-1.57080,-0.39270,0.39270,1.57080,2.35619,-2.74889,-1.96350,-0.78540,0.39270,1.57080,2.35619,-2.74889,-1.96350,-0.78540,0.00000,1.17810,1.96350,3.14159,-2.74889,-1.57080,-0.39270,0.39270,1.57080,3.14159
110.97
3.14159,-2.74889,-1.17810,0.00000,1.17810,1.96350,-2.74889,-2.74889,-1.57080,-0.39270,0.39270,1.17810,2.35619,-2.74889,-1.96350,-0.78540,0.39270,1.57080,2.35619,-2.74889,-1.96350,-0.78540,0.00000,1.17810,1.96350,3.14159,-2.74889,-1.57080,-0.39270,0.39270,1.57080,3.14159
111.05
3.14159,-2.74889,-1.17810,0.00000,1.17810,1.96350,-2.74889,-2.74889,-1.17810,-0.39270,0.39270,1.57080,2.35619,-2.74889,-1.96350,-0.78540,0.39270,1.57080,2.35619,-2.74889,-1.96350,-0.78540,0.39270,1.17810,1.96350,3.14159,-2.74889,-1.57080,-0.39270,0.39270,1.57080,3.14159
111.16
3.14159,-2.74889,-1.17810,0.00000,1.17810,1.96350,-2.74889,-2.74889,-1.17810,-0.39270,0.39270,1.17810,2.35619,-2.74889,-1.96350,-0.78540,0.39270,1.17810,2.35619,-2.74889,-1.96350,-0.78540,0.00000,1.17810,1.96350,3.14159,-2.74889,-1.57080,-0.39270,0.39270,1.57080,3.14159
111.38
3.14159,-2.74889,-1.17810,0.00000,1.17810,1.96350,3.14159,-2.74889,-1.17810,-0.39270,0.39270,1.57080,2.35619,-2.74889,-1.96350,-0.78540,0.39270,1.17810,2.35619,-2.74889,-1.96350,-1.17810,0.39270,1.17810,1.96350,3.14159,-2.74889,-1.57080,-0.39270,0.39270,1.57080,3.14159
111.88
3.14159,-2.74889,-1.17810,0.00000,1.17810,1.96350,3.14159,-2.35619,-1.57080,-0.39270,0.39270,1.57080,2.35619,-2.74889,-1.96350,-0.78540,0.39270,1.17810,2.35619,-2.74889,-1.96350,-1.17810,0.39270,1.17810,1.96350,3.14159,-2.74889,-1.57080,-0.39270,0.39270,1.57080,3.14159
112.06
3.14159,-2.74889,-0.78540,0.00000,1.17810,1.96350,3.14159,-2.35619,-1.57080,-0.39270,0.39270,1.57080,2.35619,-2.74889,-1.96350,-0.78540,0.39270,1.57080,2.35619,-2.74889,-1.57080,-0.78540,0.39270,1.17810,1.96350,3.14159,-2.74889,-1.57080,-0.39270,0.39270,1.57080,3.14159
112.11
3.14159,-2.74889,-1.17810,0.00000,1.17810,1.96350,3.14159,-2.35619,-1.17810,-0.39270,0.39270,1.17810,2.35619,-2.74889,-1.96350,-0.78540,0.39270,1.17810,2.35619,-2.74889,-1.57080,-0.78540,0.39270,1.17810,1.96350,3.14159,-2.74889,-1.57080,-0.39270,0.78540,1.57080,3.14159
112.20
3.14159,-2.74889,-1.17810,0.00000,1.17810,1.96350,3.14159,-2.35619,-1.17810,-0.39270,0.39270,1.57080,2.35619,-2.74889,-1.96350,-0.78540,0.39270,1.17810,2.35619,-2.74889,-1.96350,-0.78540,0.00000,1.17810,1.96350,3.14159,-2.74889,-1.57080,-0.78540,0.39270,1.57080,3.14159
112.29
3.14159,-2.74889,-1.17810,0.00000,1.17810,1.96350,3.14159,-2.35619,-1.17810,-0.39270,0.39270,1.57080,2.35619,-2.74889,-1.96350,-0.78540,0.39270,1.17810,2.35619,-2.74889,-1.57080,-0.78540,0.39270,1.17810,1.96350,3.14159,-2.74889,-1.57080,-0.39270,0.39270,1.57080,3.14159
112.34
3.14159,-2.74889,-1.17810,0.00000,1.17810,1.96350,3.14159,-2.35619,-1.57080,-0.39270,0.39270,1.57080,2.35619,-2.74889,-1.96350,-0.78540,0.39270,1.17810,2.35619,-2.74889,-1.96350,-0.78540,0.39270,1.17810,1.96350,3.14159,-2.74889,-1.57080,-0.39270,0.39270,1.57080,3.14159
112.51
3.14159,-2.74889,-1.17810,0.00000,1.17810,1.96350,3.14159,-2.74889,-1.57080,-0.39270,0.39270,1.17810,2.35619,3.14159,-1.96350,-0.78540,0.00000,1.17810,2.35619,-2.74889,-1.96350,-1.17810,0.39270,1.17810,1.96350,3.14159,-2.74889,-1.57080,-0.78540,0.39270,1.57080,2.74889
112.59
3.14159,-2.74889,-1.17810,0.00000,1.17810,1.96350,3.14159,-2.74889,-1.57080,-0.78540,0.39270,1.17810,2.35619,3.14159,-1.96350,-0.78540,0.39270,1.17810,2.35619,-2.74889,-1.96350,-1.17810,0.00000,1.17810,1.96350,3.14159,-2.74889,-1.57080,-0.78540,0.39270,1.57080,2.74889
112.73
3.14159,-2.74889,-1.17810,0.00000,1.17810,1.96350,3.14159,-2.74889,-1.57080,-0.78540,0.39270,1.17810,2.35619,3.14159,-1.96350,-0.78540,0.00000,1.17810,2.35619,-2.74889,-1.96350,-1.17810,0.00000,0.78540,1.96350,3.14159,-2.74889,-1.57080,-0.78540,0.39270,1.57080,2.74889
112.82
3.14159,-2.74889,-1.17810,0.00000,0.78540,1.96350,3.14159,-2.74889,-1.57080,-0.78540,0.39270,1.17810,2.35619,3.14159,-1.96350,-0.78540,0.00000,1.17810,2.35619,-2.74889,-1.96350,-1.17810,0.00000,1.17810,1.96350,3.14159,-2.74889,-1.57080,-0.78540,0.39270,1.57080,2.74889
112.85
3.14159,-2.74889,-1.17810,0.00000,0.78540,1.96350,3.14159,-2.35619,-1.57080,-0.78540,0.39270,1.17810,2.35619,3.14159,-1.96350,-0.78540,0.00000,1.17810,2.35619,-2.74889,-1.96350,-1.17810,0.39270,1.17810,1.96350,3.14159,-2.74889,-1.57080,-0.78540,0.39270,1.57080,2.74889
112.88
3.14159,-2.74889,-1.17810,0.00000,1.17810,1.96350,3.14159,-2.74889,-1.57080,-0.78540,0.39270,1.17810,2.35619,3.14159,-1.96350,-0.78540,0.00000,1.17810,2.35619,-2.74889,-1.96350,-0.78540,0.00000,0.78540,1.96350,3.14159,-2.74889,-1.57080,-0.78540,0.39270,1.57080,2.74889
112.94
3.14159,-2.74889,-1.17810,0.00000,1.17810,1.96350,3.14159,-2.74889,-1.57080,-0.78540,0.39270,1.17810,2.35619,3.14159,-1.96350,-0.78540,0.00000,1.17810,2.35619,-2.74889,-1.96350,-0.78540,0.00000,1.17810,1.96350,3.14159,-2.74889,-1.57080,-0.39270,0.39270,1.57080,2.74889
112.94
3.14159,-2.74889,-1.17810,0.00000,1.17810,1.96350,3.14159,-2.74889,-1.57080,-0.78540,0.39270,1.17810,2.35619,3.14159,-1.96350,-0.78540,0.00000,1.17810,2.35619,-2.74889,-1.96350,-0.78540,0.00000,1.17810,1.96350,3.14159,-2.74889,-1.57080,-0.78540,0.39270,1.57080,2.74889
112.97
3.14159,-2.74889,-1.17810,0.00000,0.78540,1.96350,3.14159,-2.74889,-1.57080,-0.78540,0.39270,1.17810,2.35619,3.14159,-1.96350,-0.78540,0.00000,1.17810,2.35619,-2.74889,-1.96350,-0.78540,0.00000,1.17810,1.96350,3.14159,-2.74889,-1.57080,-0.78540,0.39270,1.57080,2.74889
113.27
3.14159,-2.74889,-1.17810,0.00000,0.78540,1.96350,3.14159,-2.74889,-1.57080,-0.78540,0.39270,1.17810,2.35619,3.14159,-1.96350,-0.78540,0.00000,1.17810,2.35619,-2.74889,-1.96350,-1.17810,0.00000,1.17810,1.96350,2.74889,-2.74889,-1.57080,-0.39270,0.39270,1.57080,2.35619
113.42
3.14159,-2.74889,-1.17810,0.00000,0.78540,1.96350,3.14159,-2.74889,-1.57080,-0.78540,0.39270,1.17810,2.35619,3.14159,-1.96350,-0.78540,0.00000,1.17810,2.35619,-2.74889,-1.96350,-1.17810,0.00000,1.17810,1.96350,2.74889,-2.74889,-1.57080,-0.78540,0.39270,1.57080,2.35619
