1.46
0.00000,0.00000,0.00000,0.00000,0.00000,0.00000,0.00000,0.00000,0.00000,0.00000,0.00000,0.00000,0.00000,0.00000,0.00000,0.00000,0.00000,0.00000,0.00000,0.00000,0.00000,0.00000,0.00000,0.00000,0.00000,0.00000,0.00000,0.00000,0.00000,0.00000,0.00000,0.00000
3.72
0.78540,0.00000,0.78540,0.78540,-1.17810,-0.39270,0.39270,0.78540,-1.57080,-1.17810,0.78540,1.17810,0.39270,-0.78540,0.00000,0.00000,0.39270,-1.57080,-1.17810,0.00000,0.78540,1.17810,-1.57080,-1.17810,0.00000,-0.39270,0.00000,0.39270,1.96350,0.00000,0.78540,1.96350
19.41
-0.39270,0.00000,1.96350,1.57080,-1.57080,0.00000,1.17810,1.17810,-1.57080,-2.74889,0.00000,2.35619,-0.39270,0.00000,1.57080,0.78540,1.57080,-1.96350,0.00000,1.17810,1.17810,2.74889,-2.74889,-1.17810,-0.39270,-1.17810,2.74889,-1.17810,3.14159,1.17810,-0.78540,0.78540
21.98
0.39270,2.35619,-2.74889,0.78540,-2.74889,3.14159,3.14159,3.14159,-2.74889,-1.17810,-1.17810,1.57080,1.96350,-2.74889,2.35619,-2.74889,-1.57080,0.39270,2.35619,-2.74889,-2.74889,3.14159,-2.74889,1.17810,2.35619,-2.35619,3.14159,-2.74889,-2.74889,0.00000,1.96350,3.14159
22.49
-2.74889,-2.74889,-1.96350,0.00000,0.00000,3.14159,-2.74889,3.14159,-1.57080,-0.39270,-2.74889,0.39270,1.17810,-1.96350,-1.96350,2.74889,1.57080,1.57080,3.14159,-2.74889,-1.96350,0.39270,1.17810,-2.35619,3.14159,-2.35619,1.17810,2.35619,1.17810,-0.78540,3.14159,3.14159
28.08
3.14159,-2.74889,-1.96350,-1.57080,0.78540,3.14159,2.74889,3.14159,-2.74889,1.17810,-2.74889,1.17810,3.14159,-2.74889,-2.35619,-1.17810,0.39270,2.35619,-2.74889,-2.74889,-2.74889,2.74889,1.57080,-2.74889,3.14159,-2.74889,3.14159,-2.74889,1.96350,0.39270,1.96350,3.14159
28.97
2.35619,-1.96350,-0.78540,-0.39270,0.39270,3.14159,1.57080,3.14159,-2.74889,-0.78540,-1.96350,0.78540,3.14159,-2.74889,-1.17810,0.39270,-0.39270,2.74889,-1.17810,-2.74889,-2.74889,0.00000,-2.74889,-1.96350,3.14159,-2.74889,3.14159,-1.57080,1.17810,1.17810,2.74889,3.14159
32.56
3.14159,-2.74889,0.78540,0.78540,2.35619,0.39270,-2.74889,-1.96350,2.35619,-2.35619,2.74889,3.14159,-2.74889,3.14159,-0.39270,0.39270,1.57080,1.17810,3.14159,-1.57080,-0.39270,0.78540,1.17810,-2.74889,-2.74889,-2.74889,2.35619,0.78540,0.78540,1.17810,-2.74889,-2.74889
32.59
3.14159,-2.74889,-1.57080,-0.78540,0.00000,0.39270,-2.74889,1.57080,-0.78540,-0.39270,0.00000,1.96350,1.57080,-2.74889,-1.57080,-1.57080,-0.78540,1.57080,-1.17810,-0.78540,-1.57080,-0.78540,-1.96350,-2.35619,1.57080,-2.74889,2.74889,-1.17810,-0.78540,0.39270,2.35619,2.74889
34.36
2.74889,-2.74889,-1.57080,0.78540,1.57080,3.14159,-2.74889,2.74889,-0.78540,1.96350,-2.74889,1.96350,2.74889,-2.74889,-1.96350,-1.17810,0.78540,2.74889,1.96350,-2.74889,-2.35619,0.78540,-0.39270,-0.78540,3.14159,-1.96350,1.57080,0.00000,0.39270,1.17810,3.14159,3.14159
36.25
3.14159,-2.74889,-1.17810,-1.57080,1.57080,3.14159,-1.96350,2.74889,-2.74889,-0.39270,0.78540,1.57080,2.74889,-2.74889,-1.57080,-0.39270,0.78540,3.14159,-2.74889,-2.74889,-1.57080,0.78540,1.17810,-2.74889,3.14159,-2.74889,1.17810,2.35619,0.78540,0.78540,3.14159,1.96350
37.50
3.14159,-2.74889,-2.74889,0.39270,2.35619,3.14159,-2.74889,3.14159,-1.57080,1.57080,-2.74889,0.00000,-2.35619,-2.74889,-1.57080,0.39270,-1.17810,2.74889,3.14159,-2.74889,-1.17810,0.00000,0.78540,0.78540,3.14159,-2.74889,-2.74889,0.39270,0.00000,1.57080,3.14159,-2.74889
46.46
3.14159,-2.74889,-1.96350,0.39270,0.78540,3.14159,-2.74889,3.14159,-0.39270,0.00000,-1.96350,1.17810,2.74889,-1.96350,-2.74889,0.39270,0.39270,3.14159,-2.74889,-2.74889,0.00000,0.00000,0.39270,1.57080,3.14159,-2.74889,-2.35619,-0.39270,1.57080,-2.74889,3.14159,3.14159
46.51
3.14159,-2.74889,-2.74889,-0.39270,1.57080,3.14159,-2.74889,3.14159,-1.17810,-0.78540,-2.35619,1.96350,2.74889,-2.74889,-2.74889,-0.78540,0.39270,3.14159,2.74889,-2.74889,-1.57080,0.00000,1.17810,-2.74889,3.14159,-2.74889,-1.57080,-0.39270,-0.78540,-0.39270,3.14159,-2.74889
48.49
3.14159,-1.96350,-2.74889,0.00000,2.35619,3.14159,-2.74889,-2.74889,-1.96350,0.39270,0.78540,2.35619,3.14159,-2.74889,-2.35619,1.17810,1.17810,3.14159,-2.74889,-2.74889,-1.17810,-0.39270,0.78540,-2.74889,3.14159,-2.74889,1.17810,-1.17810,0.78540,1.57080,3.14159,-2.74889
50.43
3.14159,-2.74889,-0.78540,-0.39270,0.00000,3.14159,-2.74889,3.14159,-1.96350,-0.39270,0.00000,1.96350,3.14159,-2.74889,-2.74889,0.39270,1.17810,3.14159,-2.74889,-2.74889,-0.39270,-0.39270,2.74889,1.57080,3.14159,-2.74889,-2.35619,0.00000,1.17810,-2.74889,3.14159,3.14159
53.48
-2.74889,-2.74889,-0.78540,0.78540,1.17810,3.14159,-2.74889,3.14159,-0.78540,1.57080,1.17810,2.74889,3.14159,-2.74889,-1.96350,0.78540,1.17810,2.74889,-2.74889,-2.74889,-0.78540,0.78540,1.57080,0.39270,3.14159,-2.74889,-1.96350,-0.78540,0.39270,-2.74889,3.14159,3.14159
54.81
-2.35619,-2.74889,-1.96350,0.00000,0.78540,3.14159,-2.74889,2.74889,-1.96350,0.00000,1.17810,0.78540,3.14159,-2.74889,-1.96350,0.00000,1.57080,2.35619,-2.74889,-2.74889,-2.35619,0.39270,0.00000,1.96350,3.14159,-2.74889,-1.96350,-0.39270,0.00000,-2.74889,3.14159,3.14159
55.07
-2.74889,-2.74889,-1.17810,1.17810,0.78540,3.14159,-2.74889,3.14159,-1.17810,1.57080,0.39270,1.96350,3.14159,-2.74889,-2.35619,-0.39270,0.39270,1.57080,-2.74889,-2.74889,-1.96350,0.00000,0.78540,0.39270,3.14159,-2.74889,-1.96350,-0.78540,0.39270,-2.74889,3.14159,3.14159
58.63
-2.35619,-2.74889,-2.35619,-1.17810,-0.78540,2.74889,-2.74889,3.14159,-1.57080,-0.39270,0.39270,1.17810,3.14159,-2.74889,-2.35619,-0.78540,0.78540,3.14159,-2.74889,-2.74889,-1.57080,-0.39270,1.17810,1.96350,3.14159,-2.74889,-2.35619,-0.78540,0.00000,0.39270,3.14159,3.14159
61.11
3.14159,-1.57080,-1.57080,0.78540,2.35619,3.14159,-2.74889,-2.74889,-0.78540,0.00000,0.39270,1.96350,3.14159,-2.74889,-1.57080,1.17810,-0.39270,3.14159,-2.74889,-2.74889,-0.78540,0.78540,1.17810,-2.74889,3.14159,-2.74889,-1.57080,0.00000,1.17810,2.35619,3.14159,-2.74889
63.25
3.14159,-2.74889,-2.74889,-0.39270,1.57080,3.14159,-2.74889,-2.74889,-1.96350,0.00000,-0.39270,1.96350,3.14159,-2.74889,-1.17810,-1.57080,0.78540,2.74889,-2.74889,-2.74889,-0.78540,0.78540,0.78540,1.57080,3.14159,-2.74889,-1.57080,-0.78540,1.57080,1.96350,3.14159,-2.74889
63.53
3.14159,-2.74889,-1.96350,0.00000,2.35619,3.14159,-2.74889,-2.74889,-1.17810,-0.39270,0.78540,1.96350,3.14159,-2.74889,-2.35619,0.39270,0.78540,3.14159,-2.74889,-2.74889,-0.39270,0.78540,1.57080,-2.74889,3.14159,-2.74889,-0.78540,0.00000,1.17810,2.74889,3.14159,-2.74889
66.82
3.14159,-2.74889,-1.57080,0.00000,1.17810,2.74889,-2.74889,-2.74889,-1.57080,-0.39270,0.78540,1.96350,3.14159,-2.74889,-1.96350,0.00000,0.78540,3.14159,-2.74889,-2.74889,-0.39270,1.17810,0.78540,-2.74889,3.14159,-2.74889,-1.57080,0.00000,0.78540,0.78540,3.14159,3.14159
67.44
3.14159,-2.74889,-1.57080,-0.39270,1.57080,3.14159,-2.74889,-2.74889,0.00000,-0.39270,0.78540,2.35619,3.14159,-2.74889,-1.57080,0.00000,0.39270,2.74889,-2.74889,-2.74889,-1.17810,1.17810,1.96350,-2.74889,3.14159,-2.74889,-1.17810,0.00000,1.57080,2.35619,3.14159,-2.74889
68.89
3.14159,-2.74889,-1.96350,-0.39270,1.96350,3.14159,-2.74889,-2.74889,-0.39270,-0.78540,0.78540,2.35619,3.14159,-2.74889,-1.57080,0.00000,0.39270,2.74889,-2.74889,-2.74889,-0.39270,0.00000,1.57080,-2.74889,3.14159,-2.74889,-0.78540,-0.39270,0.39270,1.57080,3.14159,-2.74889
69.75
3.14159,-2.74889,-1.96350,0.78540,1.57080,3.14159,-2.74889,-2.74889,-0.78540,-0.78540,0.00000,1.96350,3.14159,-2.74889,-1.96350,-0.39270,0.00000,2.74889,-2.74889,-2.74889,-1.17810,0.00000,1.57080,3.14159,3.14159,-2.74889,-1.57080,-0.39270,1.17810,1.57080,3.14159,-2.74889
70.28
3.14159,-2.74889,-0.78540,-0.39270,2.35619,2.35619,-2.74889,-2.74889,-1.57080,0.39270,0.00000,1.57080,3.14159,-2.74889,-1.57080,-0.39270,1.17810,2.35619,-2.74889,-2.74889,-1.17810,-0.39270,1.96350,-2.35619,3.14159,-2.74889,-1.96350,0.00000,0.78540,1.57080,3.14159,-2.74889
72.13
3.14159,-2.74889,-0.78540,0.00000,1.96350,3.14159,-2.74889,-2.74889,-0.39270,0.00000,0.39270,1.96350,3.14159,-2.74889,-1.57080,0.00000,1.17810,2.74889,-2.74889,-2.74889,-0.39270,0.39270,1.96350,-2.74889,3.14159,-2.74889,-0.78540,0.78540,0.78540,1.96350,3.14159,-2.74889
73.26
3.14159,-2.74889,-0.78540,0.00000,1.96350,2.74889,-2.74889,-2.74889,-1.17810,0.39270,0.00000,2.35619,3.14159,-2.74889,-1.17810,-0.78540,1.17810,3.14159,-2.74889,-2.74889,-1.17810,-0.39270,1.57080,1.57080,3.14159,-2.74889,-1.17810,0.00000,1.17810,2.35619,3.14159,-2.74889
73.59
3.14159,-2.74889,-1.57080,-0.39270,1.57080,3.14159,-2.74889,-2.74889,-1.17810,0.00000,0.39270,1.57080,3.14159,-2.74889,-1.17810,-0.39270,0.39270,3.14159,-2.74889,-2.74889,-1.57080,-0.39270,1.57080,2.74889,3.14159,-2.74889,-1.17810,0.00000,0.39270,2.35619,3.14159,-2.74889
74.21
3.14159,-2.74889,-1.17810,0.00000,1.57080,3.14159,-2.74889,-2.74889,-0.39270,-0.39270,1.17810,1.96350,3.14159,-2.74889,-1.57080,0.00000,0.39270,3.14159,-2.74889,-2.74889,-0.78540,0.78540,1.96350,1.96350,3.14159,-2.35619,-1.96350,0.00000,0.78540,1.96350,3.14159,-2.74889
74.49
3.14159,-2.74889,-1.57080,0.39270,1.17810,3.14159,-2.74889,-2.74889,-1.57080,-0.39270,0.39270,1.57080,3.14159,-2.74889,-0.78540,-0.39270,0.78540,3.14159,-2.74889,-2.74889,-0.39270,0.00000,1.17810,3.14159,3.14159,-2.35619,-1.57080,0.00000,0.39270,1.96350,3.14159,-2.74889
74.75
3.14159,-2.74889,-1.57080,0.39270,1.57080,2.74889,-2.74889,-2.74889,-1.17810,-1.17810,0.78540,1.57080,3.14159,-2.74889,-1.96350,-0.39270,0.78540,2.35619,-2.74889,-2.74889,-0.78540,0.39270,0.78540,0.39270,3.14159,-2.74889,-1.17810,-0.39270,1.17810,1.57080,3.14159,-2.74889
76.91
3.14159,-2.74889,-1.57080,0.00000,1.17810,3.14159,-2.74889,-2.74889,-1.57080,-0.39270,1.57080,1.96350,3.14159,-2.74889,-1.17810,-0.39270,0.39270,2.74889,-2.74889,-2.74889,-0.78540,0.00000,1.57080,2.74889,3.14159,-2.74889,-1.57080,0.00000,0.39270,1.96350,3.14159,-2.74889
77.27
3.14159,-2.74889,-1.17810,0.39270,1.17810,3.14159,-2.74889,-2.74889,-1.57080,0.39270,0.78540,1.96350,3.14159,-2.74889,-1.57080,-0.39270,1.17810,2.74889,-2.74889,-2.74889,-1.57080,0.39270,1.17810,3.14159,3.14159,-2.74889,-1.17810,0.00000,0.78540,1.96350,3.14159,-2.74889
77.48
3.14159,-2.74889,-0.78540,0.39270,1.96350,3.14159,-2.74889,-2.74889,-0.78540,0.00000,1.57080,1.96350,3.14159,-2.74889,-1.57080,-0.39270,0.39270,2.35619,-2.74889,-2.74889,-0.78540,0.39270,1.17810,1.57080,3.14159,-2.74889,-1.17810,0.00000,0.39270,1.96350,3.14159,-2.74889
77.90
3.14159,-2.74889,-1.57080,-0.39270,1.57080,3.14159,-2.74889,-2.74889,-1.17810,-0.39270,1.17810,1.57080,3.14159,-2.74889,-1.17810,-0.39270,0.78540,2.35619,-2.74889,-2.74889,-0.78540,0.39270,0.39270,2.74889,3.14159,-2.74889,-1.96350,-0.39270,0.39270,1.96350,3.14159,-2.74889
78.36
3.14159,-2.74889,-0.78540,0.39270,1.57080,3.14159,-2.74889,-2.74889,-1.57080,0.39270,1.17810,1.57080,3.14159,-2.74889,-1.17810,-0.39270,0.78540,2.74889,-2.74889,-2.74889,-0.78540,0.00000,1.57080,2.74889,3.14159,-2.74889,-1.17810,-0.39270,0.39270,1.96350,3.14159,-2.74889
79.30
3.14159,-2.74889,-1.17810,0.39270,0.78540,3.14159,-2.74889,-2.74889,-0.78540,0.39270,0.78540,1.96350,3.14159,-2.74889,-1.57080,-0.39270,1.17810,1.96350,-2.74889,-2.74889,-0.78540,-0.39270,1.17810,1.57080,3.14159,-2.74889,-1.17810,-0.78540,0.78540,2.35619,3.14159,-2.74889
81.69
3.14159,-2.74889,-1.17810,-0.39270,1.17810,3.14159,-2.74889,-2.74889,-1.17810,0.00000,1.17810,1.96350,3.14159,-2.74889,-1.57080,-0.39270,0.78540,2.35619,-2.74889,-2.74889,-0.78540,0.00000,1.57080,2.35619,3.14159,-2.74889,-1.57080,-0.39270,0.78540,1.96350,3.14159,-2.74889
82.76
3.14159,-2.74889,-0.78540,0.39270,1.17810,2.74889,-2.74889,-2.74889,-1.17810,0.00000,0.78540,1.96350,3.14159,-2.74889,-1.17810,-0.39270,0.78540,2.74889,-2.74889,-2.74889,-0.78540,0.00000,1.17810,2.35619,3.14159,-2.74889,-1.17810,0.00000,0.78540,1.96350,3.14159,-2.74889
85.17
3.14159,-2.74889,-1.17810,0.39270,1.17810,1.96350,-2.74889,-2.74889,-1.17810,-0.39270,0.39270,1.57080,3.14159,-2.74889,-1.57080,-0.39270,0.78540,1.96350,-2.74889,-2.74889,-1.17810,0.00000,0.78540,1.96350,3.14159,-2.74889,-1.57080,0.00000,0.39270,1.96350,3.14159,-2.74889
85.17
3.14159,-2.74889,-1.17810,-0.39270,1.17810,2.35619,-2.74889,-2.74889,-1.17810,-0.39270,0.78540,1.96350,3.14159,-2.74889,-1.57080,-0.39270,0.39270,2.35619,-2.74889,-2.35619,-1.17810,0.39270,0.78540,2.35619,3.14159,-2.74889,-1.17810,-0.39270,0.78540,1.57080,2.74889,-2.74889
85.64
3.14159,-2.74889,-1.17810,0.00000,1.17810,2.35619,-2.74889,-2.74889,-1.17810,0.00000,0.39270,1.57080,3.14159,-2.74889,-1.17810,-0.39270,0.78540,1.96350,3.14159,-2.74889,-1.17810,0.00000,1.17810,1.96350,3.14159,-2.74889,-1.57080,0.00000,0.78540,1.17810,3.14159,-2.74889
85.66
3.14159,-2.74889,-1.57080,0.00000,1.17810,2.35619,-2.74889,-2.74889,-1.17810,-0.39270,1.17810,1.57080,3.14159,-2.74889,-1.17810,-0.39270,0.78540,1.96350,3.14159,-2.74889,-1.17810,0.00000,1.17810,1.96350,3.14159,-2.74889,-1.57080,-0.78540,0.78540,1.57080,3.14159,-2.74889
85.83
3.14159,-2.74889,-1.17810,-0.39270,0.78540,2.35619,-2.74889,-2.74889,-1.57080,-0.39270,0.78540,1.96350,3.14159,-2.74889,-1.57080,-0.39270,0.78540,1.57080,3.14159,-2.74889,-1.17810,0.00000,0.78540,1.96350,3.14159,-2.74889,-1.57080,-0.39270,0.39270,1.96350,3.14159,-2.74889
86.52
3.14159,-2.74889,-1.17810,-0.39270,1.17810,1.96350,-2.74889,-2.35619,-1.17810,-0.39270,0.78540,1.57080,3.14159,-2.74889,-1.57080,-0.39270,0.78540,1.96350,-2.74889,-2.74889,-1.17810,0.00000,1.17810,2.35619,3.14159,-2.74889,-1.57080,-0.39270,0.78540,1.96350,3.14159,-2.74889
86.72
3.14159,-2.74889,-1.17810,0.00000,1.17810,2.35619,-2.74889,-2.74889,-1.17810,-0.39270,0.78540,1.57080,3.14159,-2.74889,-1.57080,-0.78540,0.78540,1.96350,-2.74889,-2.35619,-1.17810,0.00000,0.78540,2.35619,2.74889,-2.74889,-1.17810,-0.39270,0.39270,1.57080,2.74889,-2.74889
86.81
3.14159,-2.74889,-1.17810,-0.39270,0.78540,1.96350,-2.74889,-2.35619,-1.17810,-0.39270,0.39270,1.96350,3.14159,-2.74889,-1.57080,-0.39270,0.78540,1.57080,-2.74889,-2.35619,-1.17810,-0.39270,0.78540,1.96350,2.74889,-2.74889,-1.57080,-0.78540,0.78540,1.57080,3.14159,-2.74889
86.93
3.14159,-2.74889,-1.17810,-0.39270,0.78540,2.35619,-2.74889,-1.96350,-1.17810,-0.39270,0.78540,1.96350,3.14159,-2.74889,-1.57080,-0.39270,0.78540,1.96350,-2.74889,-2.35619,-1.17810,0.00000,0.78540,1.96350,2.74889,-2.74889,-1.57080,-0.78540,0.39270,1.57080,3.14159,-2.74889
87.20
2.74889,-2.74889,-1.17810,-0.39270,1.17810,2.35619,-2.74889,-2.74889,-1.17810,-0.39270,0.78540,1.57080,3.14159,-2.35619,-1.57080,-0.39270,0.78540,1.96350,-2.74889,-2.35619,-1.17810,0.00000,1.17810,2.35619,3.14159,-2.74889,-1.57080,-0.39270,0.78540,1.57080,3.14159,-2.74889
87.45
-2.74889,-1.96350,-1.17810,0.00000,1.17810,2.35619,-2.74889,-2.74889,-1.17810,0.00000,0.39270,1.57080,3.14159,-2.74889,-1.17810,-0.39270,0.78540,1.96350,-2.74889,-1.96350,-1.17810,0.00000,1.17810,1.96350,3.14159,-2.74889,-1.17810,-0.39270,0.78540,1.57080,3.14159,-1.96350
88.38
-2.74889,-2.35619,-1.17810,0.00000,1.17810,1.96350,-2.74889,-2.74889,-1.17810,-0.39270,0.78540,1.57080,3.14159,-2.74889,-1.17810,-0.39270,0.78540,1.96350,-2.74889,-1.96350,-1.17810,0.00000,1.17810,2.35619,3.14159,-2.35619,-1.17810,-0.39270,0.78540,1.96350,3.14159,-2.35619
88.39
-2.74889,-2.35619,-1.17810,0.00000,1.17810,2.35619,-2.74889,-2.35619,-1.17810,0.00000,1.17810,1.96350,3.14159,-2.74889,-1.17810,0.00000,0.78540,1.96350,-2.74889,-1.96350,-0.78540,0.39270,1.17810,2.35619,3.14159,-2.74889,-1.57080,-0.39270,0.78540,1.96350,3.14159,-2.35619
88.56
-2.74889,-1.96350,-0.78540,0.00000,1.17810,2.35619,-2.74889,-2.35619,-1.17810,-0.39270,0.78540,1.57080,3.14159,-2.74889,-1.17810,-0.39270,0.78540,1.96350,-2.74889,-1.96350,-1.17810,0.00000,1.17810,1.96350,3.14159,-2.74889,-1.17810,-0.39270,0.78540,1.96350,3.14159,-2.35619
89.10
-2.74889,-1.96350,-1.17810,0.00000,1.17810,2.35619,-2.74889,-2.35619,-1.17810,-0.39270,0.39270,1.96350,2.74889,-2.74889,-1.17810,-0.39270,0.78540,1.96350,-2.74889,-1.96350,-0.78540,0.00000,1.17810,2.35619,3.14159,-2.35619,-1.17810,-0.39270,0.78540,1.96350,3.14159,-2.35619
89.33
-2.74889,-1.96350,-0.78540,0.00000,1.17810,2.35619,-2.74889,-1.96350,-1.17810,-0.39270,0.78540,1.96350,2.74889,-2.74889,-1.17810,-0.39270,0.78540,1.96350,-2.74889,-1.96350,-0.78540,0.00000,1.17810,2.35619,3.14159,-2.35619,-1.57080,-0.39270,0.78540,1.96350,3.14159,-2.35619
89.50
-2.74889,-2.35619,-1.17810,0.00000,1.17810,2.35619,-2.74889,-2.35619,-1.17810,-0.39270,0.78540,1.96350,2.74889,-2.74889,-1.17810,-0.39270,0.78540,1.96350,-2.74889,-1.96350,-0.78540,0.00000,1.17810,2.35619,3.14159,-2.35619,-1.17810,-0.39270,0.78540,1.96350,3.14159,-2.35619
89.57
-2.74889,-1.96350,-1.17810,0.00000,1.17810,2.35619,-2.74889,-1.96350,-1.17810,-0.39270,0.78540,1.96350,3.14159,-2.74889,-1.17810,0.00000,0.78540,1.96350,-2.74889,-1.96350,-0.78540,0.00000,1.17810,1.96350,3.14159,-1.96350,-1.17810,-0.39270,0.78540,1.96350,3.14159,-1.96350
89.67
-2.74889,-1.96350,-1.17810,0.00000,1.17810,2.35619,-2.74889,-1.96350,-1.17810,-0.39270,0.78540,1.96350,3.14159,-2.74889,-1.17810,0.00000,0.78540,1.96350,-2.74889,-1.96350,-0.78540,0.00000,1.17810,1.96350,3.14159,-2.35619,-1.17810,-0.39270,0.78540,1.96350,3.14159,-2.35619
90.02
-2.74889,-2.35619,-1.17810,0.00000,1.17810,1.96350,-2.74889,-1.96350,-1.17810,-0.39270,0.78540,1.96350,3.14159,-2.35619,-1.17810,-0.39270,0.78540,1.96350,-2.74889,-1.96350,-0.78540,0.00000,1.17810,2.35619,3.14159,-2.35619,-1.17810,-0.39270,0.78540,1.96350,3.14159,-2.35619
90.42
-2.74889,-2.35619,-1.17810,0.00000,1.17810,2.35619,-2.74889,-1.96350,-1.17810,0.00000,0.78540,1.96350,3.14159,-2.35619,-1.17810,0.00000,0.78540,1.96350,-2.74889,-1.96350,-0.78540,0.39270,1.17810,2.35619,3.14159,-2.35619,-1.17810,-0.39270,0.78540,1.96350,3.14159,-2.35619
90.54
-2.74889,-1.96350,-0.78540,0.39270,1.17810,2.35619,-2.74889,-1.96350,-1.17810,0.00000,0.78540,1.96350,3.14159,-2.35619,-1.17810,0.00000,0.78540,1.96350,-2.74889,-1.96350,-0.78540,0.39270,1.17810,2.35619,3.14159,-2.35619,-1.17810,-0.39270,0.78540,1.96350,3.14159,-2.35619
90.61
-2.74889,-1.96350,-1.17810,0.00000,1.17810,2.35619,-2.74889,-1.96350,-0.78540,0.00000,0.78540,1.96350,3.14159,-2.35619,-1.17810,0.00000,0.78540,1.96350,-2.74889,-1.96350,-0.78540,0.00000,1.17810,1.96350,3.14159,-2.35619,-1.17810,-0.39270,0.78540,1.96350,3.14159,-1.96350
90.91
-2.74889,-1.96350,-1.17810,0.00000,1.17810,2.35619,-2.74889,-1.96350,-0.78540,0.00000,0.78540,1.96350,3.14159,-2.35619,-1.17810,0.00000,1.17810,1.96350,-2.74889,-1.96350,-0.78540,0.00000,1.17810,2.35619,3.14159,-2.35619,-1.17810,-0.39270,0.78540,1.96350,3.14159,-1.96350
90.99
-2.74889,-1.96350,-0.78540,0.00000,1.17810,2.35619,-2.74889,-1.96350,-0.78540,0.00000,0.78540,1.96350,3.14159,-2.35619,-1.17810,0.00000,1.17810,1.96350,-2.74889,-1.96350,-0.78540,0.00000,1.17810,2.35619,3.14159,-1.96350,-1.17810,-0.39270,0.78540,1.96350,3.14159,-1.96350
91.04
-2.74889,-1.96350,-1.17810,0.00000,1.17810,2.35619,-2.74889,-1.96350,-0.78540,0.00000,0.78540,1.96350,3.14159,-2.35619,-1.17810,0.00000,1.17810,1.96350,-2.74889,-1.96350,-0.78540,0.00000,1.17810,2.35619,3.14159,-1.96350,-1.17810,0.00000,0.78540,1.96350,3.14159,-1.96350
91.36
-2.74889,-1.96350,-0.78540,0.00000,1.17810,2.35619,-2.74889,-1.96350,-0.78540,0.00000,0.78540,1.96350,3.14159,-2.35619,-1.17810,0.00000,1.17810,1.96350,-2.74889,-1.96350,-0.78540,0.39270,1.17810,2.35619,3.14159,-1.96350,-1.17810,0.00000,0.78540,1.96350,3.14159,-1.96350
91.46
-2.74889,-1.96350,-0.78540,0.39270,1.17810,2.35619,-2.74889,-1.96350,-0.78540,0.00000,0.78540,1.96350,3.14159,-2.35619,-1.17810,0.00000,1.17810,2.35619,-2.74889,-1.96350,-0.78540,0.00000,1.17810,2.35619,3.14159,-2.35619,-1.17810,0.00000,0.78540,1.96350,3.14159,-1.96350
91.72
-2.74889,-1.96350,-0.78540,0.39270,1.17810,2.35619,-2.74889,-1.96350,-0.78540,0.00000,0.78540,1.96350,3.14159,-2.35619,-1.17810,0.00000,1.17810,2.35619,-2.74889,-1.96350,-0.78540,0.39270,1.57080,2.35619,3.14159,-1.96350,-1.17810,0.00000,0.78540,1.96350,3.14159,-1.96350
91.74
-2.74889,-1.96350,-0.78540,0.39270,1.17810,2.35619,-2.74889,-1.96350,-0.78540,0.00000,0.78540,1.96350,3.14159,-2.35619,-1.17810,0.00000,1.17810,2.35619,-2.74889,-1.96350,-0.78540,0.39270,1.17810,2.35619,3.14159,-1.96350,-1.17810,0.00000,0.78540,1.96350,3.14159,-1.96350
91.74
-2.74889,-1.96350,-0.78540,0.39270,1.57080,2.35619,-2.74889,-1.96350,-0.78540,0.00000,1.17810,1.96350,3.14159,-2.35619,-1.17810,0.00000,1.17810,2.35619,-2.74889,-1.96350,-0.78540,0.39270,1.57080,2.35619,3.14159,-1.96350,-1.17810,0.00000,0.78540,1.96350,3.14159,-1.96350
91.80
-2.74889,-1.96350,-0.78540,0.39270,1.57080,2.35619,-2.74889,-1.96350,-0.78540,0.00000,0.78540,1.96350,3.14159,-1.96350,-1.17810,0.00000,1.17810,2.35619,-2.74889,-1.96350,-0.78540,0.39270,1.57080,2.35619,3.14159,-1.96350,-1.17810,0.00000,0.78540,1.96350,3.14159,-1.96350
91.86
-2.74889,-1.96350,-0.78540,0.39270,1.57080,2.35619,-2.74889,-1.96350,-0.78540,0.00000,1.17810,1.96350,3.14159,-1.96350,-1.17810,0.00000,1.17810,2.35619,-2.74889,-1.96350,-0.78540,0.39270,1.57080,2.35619,3.14159,-1.96350,-1.17810,0.00000,0.78540,1.96350,3.14159,-1.96350
