0.93
0.00000,0.00000,0.00000,0.00000,0.00000,0.00000,0.00000,0.00000,0.00000,0.00000,0.00000,0.00000,0.00000,0.00000,0.00000,0.00000,0.00000,0.00000,0.00000,0.00000,0.00000,0.00000,0.00000,0.00000,0.00000,0.00000,0.00000,0.00000,0.00000,0.00000,0.00000,0.00000
2.45
1.17810,0.00000,0.78540,0.39270,-1.17810,-0.78540,-0.78540,-0.78540,-0.39270,1.96350,0.00000,0.39270,0.00000,0.39270,-0.39270,-0.78540,0.78540,0.78540,-0.78540,0.00000,0.39270,0.78540,-0.78540,1.17810,0.39270,0.00000,-0.78540,0.78540,1.96350,0.00000,0.00000,1.17810
3.23
-1.57080,1.17810,-0.78540,0.00000,-1.57080,-0.78540,-0.78540,-1.17810,-1.17810,1.57080,0.78540,0.00000,0.78540,0.39270,-1.57080,-0.39270,0.78540,1.57080,-0.78540,-1.17810,0.39270,-0.78540,-2.35619,0.00000,-0.39270,0.39270,-1.57080,1.57080,2.35619,1.17810,1.57080,2.35619
10.55
-2.74889,3.14159,-0.39270,0.39270,-0.78540,1.96350,-2.35619,0.39270,-1.57080,-0.39270,3.14159,-0.39270,3.14159,-1.96350,-0.39270,-1.57080,1.17810,-0.78540,-2.74889,2.35619,-1.17810,0.00000,-1.57080,-0.39270,-1.17810,-0.78540,2.74889,0.78540,1.96350,-0.39270,0.00000,0.00000
16.92
-1.17810,1.17810,-1.57080,1.96350,-2.74889,-2.74889,-1.57080,-1.57080,-2.35619,2.74889,1.57080,-2.74889,0.78540,-1.57080,-2.74889,-2.74889,2.35619,1.96350,-2.35619,3.14159,-1.17810,-0.78540,-2.74889,3.14159,3.14159,1.96350,-2.74889,3.14159,-0.78540,0.39270,-1.17810,3.14159
29.31
3.14159,-2.35619,1.57080,-2.74889,0.00000,1.17810,1.17810,3.14159,3.14159,-1.57080,-1.96350,-1.17810,-1.57080,0.00000,2.35619,1.17810,-1.96350,-0.39270,-0.78540,0.00000,1.96350,-0.39270,-2.74889,2.74889,-1.96350,-2.74889,0.00000,0.39270,1.96350,-1.96350,-1.17810,1.17810
29.62
1.17810,-2.35619,-2.74889,-2.74889,-0.39270,-1.96350,0.00000,0.39270,1.96350,2.74889,2.74889,2.74889,-0.39270,0.78540,1.96350,2.74889,-2.74889,-2.74889,0.00000,-0.39270,2.74889,2.74889,1.57080,-1.96350,-2.74889,-1.17810,2.35619,-1.57080,1.96350,-1.96350,-2.74889,1.57080
38.23
2.35619,2.74889,2.74889,-2.74889,-1.17810,-2.35619,1.17810,-1.17810,1.57080,3.14159,1.96350,-2.74889,-1.57080,0.00000,2.74889,0.39270,1.96350,-2.74889,-2.74889,-0.78540,0.00000,-2.35619,2.35619,1.96350,-2.74889,-0.78540,1.17810,-0.39270,2.35619,2.35619,-2.74889,-2.74889
40.20
1.17810,3.14159,2.74889,-2.74889,-2.35619,-2.74889,-1.57080,-1.96350,1.17810,2.74889,-2.74889,0.00000,-2.74889,-0.78540,0.39270,2.74889,3.14159,3.14159,-2.74889,-1.57080,-1.57080,2.35619,2.74889,1.57080,3.14159,-2.74889,-1.17810,-2.35619,0.00000,1.57080,-2.74889,3.14159
40.38
1.96350,3.14159,2.35619,-2.74889,-1.17810,-2.74889,-0.78540,-2.35619,0.78540,2.74889,-2.74889,-2.35619,-2.74889,-1.17810,0.78540,2.74889,3.14159,1.96350,-2.74889,0.39270,0.00000,2.35619,2.74889,2.74889,3.14159,-2.74889,-0.39270,-1.17810,2.35619,0.78540,-2.74889,3.14159
41.21
0.78540,3.14159,2.74889,-2.74889,-0.39270,-0.39270,1.17810,3.14159,-2.74889,3.14159,-2.74889,-2.74889,-1.96350,-1.17810,0.39270,1.57080,3.14159,3.14159,-2.74889,0.39270,2.35619,-2.35619,3.14159,2.74889,-2.74889,-2.74889,-0.39270,1.17810,1.57080,-0.39270,-2.74889,-2.74889
45.95
-0.39270,-0.39270,-2.74889,-2.74889,0.00000,0.78540,1.57080,2.35619,-2.74889,3.14159,-2.35619,0.39270,-1.17810,1.57080,1.96350,1.96350,1.17810,-1.17810,-1.96350,0.39270,0.78540,-2.74889,1.96350,-2.35619,-2.74889,-1.96350,-0.78540,0.78540,2.74889,3.14159,-2.74889,-2.35619
47.52
2.35619,0.39270,1.96350,-2.74889,-2.74889,-0.39270,-0.39270,2.35619,0.39270,1.96350,2.74889,-2.74889,-1.57080,-0.39270,0.39270,2.35619,2.74889,-2.74889,-2.35619,0.78540,0.39270,-0.39270,0.78540,2.74889,0.00000,-1.17810,0.78540,-0.78540,2.35619,2.35619,-2.74889,-1.57080
48.51
1.57080,1.96350,2.74889,-2.35619,-2.74889,-1.17810,-1.57080,-0.39270,-1.17810,3.14159,-2.74889,-2.35619,-2.74889,-0.78540,0.00000,1.17810,2.35619,-2.74889,-2.74889,-0.39270,-0.78540,0.39270,-0.78540,0.78540,3.14159,-1.57080,-0.78540,-1.17810,3.14159,2.74889,-2.74889,3.14159
52.52
0.39270,2.35619,-2.74889,-2.74889,-2.74889,-1.17810,0.00000,2.74889,-2.74889,3.14159,-2.74889,-1.17810,-1.96350,2.35619,2.74889,2.35619,2.35619,-2.74889,-2.35619,0.78540,1.17810,-2.35619,3.14159,3.14159,-2.74889,-1.96350,-0.39270,0.78540,2.35619,2.74889,-2.74889,-2.74889
53.05
0.39270,1.96350,2.74889,-2.74889,-2.74889,-1.96350,0.78540,0.39270,1.96350,3.14159,3.14159,-2.74889,-1.96350,-0.78540,-1.17810,1.96350,2.35619,-0.78540,0.39270,0.00000,1.17810,1.17810,2.35619,2.35619,2.35619,-2.35619,0.39270,-0.39270,2.35619,3.14159,-2.74889,-2.35619
59.19
-0.78540,1.17810,-2.74889,-2.74889,-2.74889,0.00000,0.39270,2.74889,-0.78540,3.14159,-2.74889,-1.57080,-0.39270,0.00000,1.57080,2.35619,3.14159,-1.57080,-2.35619,0.39270,0.00000,0.00000,2.74889,2.74889,-2.74889,-2.74889,1.17810,0.39270,1.96350,3.14159,-2.74889,-2.74889
61.43
1.17810,3.14159,-2.74889,-2.74889,-2.74889,-1.96350,1.17810,2.74889,1.96350,3.14159,-2.74889,-0.78540,0.78540,-0.39270,1.96350,3.14159,3.14159,-2.35619,-2.74889,-0.78540,1.17810,1.96350,2.74889,3.14159,-2.74889,-2.74889,0.00000,0.39270,3.14159,3.14159,-2.74889,-2.74889
63.21
1.17810,2.74889,0.78540,-2.74889,-2.74889,-0.78540,0.00000,2.74889,-0.39270,3.14159,-1.57080,-2.74889,-0.39270,0.00000,1.57080,0.39270,3.14159,-1.96350,-0.78540,-0.39270,1.17810,1.17810,2.74889,1.96350,-1.57080,-1.96350,0.39270,1.17810,1.57080,2.35619,-2.35619,-1.96350
67.61
0.78540,1.96350,-2.74889,-2.74889,-2.74889,-1.96350,0.78540,0.78540,2.35619,3.14159,-2.74889,-2.74889,-1.57080,0.39270,2.35619,2.74889,2.74889,-2.35619,0.00000,0.39270,0.78540,1.17810,-2.74889,2.74889,-2.74889,-2.35619,-0.78540,-1.17810,3.14159,2.74889,-2.74889,-2.74889
68.88
0.39270,2.74889,-2.35619,-2.74889,0.00000,-0.39270,1.17810,1.96350,-2.74889,3.14159,-2.74889,-0.78540,-2.74889,0.39270,1.96350,3.14159,-2.74889,-2.74889,-1.17810,0.39270,1.96350,1.57080,3.14159,3.14159,-2.74889,-2.74889,0.39270,-1.17810,1.57080,-2.74889,-2.74889,-1.57080
79.57
0.78540,2.74889,-2.74889,-2.74889,-2.74889,-1.17810,1.17810,1.17810,0.00000,3.14159,-2.74889,-2.74889,-1.57080,0.78540,0.78540,3.14159,3.14159,-2.74889,-2.35619,-0.39270,0.39270,0.78540,3.14159,3.14159,-2.74889,-0.78540,-1.57080,0.00000,1.57080,2.74889,-2.74889,-2.74889
83.75
-0.78540,2.74889,-2.74889,-2.74889,-2.74889,0.00000,0.00000,1.57080,-2.74889,3.14159,-2.74889,-2.74889,-1.57080,-0.39270,1.96350,1.57080,3.14159,-2.74889,-2.35619,-0.39270,0.00000,0.78540,2.35619,3.14159,-2.74889,-1.57080,-1.17810,0.00000,1.17810,2.74889,-2.35619,-2.74889
91.27
0.00000,2.35619,-2.74889,-2.74889,-2.35619,-0.39270,-1.17810,1.57080,-2.74889,3.14159,-2.74889,-2.74889,-1.57080,-0.39270,1.17810,2.35619,3.14159,-2.74889,-2.35619,-0.78540,0.39270,0.39270,2.74889,3.14159,-2.74889,-0.78540,-0.78540,0.00000,0.39270,1.96350,-2.74889,-2.74889
98.07
1.57080,2.74889,-2.74889,-2.74889,-1.96350,-0.39270,0.78540,1.96350,2.74889,3.14159,-2.74889,-1.17810,-0.39270,0.00000,0.78540,3.14159,-2.74889,-2.74889,-0.78540,-0.39270,1.17810,1.96350,2.74889,3.14159,-2.74889,-2.74889,0.39270,0.00000,1.17810,3.14159,-2.74889,-2.74889
106.72
1.17810,1.96350,-2.74889,-2.74889,-1.17810,-0.78540,-0.39270,1.57080,1.96350,3.14159,-2.74889,-2.35619,-0.39270,0.78540,1.96350,2.35619,-2.74889,-2.74889,-1.57080,-0.39270,0.39270,1.17810,3.14159,2.74889,-2.74889,-2.35619,-0.78540,0.39270,0.78540,1.57080,-2.74889,-2.74889
112.30
0.78540,2.35619,-2.74889,-2.74889,-1.17810,-0.39270,0.00000,1.57080,2.74889,3.14159,-2.74889,-1.96350,-0.39270,0.39270,1.17810,2.74889,-2.74889,-2.74889,-1.57080,-0.39270,0.78540,2.35619,3.14159,3.14159,-2.35619,-1.96350,0.00000,0.39270,1.57080,2.35619,-2.74889,-2.74889
112.77
0.78540,1.96350,-2.74889,-2.74889,-1.57080,-0.39270,0.39270,1.57080,2.74889,3.14159,-2.74889,-1.57080,0.00000,0.39270,1.57080,2.35619,-2.74889,-2.74889,-1.57080,0.39270,0.39270,1.96350,2.74889,3.14159,-2.74889,-1.96350,-0.78540,0.78540,1.57080,1.96350,-2.74889,-2.74889
114.41
0.78540,1.57080,-2.74889,-2.74889,-1.57080,-0.78540,0.39270,1.17810,3.14159,3.14159,-2.74889,-1.96350,-0.39270,0.00000,1.17810,1.57080,-2.74889,-2.74889,-1.17810,-0.39270,0.39270,1.17810,2.74889,3.14159,-2.74889,-1.57080,0.00000,0.39270,1.57080,2.35619,-2.74889,-2.74889
115.19
1.17810,2.74889,-2.74889,-2.74889,-1.17810,-0.78540,0.78540,1.57080,2.74889,3.14159,-2.74889,-1.57080,-0.39270,0.78540,1.17810,2.35619,-2.74889,-2.74889,-1.17810,-0.39270,0.78540,1.96350,3.14159,3.14159,-2.74889,-1.57080,-0.78540,0.39270,0.78540,2.35619,-2.74889,-2.74889
115.62
1.57080,2.74889,-2.74889,-2.74889,-1.17810,0.00000,0.78540,1.57080,2.74889,3.14159,-2.74889,-1.96350,-0.78540,0.39270,1.57080,2.74889,-2.74889,-2.74889,-1.17810,0.00000,0.78540,1.96350,2.74889,3.14159,-2.74889,-1.17810,-0.39270,0.00000,1.57080,2.35619,-2.74889,-2.74889
117.36
1.17810,1.96350,-2.74889,-2.74889,-1.17810,-0.39270,0.39270,1.57080,2.35619,3.14159,-2.74889,-1.57080,-0.78540,0.39270,1.57080,1.96350,-2.74889,-2.74889,-1.17810,0.00000,1.17810,1.57080,2.74889,3.14159,-2.74889,-1.96350,-0.39270,0.39270,1.96350,2.35619,-2.74889,-2.74889
117.74
0.78540,2.35619,-2.74889,-2.74889,-1.17810,-0.39270,0.00000,1.57080,2.74889,3.14159,-2.74889,-1.57080,-1.17810,0.39270,1.17810,2.35619,-2.74889,-2.74889,-1.17810,-0.39270,0.78540,1.57080,3.14159,3.14159,-2.74889,-1.17810,0.00000,0.78540,1.17810,1.96350,-2.74889,-1.96350
117.93
1.57080,1.96350,-2.74889,-2.74889,-1.17810,-0.39270,0.78540,1.96350,2.74889,3.14159,-2.74889,-1.57080,-0.78540,0.39270,1.17810,1.96350,-2.74889,-2.74889,-0.78540,-0.39270,0.39270,1.57080,3.14159,3.14159,-2.74889,-1.57080,-0.39270,0.39270,1.17810,2.74889,-2.74889,-2.35619
119.31
1.57080,2.35619,-2.74889,-2.74889,-1.17810,-0.78540,0.39270,1.57080,2.35619,3.14159,-2.74889,-1.57080,-0.39270,0.39270,1.17810,2.35619,-2.74889,-2.74889,-1.17810,0.00000,0.78540,1.57080,3.14159,3.14159,-2.74889,-1.96350,-0.78540,0.39270,1.17810,2.35619,-2.74889,-2.35619
121.05
1.17810,1.96350,-2.74889,-2.74889,-1.17810,-0.39270,0.39270,1.17810,2.35619,3.14159,-2.74889,-1.17810,-0.39270,0.39270,1.57080,2.35619,-2.74889,-2.74889,-1.17810,0.00000,0.78540,1.57080,2.74889,3.14159,-2.74889,-1.17810,-0.78540,0.78540,1.17810,2.35619,-2.74889,-2.35619
122.66
1.17810,1.96350,-2.74889,-2.74889,-1.57080,-0.39270,0.39270,1.17810,2.74889,3.14159,-2.74889,-1.57080,-0.78540,0.39270,1.17810,1.96350,-2.74889,-2.74889,-1.17810,-0.39270,0.39270,1.57080,2.74889,3.14159,-2.74889,-1.57080,-0.78540,0.39270,1.17810,1.96350,-2.74889,-2.35619
123.70
1.17810,1.96350,-2.74889,-2.74889,-1.17810,-0.39270,0.39270,1.57080,2.35619,3.14159,-2.74889,-1.57080,-0.78540,0.39270,1.17810,1.96350,-2.74889,-2.74889,-1.17810,-0.39270,0.78540,1.57080,2.74889,3.14159,-2.74889,-1.17810,-0.39270,0.39270,1.17810,2.35619,-2.74889,-1.96350
123.85
1.17810,1.96350,-2.74889,-2.74889,-1.17810,-0.39270,0.39270,1.57080,2.74889,3.14159,-2.35619,-1.57080,-0.78540,0.39270,1.17810,2.35619,-2.74889,-2.74889,-1.17810,-0.39270,0.78540,1.57080,2.35619,3.14159,-2.35619,-1.57080,-0.39270,0.39270,1.57080,1.96350,-2.74889,-1.96350
124.22
1.17810,1.96350,-2.74889,-2.74889,-1.17810,-0.78540,0.39270,1.17810,1.96350,3.14159,-2.74889,-1.96350,-0.78540,0.39270,1.17810,2.35619,-2.74889,-1.96350,-1.17810,0.00000,0.78540,1.57080,2.35619,3.14159,-2.35619,-1.57080,-0.39270,0.39270,1.57080,1.96350,-2.74889,-1.96350
124.28
1.17810,1.57080,-2.74889,-2.74889,-1.17810,-0.78540,0.39270,1.17810,1.96350,3.14159,-2.74889,-1.57080,-0.78540,0.00000,1.17810,1.96350,-2.74889,-2.35619,-1.17810,-0.39270,0.78540,1.57080,2.35619,3.14159,-2.35619,-1.57080,-0.39270,0.00000,1.17810,2.35619,-2.74889,-2.35619
125.66
1.17810,2.35619,-2.74889,-2.35619,-1.17810,-0.78540,0.78540,1.57080,2.35619,3.14159,-2.74889,-1.57080,-0.39270,0.39270,1.17810,2.35619,-2.74889,-2.35619,-1.17810,-0.39270,0.78540,1.57080,2.74889,3.14159,-2.35619,-1.57080,0.00000,0.39270,1.57080,2.35619,-2.74889,-1.96350
125.68
1.17810,1.96350,-2.74889,-2.35619,-1.17810,-0.39270,0.39270,1.17810,1.57080,3.14159,-2.74889,-1.57080,-0.78540,0.39270,1.17810,1.96350,-2.74889,-2.35619,-1.17810,-0.39270,0.78540,1.57080,2.35619,3.14159,-1.96350,-1.57080,-0.78540,0.39270,1.17810,2.35619,-2.74889,-1.96350
125.73
1.17810,1.96350,-2.74889,-2.35619,-1.17810,-0.39270,0.78540,1.57080,2.74889,3.14159,-2.74889,-1.57080,-0.39270,0.39270,0.78540,1.96350,-2.74889,-2.35619,-1.17810,-0.39270,0.78540,1.57080,2.35619,3.14159,-2.35619,-1.17810,-0.39270,0.39270,1.17810,2.35619,-2.74889,-1.96350
126.07
1.17810,1.96350,-2.74889,-2.35619,-1.17810,-0.39270,0.78540,1.17810,2.35619,3.14159,-2.74889,-1.57080,-0.39270,0.00000,1.17810,1.96350,-2.74889,-2.35619,-1.17810,-0.39270,0.39270,1.57080,2.35619,3.14159,-2.35619,-1.17810,-0.78540,0.39270,1.17810,1.96350,-2.74889,-1.96350
126.73
1.17810,1.96350,-2.74889,-2.35619,-1.17810,0.00000,0.39270,1.17810,2.35619,3.14159,-2.74889,-1.57080,-0.39270,0.39270,1.17810,1.96350,-2.74889,-1.96350,-1.17810,-0.39270,0.78540,1.96350,2.74889,3.14159,-2.35619,-1.17810,-0.39270,0.39270,1.17810,2.35619,-2.74889,-1.96350
126.92
1.17810,1.96350,-2.74889,-2.35619,-1.17810,-0.39270,0.39270,1.17810,2.35619,3.14159,-2.74889,-1.57080,-0.78540,0.39270,1.17810,1.96350,-2.74889,-2.35619,-1.17810,-0.39270,0.78540,1.57080,2.35619,3.14159,-2.35619,-1.57080,-0.39270,0.39270,1.57080,1.96350,-2.74889,-1.96350
127.10
1.17810,2.35619,-2.74889,-2.35619,-1.17810,0.00000,0.39270,1.17810,2.35619,3.14159,-2.35619,-1.57080,-0.39270,0.39270,1.17810,1.96350,-2.74889,-1.96350,-0.78540,0.00000,0.78540,1.57080,2.35619,3.14159,-2.35619,-1.17810,-0.39270,0.39270,1.57080,2.35619,-2.74889,-1.96350
127.28
1.17810,2.35619,-2.74889,-2.35619,-1.17810,-0.39270,0.39270,1.57080,2.35619,3.14159,-2.74889,-1.57080,-0.39270,0.39270,1.17810,1.96350,-2.74889,-2.35619,-1.17810,-0.39270,0.78540,1.57080,2.74889,3.14159,-2.35619,-1.17810,-0.39270,0.39270,1.17810,2.35619,-2.74889,-1.96350
127.72
1.17810,2.35619,-2.74889,-2.35619,-1.17810,-0.39270,0.78540,1.57080,2.35619,3.14159,-2.74889,-1.57080,-0.78540,0.39270,1.17810,2.35619,-2.74889,-1.96350,-1.17810,-0.39270,0.78540,1.57080,2.74889,3.14159,-2.35619,-1.17810,-0.39270,0.39270,1.57080,2.35619,-2.74889,-1.96350
127.88
1.17810,1.96350,-2.74889,-2.35619,-1.17810,-0.39270,0.39270,1.57080,2.35619,3.14159,-2.35619,-1.57080,-0.78540,0.39270,1.17810,1.96350,-2.74889,-1.96350,-1.17810,-0.39270,0.78540,1.57080,2.35619,3.14159,-1.96350,-1.57080,-0.39270,0.39270,1.17810,2.35619,-2.74889,-1.96350
127.89
1.17810,1.96350,-2.74889,-2.35619,-1.17810,-0.39270,0.78540,1.57080,2.35619,3.14159,-2.35619,-1.57080,-0.39270,0.39270,1.17810,1.96350,-2.74889,-1.96350,-1.17810,-0.39270,0.78540,1.96350,2.74889,3.14159,-1.96350,-1.17810,-0.39270,0.39270,1.57080,2.35619,-2.74889,-1.96350
128.42
1.17810,2.35619,-2.74889,-2.35619,-1.17810,-0.39270,0.78540,1.57080,2.35619,3.14159,-2.35619,-1.57080,-0.39270,0.39270,1.17810,2.35619,-2.74889,-1.96350,-1.17810,-0.39270,0.78540,1.96350,2.74889,3.14159,-1.96350,-1.17810,-0.39270,0.39270,1.17810,2.35619,-2.74889,-1.96350
128.92
1.17810,1.96350,-2.74889,-1.96350,-1.17810,-0.39270,0.78540,1.57080,2.35619,3.14159,-2.35619,-1.57080,-0.39270,0.39270,1.57080,2.35619,-2.74889,-1.96350,-1.17810,0.00000,0.78540,1.96350,2.74889,3.14159,-1.96350,-1.17810,-0.39270,0.39270,1.57080,2.35619,-2.74889,-1.96350
128.95
1.17810,2.35619,-2.74889,-1.96350,-1.17810,-0.39270,0.78540,1.57080,2.35619,3.14159,-2.35619,-1.57080,-0.39270,0.39270,1.17810,2.35619,-2.74889,-1.96350,-1.17810,0.00000,0.78540,1.96350,2.35619,3.14159,-1.96350,-1.17810,-0.39270,0.39270,1.57080,2.35619,-2.74889,-1.96350
128.96
1.17810,2.35619,-2.74889,-1.96350,-1.17810,-0.39270,0.78540,1.57080,2.35619,3.14159,-2.35619,-1.57080,-0.39270,0.39270,1.57080,2.35619,-2.74889,-1.96350,-0.78540,0.00000,0.78540,1.96350,2.74889,3.14159,-1.96350,-1.17810,-0.39270,0.39270,1.17810,2.35619,-2.74889,-1.96350
129.05
1.17810,2.35619,-2.74889,-1.96350,-1.17810,-0.39270,0.78540,1.57080,2.35619,3.14159,-2.35619,-1.57080,-0.39270,0.39270,1.57080,2.35619,-2.74889,-1.96350,-1.17810,0.00000,0.78540,1.96350,2.74889,3.14159,-1.96350,-1.17810,-0.39270,0.39270,1.17810,2.35619,-2.74889,-1.96350
129.07
1.17810,2.35619,-2.74889,-1.96350,-1.17810,-0.39270,0.78540,1.57080,2.35619,3.14159,-2.35619,-1.57080,-0.39270,0.39270,1.57080,2.35619,-2.74889,-1.96350,-1.17810,0.00000,0.78540,1.57080,2.74889,3.14159,-1.96350,-1.17810,-0.39270,0.39270,1.17810,2.35619,-2.74889,-1.96350
129.26
1.17810,2.35619,-2.74889,-1.96350,-1.17810,-0.39270,0.78540,1.57080,2.35619,3.14159,-2.35619,-1.57080,-0.39270,0.39270,1.57080,2.35619,-2.74889,-1.96350,-1.17810,0.00000,0.78540,1.57080,2.74889,3.14159,-1.96350,-1.17810,-0.39270,0.39270,1.57080,2.35619,-2.74889,-1.96350
129.30
1.17810,2.35619,-2.74889,-1.96350,-1.17810,-0.39270,0.78540,1.57080,2.35619,3.14159,-2.35619,-1.57080,-0.39270,0.39270,1.17810,2.35619,-2.74889,-1.96350,-1.17810,0.00000,0.78540,1.96350,2.74889,3.14159,-1.96350,-1.17810,-0.39270,0.39270,1.57080,2.35619,-2.74889,-1.96350
129.37
1.17810,2.35619,-2.74889,-1.96350,-1.17810,0.00000,0.78540,1.57080,2.35619,3.14159,-2.35619,-1.17810,-0.39270,0.39270,1.57080,2.35619,-2.74889,-1.96350,-0.78540,0.00000,0.78540,1.96350,2.74889,3.14159,-1.96350,-1.17810,-0.39270,0.39270,1.57080,2.35619,-2.74889,-1.96350
129.37
1.17810,2.35619,-2.74889,-1.96350,-1.17810,0.00000,0.78540,1.57080,2.35619,3.14159,-2.35619,-1.57080,-0.39270,0.39270,1.57080,2.35619,-2.74889,-1.96350,-0.78540,0.00000,0.78540,1.96350,2.74889,3.14159,-1.96350,-1.17810,-0.39270,0.39270,1.57080,2.35619,-2.74889,-1.96350
129.37
1.17810,2.35619,-2.74889,-1.96350,-1.17810,0.00000,0.78540,1.57080,2.35619,3.14159,-2.35619,-1.57080,-0.39270,0.39270,1.57080,2.35619,-2.74889,-1.96350,-1.17810,0.00000,0.78540,1.96350,2.74889,3.14159,-1.96350,-1.17810,-0.39270,0.39270,1.57080,2.35619,-2.74889,-1.96350
129.42
1.17810,2.35619,-2.74889,-1.96350,-1.17810,0.00000,0.78540,1.57080,2.35619,3.14159,-2.35619,-1.17810,-0.39270,0.39270,1.57080,2.35619,-2.74889,-1.96350,-0.78540,0.00000,0.78540,1.96350,2.74889,3.14159,-1.96350,-1.17810,-0.39270,0.78540,1.57080,2.35619,-2.74889,-1.96350
129.44
1.57080,2.35619,-2.74889,-1.96350,-1.17810,0.00000,0.78540,1.57080,2.35619,3.14159,-2.35619,-1.57080,-0.39270,0.39270,1.57080,2.35619,-2.74889,-1.96350,-0.78540,0.00000,0.78540,1.96350,2.74889,3.14159,-1.96350,-1.17810,-0.39270,0.78540,1.57080,2.35619,-2.74889,-1.96350
129.50
1.57080,2.35619,-2.74889,-1.96350,-1.17810,0.00000,0.78540,1.57080,2.35619,3.14159,-2.35619,-1.17810,-0.39270,0.39270,1.57080,2.35619,-2.74889,-1.96350,-0.78540,0.00000,0.78540,1.96350,2.74889,3.14159,-1.96350,-1.17810,-0.39270,0.78540,1.57080,2.35619,-2.74889,-1.96350
129.52
1.57080,2.35619,-2.74889,-1.96350,-0.78540,0.00000,0.78540,1.57080,2.35619,3.14159,-2.35619,-1.17810,-0.39270,0.39270,1.57080,2.35619,-2.74889,-1.96350,-0.78540,0.00000,0.78540,1.96350,2.74889,3.14159,-1.96350,-1.17810,-0.39270,0.78540,1.57080,2.35619,-2.74889,-1.96350
