10.14
-0.39270,-0.78540,-0.39270,0.00000,0.39270,0.00000,-0.78540,-0.78540,-0.39270,-0.39270,0.00000,0.39270,0.00000,-0.78540,-0.39270,-0.39270,0.00000,0.78540,0.00000,-0.78540,0.00000,0.00000,-0.39270,0.39270,0.00000,0.78540,-0.78540,-0.39270,-0.39270,0.00000,0.39270,0.78540
94.94
-2.35619,-2.35619,-0.39270,0.00000,0.78540,0.39270,-2.74889,-2.35619,-0.78540,0.00000,0.00000,0.78540,1.96350,-2.74889,-0.78540,-0.78540,0.00000,0.78540,1.17810,-2.74889,-0.78540,0.39270,0.00000,0.39270,1.17810,2.74889,-2.35619,-0.39270,0.00000,0.39270,1.17810,2.74889
116.67
-2.74889,-2.74889,-1.17810,0.00000,1.57080,1.57080,-2.74889,-2.74889,-1.17810,0.00000,0.39270,1.17810,2.74889,-2.74889,-1.17810,-0.39270,0.00000,2.35619,2.74889,-2.74889,-1.96350,0.78540,0.39270,1.57080,2.35619,3.14159,-2.74889,-0.39270,0.00000,0.78540,1.17810,3.14159
119.14
-2.74889,-2.74889,-1.57080,-0.39270,1.57080,2.35619,-2.74889,-2.74889,-1.96350,0.00000,0.00000,1.17810,2.74889,-2.74889,-1.17810,-0.39270,0.00000,2.35619,2.74889,-2.74889,-1.96350,-0.39270,0.00000,1.57080,2.74889,3.14159,-2.74889,-0.39270,-0.39270,0.78540,1.57080,3.14159
119.65
-2.74889,-1.57080,-0.39270,0.39270,1.57080,3.14159,-2.74889,-2.74889,-0.78540,0.00000,0.78540,1.96350,-2.74889,-2.74889,-1.17810,-0.39270,0.78540,-2.74889,-2.74889,-2.74889,-0.78540,-0.39270,0.78540,1.96350,3.14159,3.14159,-2.74889,-1.17810,0.00000,1.17810,2.35619,-2.74889
119.87
-2.74889,-1.57080,-0.78540,0.78540,1.57080,3.14159,-2.74889,-2.74889,-0.78540,0.00000,0.78540,1.96350,-2.74889,-2.74889,-1.17810,-0.39270,0.78540,-2.74889,-2.74889,-2.74889,-1.17810,-0.39270,0.39270,1.57080,3.14159,3.14159,-2.74889,-1.17810,0.00000,1.17810,2.35619,-2.74889
120.14
-2.74889,-1.57080,-0.39270,0.78540,1.57080,3.14159,-2.74889,-2.74889,-1.17810,0.00000,0.78540,1.96350,-2.74889,-2.74889,-1.17810,-0.39270,0.78540,-2.74889,-2.74889,-2.74889,-1.17810,-0.39270,0.78540,1.57080,3.14159,3.14159,-2.74889,-1.17810,0.39270,1.17810,2.35619,-2.74889
120.28
-2.74889,-1.57080,-0.39270,0.39270,1.57080,3.14159,-2.74889,-2.74889,-0.78540,0.00000,1.17810,1.96350,-2.74889,-2.74889,-1.17810,0.00000,0.78540,-2.74889,-2.74889,-2.74889,-1.17810,-0.39270,0.78540,1.96350,3.14159,3.14159,-2.74889,-1.17810,0.00000,1.17810,2.35619,-2.74889
120.60
-2.74889,-1.17810,-0.39270,0.78540,1.96350,3.14159,-2.74889,-2.74889,-0.78540,0.00000,1.17810,1.96350,-2.74889,-2.74889,-1.17810,0.00000,0.78540,-2.74889,-2.74889,-2.74889,-1.17810,0.00000,0.78540,1.96350,3.14159,3.14159,-2.74889,-0.78540,0.00000,1.17810,2.35619,-2.74889
120.61
-2.74889,-1.57080,-0.39270,0.78540,1.57080,3.14159,-2.74889,-2.74889,-0.78540,0.00000,0.78540,1.96350,-2.74889,-2.74889,-1.17810,0.00000,0.78540,-2.74889,-2.74889,-2.74889,-1.17810,-0.39270,0.78540,1.57080,3.14159,3.14159,-2.74889,-0.78540,0.00000,1.17810,1.96350,-2.74889
120.97
-2.74889,-1.57080,-0.39270,0.78540,1.57080,3.14159,-2.74889,-2.74889,-0.78540,0.00000,0.78540,1.96350,-2.74889,-2.74889,-1.17810,0.00000,0.78540,-2.74889,-2.74889,-2.74889,-1.17810,-0.39270,0.78540,1.57080,3.14159,3.14159,-2.74889,-0.78540,0.00000,1.17810,2.35619,-2.74889
121.02
-2.74889,-1.17810,-0.39270,0.39270,1.57080,2.74889,-2.74889,-2.74889,-0.78540,0.00000,0.78540,1.96350,-2.74889,-2.74889,-1.17810,0.00000,0.78540,-2.74889,-2.74889,-2.74889,-1.17810,0.00000,0.78540,1.57080,3.14159,3.14159,-2.74889,-1.17810,0.00000,1.17810,2.35619,-2.74889
121.18
-2.74889,-1.57080,-0.39270,0.39270,1.57080,2.74889,-2.74889,-2.74889,-0.78540,0.00000,1.17810,1.96350,-2.74889,-2.74889,-1.17810,0.00000,0.78540,-2.74889,-2.74889,-2.74889,-1.17810,-0.39270,0.78540,1.57080,3.14159,3.14159,-2.74889,-0.78540,0.00000,1.17810,1.96350,-2.74889
121.66
-2.74889,-1.57080,-0.39270,0.78540,1.57080,2.74889,-2.74889,-2.74889,-0.78540,0.00000,1.17810,1.96350,-2.74889,-2.74889,-1.17810,0.00000,0.78540,-2.74889,-2.74889,-2.74889,-1.17810,0.00000,0.78540,1.57080,3.14159,3.14159,-2.74889,-0.78540,0.00000,1.17810,2.35619,-2.74889
123.56
-2.74889,-1.57080,-0.39270,0.78540,1.57080,3.14159,-2.74889,-2.35619,-0.78540,0.00000,0.78540,1.96350,-2.74889,-1.96350,-1.17810,0.00000,0.78540,-2.74889,-2.74889,-2.74889,-1.17810,-0.39270,0.78540,1.57080,3.14159,3.14159,-2.74889,-0.78540,0.00000,1.17810,2.35619,-2.74889
124.61
-2.74889,-1.57080,-0.39270,0.78540,1.96350,3.14159,-2.74889,-1.96350,-0.78540,0.00000,1.17810,1.96350,-2.74889,-2.35619,-1.17810,0.00000,1.17810,-2.74889,-2.74889,-2.74889,-0.78540,-0.39270,0.78540,1.96350,3.14159,3.14159,-2.74889,-0.78540,0.00000,1.17810,2.35619,-2.74889
125.95
-2.74889,-1.17810,-0.39270,0.78540,1.96350,3.14159,-2.74889,-1.96350,-0.78540,0.00000,0.78540,1.96350,-2.74889,-2.74889,-1.17810,0.00000,0.78540,-2.74889,-2.74889,-2.35619,-1.17810,-0.39270,0.78540,1.96350,3.14159,3.14159,-2.35619,-1.17810,0.39270,1.57080,2.35619,-2.74889
127.17
-2.74889,-1.17810,-0.39270,0.78540,1.57080,2.74889,-2.74889,-2.35619,-0.78540,0.39270,1.17810,1.96350,-2.74889,-2.74889,-1.17810,0.00000,1.17810,-2.74889,-2.74889,-2.35619,-0.78540,0.00000,0.78540,1.96350,3.14159,3.14159,-1.96350,-0.78540,0.00000,1.17810,2.35619,-2.74889
127.51
-2.74889,-1.57080,-0.39270,0.78540,1.57080,2.35619,-2.74889,-1.96350,-0.78540,0.00000,0.78540,1.96350,-2.74889,-2.74889,-1.17810,-0.39270,0.78540,-2.74889,-2.74889,-1.96350,-1.17810,-0.39270,0.78540,1.57080,2.35619,3.14159,-1.57080,-0.78540,0.00000,1.17810,1.96350,-2.74889
127.68
-2.74889,-1.57080,-0.39270,0.78540,1.57080,2.74889,-2.74889,-1.96350,-0.78540,0.00000,0.78540,1.96350,-2.74889,-2.74889,-1.17810,0.00000,0.78540,-2.74889,-2.74889,-2.35619,-1.17810,-0.39270,0.78540,1.96350,3.14159,3.14159,-1.57080,-0.78540,0.00000,1.17810,2.35619,-2.74889
128.13
-2.74889,-1.57080,-0.39270,0.78540,1.96350,2.35619,-2.74889,-1.96350,-0.78540,0.00000,0.78540,1.96350,-2.74889,-2.74889,-1.17810,-0.39270,0.78540,-2.74889,-2.74889,-1.96350,-1.17810,-0.39270,0.78540,1.96350,2.74889,3.14159,-1.96350,-0.78540,0.39270,1.17810,2.35619,-2.74889
128.39
-2.74889,-1.17810,-0.39270,0.78540,1.57080,3.14159,-2.74889,-1.57080,-0.78540,0.00000,0.78540,1.96350,-2.74889,-2.74889,-1.17810,0.00000,1.17810,-2.74889,-2.74889,-1.96350,-1.17810,-0.39270,0.39270,1.57080,2.74889,3.14159,-1.96350,-0.78540,0.00000,1.17810,2.35619,-2.74889
128.73
-2.74889,-1.17810,-0.39270,0.39270,1.96350,2.74889,-2.74889,-1.57080,-0.78540,0.39270,0.78540,1.96350,-2.74889,-2.74889,-1.17810,0.00000,1.17810,-2.74889,-2.74889,-1.96350,-0.78540,-0.39270,0.78540,1.96350,2.74889,3.14159,-1.96350,-0.78540,0.00000,1.17810,2.35619,-2.74889
129.28
-2.74889,-1.17810,-0.39270,0.78540,1.96350,2.74889,-2.74889,-1.17810,-0.78540,0.00000,1.17810,1.96350,-2.74889,-2.74889,-1.17810,0.00000,1.17810,-2.74889,-2.74889,-1.96350,-1.17810,0.00000,0.78540,1.96350,2.74889,3.14159,-1.57080,-0.78540,0.00000,1.57080,2.35619,-2.74889
129.39
-2.74889,-1.57080,-0.39270,0.78540,1.96350,2.74889,-2.74889,-1.96350,-0.78540,0.00000,0.78540,1.96350,-2.74889,-2.74889,-1.17810,0.00000,0.78540,-2.74889,-2.74889,-1.96350,-1.17810,0.00000,0.78540,1.96350,2.74889,3.14159,-1.96350,-0.78540,0.00000,1.17810,2.35619,-2.74889
129.55
-2.74889,-1.17810,-0.39270,0.78540,1.57080,2.74889,-2.74889,-1.57080,-0.39270,0.00000,1.17810,2.35619,-2.74889,-2.74889,-1.17810,0.00000,1.17810,-2.74889,-2.74889,-1.96350,-1.17810,0.00000,0.78540,1.96350,2.74889,3.14159,-1.96350,-0.78540,0.39270,1.57080,2.35619,-2.74889
130.81
-2.74889,-1.17810,-0.39270,0.78540,1.57080,3.14159,-2.74889,-1.96350,-0.78540,0.00000,1.17810,1.96350,-2.74889,-2.35619,-1.17810,0.00000,1.17810,-2.74889,-2.74889,-1.96350,-1.17810,-0.39270,0.78540,1.96350,2.74889,3.14159,-1.57080,-0.78540,0.39270,1.17810,2.35619,-2.74889
130.90
-2.74889,-1.57080,-0.39270,0.78540,1.96350,3.14159,-2.74889,-1.57080,-0.78540,0.00000,1.17810,1.96350,-2.74889,-1.96350,-0.78540,0.00000,0.78540,-2.74889,-2.74889,-1.96350,-0.78540,0.00000,0.78540,1.96350,2.74889,3.14159,-1.57080,-0.78540,0.00000,1.57080,2.35619,-2.74889
131.46
-2.74889,-1.17810,0.00000,0.78540,1.96350,3.14159,-2.74889,-1.57080,-0.78540,0.00000,1.17810,2.35619,-2.74889,-2.35619,-0.78540,0.39270,1.17810,-2.74889,-2.74889,-1.96350,-1.17810,0.00000,1.17810,1.96350,2.74889,3.14159,-1.57080,-0.39270,0.39270,1.57080,2.35619,-2.74889
131.69
-2.74889,-1.17810,0.00000,0.78540,1.96350,3.14159,-2.74889,-1.57080,-0.78540,0.00000,1.17810,1.96350,-2.74889,-1.96350,-1.17810,0.00000,1.17810,-2.74889,-2.74889,-1.96350,-1.17810,0.00000,0.78540,1.57080,2.74889,3.14159,-1.96350,-0.78540,0.39270,1.57080,2.74889,-2.74889
131.84
-2.74889,-1.17810,0.00000,0.78540,2.35619,3.14159,-2.74889,-1.57080,-0.39270,0.39270,1.17810,1.96350,-2.74889,-1.96350,-1.17810,0.00000,1.17810,-2.74889,-2.74889,-1.96350,-0.78540,0.00000,1.17810,1.96350,3.14159,3.14159,-1.57080,-0.78540,0.39270,1.57080,2.74889,-2.74889
132.33
-2.74889,-1.17810,0.00000,0.78540,1.96350,3.14159,-2.74889,-1.57080,-0.78540,0.39270,1.17810,1.96350,-2.74889,-2.35619,-1.17810,0.00000,1.17810,-2.74889,-2.74889,-1.96350,-0.78540,0.00000,0.78540,1.96350,2.74889,3.14159,-1.57080,-0.78540,0.39270,1.57080,2.35619,-2.74889
132.51
-2.74889,-1.17810,-0.39270,0.78540,1.96350,3.14159,-2.74889,-1.57080,-0.78540,0.00000,1.17810,1.96350,-2.74889,-1.96350,-1.17810,0.00000,1.17810,-2.74889,-2.74889,-1.96350,-0.78540,0.00000,0.78540,1.96350,2.74889,3.14159,-1.96350,-0.78540,0.39270,1.57080,2.35619,-2.74889
132.52
-2.74889,-1.17810,0.00000,0.78540,1.96350,3.14159,-2.74889,-1.57080,-0.39270,0.00000,1.17810,2.35619,-2.74889,-1.96350,-1.17810,0.00000,1.17810,-2.74889,-2.74889,-1.96350,-0.78540,0.00000,0.78540,1.96350,2.74889,3.14159,-1.57080,-0.78540,0.39270,1.57080,2.35619,-2.74889
132.67
-2.74889,-1.17810,0.00000,0.78540,1.96350,3.14159,-2.74889,-1.57080,-0.78540,0.39270,1.17810,2.35619,-2.74889,-1.96350,-1.17810,0.00000,1.17810,-2.74889,-2.74889,-1.96350,-0.78540,0.00000,0.78540,1.96350,2.74889,3.14159,-1.57080,-0.39270,0.39270,1.57080,2.74889,-2.74889
132.68
-1.96350,-0.78540,0.00000,0.78540,1.96350,3.14159,-2.74889,-1.17810,-0.39270,0.00000,1.57080,2.35619,-2.74889,-1.96350,-0.78540,0.39270,1.57080,-2.74889,-2.74889,-1.57080,-0.78540,0.39270,1.17810,2.35619,3.14159,3.14159,-1.57080,-0.78540,0.78540,1.57080,2.35619,-2.74889
132.82
-2.35619,-1.17810,0.00000,0.78540,1.96350,3.14159,-2.74889,-1.17810,-0.39270,0.00000,1.17810,1.96350,-2.74889,-1.96350,-0.78540,0.39270,1.17810,-2.74889,-2.74889,-1.96350,-0.78540,0.39270,1.17810,2.35619,3.14159,3.14159,-1.57080,-0.39270,0.78540,1.57080,2.74889,-2.74889
133.05
-1.96350,-1.17810,0.00000,0.78540,1.96350,3.14159,-2.74889,-1.57080,-0.78540,0.39270,1.57080,1.96350,-2.74889,-1.96350,-0.78540,0.00000,1.17810,-2.74889,-2.74889,-1.57080,-0.78540,0.39270,1.17810,1.96350,3.14159,3.14159,-1.57080,-0.78540,0.78540,1.57080,2.35619,-2.74889
133.32
-1.96350,-1.17810,0.00000,0.78540,1.96350,3.14159,-2.74889,-1.57080,-0.78540,0.39270,1.17810,2.35619,-2.74889,-1.96350,-0.78540,0.39270,1.17810,-2.74889,-2.74889,-1.96350,-0.78540,0.39270,1.17810,1.96350,3.14159,3.14159,-1.17810,-0.39270,0.78540,1.57080,2.35619,-2.74889
133.60
-1.96350,-1.17810,0.00000,0.78540,1.96350,3.14159,-2.74889,-1.17810,-0.39270,0.39270,1.17810,2.35619,-2.74889,-1.96350,-0.78540,0.00000,1.17810,-2.74889,-2.74889,-1.96350,-0.78540,0.39270,1.17810,1.96350,3.14159,3.14159,-1.17810,-0.39270,0.78540,1.57080,2.74889,-2.74889
133.73
-2.35619,-1.17810,0.00000,0.78540,1.96350,3.14159,-2.74889,-1.17810,-0.39270,0.39270,1.17810,1.96350,3.14159,-1.96350,-0.78540,0.00000,1.17810,-2.74889,-2.74889,-1.57080,-0.78540,0.00000,1.17810,1.96350,3.14159,3.14159,-1.57080,-0.39270,0.78540,1.57080,2.74889,-2.74889
133.82
-2.35619,-1.17810,0.00000,1.17810,2.35619,3.14159,-2.74889,-1.17810,-0.39270,0.39270,1.17810,1.96350,3.14159,-1.96350,-0.78540,0.39270,1.17810,-2.74889,-2.74889,-1.57080,-0.78540,0.39270,1.17810,1.96350,3.14159,3.14159,-1.57080,-0.39270,0.78540,1.57080,2.74889,-2.74889
134.01
-2.35619,-0.78540,0.00000,1.17810,2.35619,3.14159,-2.74889,-1.17810,-0.39270,0.39270,1.57080,2.35619,3.14159,-1.96350,-0.78540,0.39270,1.17810,-2.74889,-2.74889,-1.96350,-0.78540,0.39270,1.17810,1.96350,3.14159,3.14159,-1.57080,-0.39270,0.78540,1.57080,2.74889,-2.74889
134.06
-2.35619,-1.17810,0.00000,1.17810,2.35619,3.14159,-2.74889,-1.57080,-0.39270,0.39270,1.17810,2.35619,3.14159,-1.96350,-0.78540,0.00000,1.17810,-2.74889,-2.74889,-1.57080,-0.78540,0.39270,1.17810,1.96350,3.14159,3.14159,-1.57080,-0.39270,0.78540,1.57080,2.74889,-2.74889
134.09
-2.35619,-1.17810,0.00000,1.17810,2.35619,3.14159,-2.74889,-1.17810,-0.78540,0.39270,1.57080,2.35619,3.14159,-1.96350,-0.78540,0.39270,1.17810,-2.74889,-2.74889,-1.57080,-0.78540,0.39270,1.17810,1.96350,3.14159,3.14159,-1.57080,-0.39270,0.78540,1.57080,2.74889,-2.74889
134.77
-1.96350,-1.17810,0.00000,1.17810,2.35619,3.14159,-2.74889,-1.57080,-0.39270,0.39270,1.57080,2.35619,3.14159,-1.96350,-0.78540,0.39270,1.17810,-2.74889,-2.74889,-1.57080,-0.78540,0.39270,1.17810,1.96350,3.14159,3.14159,-1.57080,-0.39270,0.78540,1.57080,2.74889,-2.74889
134.81
-1.96350,-1.17810,0.00000,1.17810,2.35619,3.14159,-2.74889,-1.17810,-0.39270,0.39270,1.57080,2.35619,3.14159,-1.96350,-0.78540,0.39270,1.17810,-2.74889,-2.74889,-1.57080,-0.78540,0.39270,1.17810,1.96350,3.14159,3.14159,-1.57080,-0.39270,0.78540,1.57080,2.74889,-2.74889
134.83
-2.35619,-1.17810,0.00000,1.17810,1.96350,3.14159,-2.74889,-1.57080,-0.39270,0.39270,1.17810,2.35619,3.14159,-1.96350,-0.78540,0.39270,1.17810,-2.74889,-2.74889,-1.57080,-0.78540,0.00000,1.17810,1.96350,3.14159,3.14159,-1.57080,-0.39270,0.39270,1.57080,2.74889,-2.74889
134.89
-1.96350,-1.17810,0.00000,1.17810,1.96350,3.14159,-2.74889,-1.57080,-0.39270,0.39270,1.17810,2.35619,3.14159,-1.96350,-0.78540,0.39270,1.17810,-2.74889,-2.74889,-1.96350,-0.78540,0.00000,1.17810,1.96350,3.14159,3.14159,-1.57080,-0.39270,0.39270,1.57080,2.74889,-2.74889
134.93
-1.96350,-1.17810,0.00000,1.17810,1.96350,3.14159,-2.74889,-1.57080,-0.39270,0.39270,1.57080,2.35619,3.14159,-1.96350,-0.78540,0.39270,1.17810,-2.74889,-2.74889,-1.57080,-0.78540,0.00000,1.17810,1.96350,3.14159,3.14159,-1.57080,-0.39270,0.39270,1.57080,2.74889,-2.74889
134.98
-1.96350,-1.17810,0.00000,1.17810,1.96350,3.14159,-2.74889,-1.57080,-0.39270,0.39270,1.17810,2.35619,3.14159,-1.96350,-0.78540,0.39270,1.17810,-2.74889,-2.74889,-1.57080,-0.78540,0.39270,1.17810,1.96350,3.14159,3.14159,-1.57080,-0.39270,0.39270,1.57080,2.74889,-2.74889
135.00
-1.96350,-1.17810,0.00000,1.17810,1.96350,3.14159,-2.74889,-1.57080,-0.39270,0.39270,1.17810,2.35619,3.14159,-1.96350,-0.78540,0.39270,1.17810,-2.74889,-2.74889,-1.96350,-0.78540,0.00000,1.17810,1.96350,2.74889,3.14159,-1.57080,-0.39270,0.39270,1.57080,2.74889,-2.74889
135.02
-1.96350,-1.17810,0.00000,1.17810,1.96350,3.14159,-2.74889,-1.57080,-0.39270,0.39270,1.17810,2.35619,3.14159,-1.96350,-0.78540,0.39270,1.17810,-2.74889,-2.74889,-1.57080,-0.78540,0.39270,1.17810,1.96350,2.74889,3.14159,-1.57080,-0.39270,0.39270,1.57080,2.74889,-2.74889
135.04
-1.96350,-1.17810,0.00000,1.17810,1.96350,3.14159,-2.74889,-1.57080,-0.39270,0.39270,1.17810,2.35619,3.14159,-1.96350,-0.78540,0.39270,1.17810,-2.74889,-2.74889,-1.57080,-0.78540,0.00000,1.17810,1.96350,2.74889,3.14159,-1.57080,-0.39270,0.39270,1.57080,2.74889,-2.74889
135.66
-1.96350,-1.17810,0.00000,1.17810,1.96350,3.14159,-2.35619,-1.57080,-0.39270,0.39270,1.57080,2.35619,3.14159,-1.96350,-0.78540,0.39270,1.17810,-2.74889,-2.74889,-1.57080,-0.78540,0.00000,1.17810,1.96350,3.14159,3.14159,-1.57080,-0.39270,0.39270,1.57080,2.74889,-2.74889
135.73
-1.96350,-1.17810,0.00000,1.17810,1.96350,3.14159,-2.35619,-1.57080,-0.39270,0.39270,1.57080,2.35619,3.14159,-1.96350,-0.78540,0.39270,1.17810,-2.74889,-2.74889,-1.57080,-0.78540,0.39270,1.17810,1.96350,3.14159,3.14159,-1.57080,-0.39270,0.39270,1.57080,2.74889,-2.74889
135.82
-1.96350,-1.17810,0.00000,1.17810,1.96350,3.14159,-2.35619,-1.57080,-0.39270,0.39270,1.57080,2.35619,3.14159,-1.96350,-0.78540,0.39270,1.17810,-2.74889,-2.74889,-1.57080,-0.78540,0.39270,1.17810,1.96350,3.14159,3.14159,-1.57080,-0.39270,0.39270,1.57080,2.74889,-2.35619
135.84
-1.96350,-1.17810,0.00000,1.17810,1.96350,3.14159,-2.35619,-1.57080,-0.39270,0.39270,1.57080,2.35619,3.14159,-1.96350,-0.78540,0.39270,1.57080,-2.74889,-2.74889,-1.57080,-0.78540,0.39270,1.17810,1.96350,3.14159,3.14159,-1.57080,-0.39270,0.39270,1.57080,2.74889,-2.35619
