6.56
0.00000,-0.39270,-0.39270,-0.39270,0.00000,-0.39270,-0.78540,-0.78540,-0.78540,-0.39270,0.39270,0.78540,0.39270,-0.78540,-0.78540,0.00000,0.39270,0.39270,-0.78540,0.39270,-0.78540,0.00000,0.39270,0.39270,0.00000,-0.78540,-0.78540,-0.39270,0.39270,0.39270,0.78540,-0.39270
70.31
0.78540,-2.35619,-0.39270,-0.39270,0.39270,0.39270,-2.74889,-2.35619,-0.78540,-0.39270,0.39270,0.78540,2.74889,-2.35619,-1.57080,0.00000,0.39270,1.57080,-2.74889,-1.57080,-1.17810,0.00000,0.39270,0.39270,0.78540,-2.35619,-0.78540,-0.39270,0.39270,0.39270,2.35619,-2.35619
97.49
-1.96350,-2.74889,-1.17810,0.00000,0.39270,1.96350,-2.74889,-2.74889,-1.17810,0.00000,0.78540,1.57080,3.14159,-2.74889,-1.17810,-0.39270,0.78540,1.96350,-2.74889,-2.74889,-0.78540,0.39270,0.39270,1.96350,2.74889,-2.74889,-1.17810,-0.39270,0.78540,1.17810,3.14159,-2.74889
101.29
-2.74889,-2.74889,-0.78540,0.00000,0.78540,1.96350,-2.74889,-2.74889,-1.57080,-0.39270,1.17810,2.35619,3.14159,-2.74889,-1.17810,-0.78540,1.17810,1.96350,-2.74889,-1.96350,-1.17810,0.39270,1.17810,2.35619,3.14159,-2.74889,-1.57080,-0.78540,0.78540,1.17810,3.14159,-2.74889
102.78
-2.74889,-2.74889,-1.17810,-0.39270,1.17810,2.35619,-2.74889,-2.74889,-1.57080,0.00000,1.57080,2.35619,3.14159,-2.74889,-1.17810,-0.39270,0.78540,1.96350,-2.74889,-1.96350,-0.78540,0.00000,0.78540,2.35619,3.14159,-2.74889,-1.17810,-0.78540,0.78540,1.57080,3.14159,-2.74889
104.71
3.14159,-2.74889,-1.57080,0.00000,1.17810,1.96350,-2.74889,-2.74889,-1.57080,0.39270,0.78540,1.96350,3.14159,-2.74889,-1.57080,0.00000,0.78540,1.96350,-2.74889,-2.74889,-1.17810,-0.39270,1.17810,2.35619,3.14159,-2.74889,-1.17810,-0.39270,0.78540,1.96350,3.14159,-1.96350
104.80
3.14159,-2.74889,-1.17810,0.00000,1.57080,2.74889,-2.74889,-2.74889,-1.17810,0.00000,0.78540,1.96350,3.14159,-2.74889,-1.17810,0.00000,0.78540,2.35619,-2.74889,-2.74889,-0.78540,0.39270,0.78540,2.35619,3.14159,-2.74889,-1.17810,-0.39270,0.78540,1.96350,3.14159,-2.74889
105.24
3.14159,-2.74889,-1.17810,0.00000,1.17810,2.74889,-2.74889,-2.74889,-1.17810,0.00000,0.78540,1.57080,3.14159,-2.74889,-0.78540,0.00000,0.78540,1.96350,-2.74889,-2.74889,-0.78540,0.39270,1.57080,2.35619,3.14159,-2.74889,-1.57080,-0.39270,0.78540,1.57080,3.14159,-1.96350
105.28
3.14159,-2.74889,-1.17810,0.00000,1.17810,2.35619,-2.74889,-2.74889,-1.17810,0.00000,0.78540,1.57080,3.14159,-2.74889,-1.17810,0.00000,1.17810,2.35619,-2.74889,-2.74889,-1.17810,0.00000,0.78540,2.74889,3.14159,-2.74889,-1.17810,-0.39270,0.78540,1.96350,3.14159,-2.74889
105.58
3.14159,-2.74889,-1.17810,0.00000,1.17810,2.74889,-2.74889,-2.74889,-1.17810,-0.39270,0.39270,1.57080,3.14159,-2.74889,-1.17810,-0.39270,0.78540,1.96350,-2.74889,-2.74889,-1.17810,0.39270,0.78540,2.35619,3.14159,-2.74889,-1.17810,-0.39270,0.78540,1.96350,3.14159,-2.74889
106.65
3.14159,-2.74889,-1.17810,0.00000,1.17810,2.35619,-2.74889,-2.74889,-1.17810,0.00000,0.78540,1.96350,3.14159,-2.74889,-1.17810,0.00000,1.17810,1.96350,-2.74889,-2.74889,-0.78540,0.00000,0.78540,1.57080,3.14159,-2.74889,-1.57080,-0.39270,0.78540,1.96350,3.14159,-2.74889
108.35
3.14159,-2.74889,-1.17810,0.00000,1.17810,1.96350,-2.74889,-2.74889,-1.17810,-0.39270,0.39270,1.57080,3.14159,-2.74889,-1.17810,-0.78540,0.78540,1.96350,-2.74889,-1.96350,-1.17810,0.00000,0.78540,1.96350,3.14159,-2.74889,-1.57080,-0.39270,0.39270,1.96350,3.14159,-2.74889
108.39
3.14159,-2.74889,-1.17810,-0.39270,0.78540,1.96350,-2.74889,-2.74889,-1.57080,-0.39270,0.39270,1.57080,3.14159,-2.74889,-1.57080,0.00000,1.17810,1.96350,-2.74889,-2.35619,-1.17810,0.00000,0.78540,1.96350,3.14159,-2.74889,-1.17810,-0.78540,0.78540,1.96350,3.14159,-2.35619
108.64
3.14159,-2.74889,-1.17810,0.00000,0.78540,1.96350,-2.74889,-2.74889,-1.57080,-0.39270,0.39270,1.57080,3.14159,-2.74889,-1.57080,0.00000,1.17810,1.96350,-2.74889,-2.35619,-1.17810,0.00000,0.78540,1.96350,3.14159,-2.74889,-1.57080,-0.39270,0.78540,1.57080,3.14159,-2.74889
109.11
3.14159,-2.74889,-1.17810,0.00000,1.17810,2.35619,-2.74889,-2.74889,-1.57080,0.00000,0.78540,1.57080,3.14159,-2.74889,-1.17810,-0.39270,1.17810,1.96350,-2.74889,-2.35619,-1.17810,0.00000,0.78540,1.96350,3.14159,-2.74889,-1.57080,-0.78540,0.78540,1.96350,3.14159,-2.35619
109.56
3.14159,-2.74889,-1.17810,0.00000,1.17810,1.96350,-2.74889,-2.74889,-1.17810,-0.39270,0.39270,1.17810,2.74889,-2.74889,-1.17810,-0.39270,1.17810,1.96350,-2.74889,-2.35619,-1.17810,0.00000,1.17810,1.96350,3.14159,-2.74889,-1.57080,-0.78540,0.78540,1.57080,3.14159,-2.35619
110.25
3.14159,-2.35619,-1.17810,0.00000,0.78540,1.96350,-2.74889,-2.74889,-1.17810,-0.39270,0.78540,1.57080,2.74889,-1.96350,-1.17810,-0.39270,0.78540,1.96350,-2.74889,-1.96350,-0.78540,-0.39270,0.78540,1.96350,3.14159,-2.74889,-1.57080,-0.78540,0.39270,1.57080,3.14159,-2.35619
110.93
3.14159,-2.35619,-1.17810,0.00000,1.17810,1.96350,-2.74889,-2.74889,-1.57080,-0.39270,0.39270,1.57080,3.14159,-2.35619,-1.17810,0.00000,0.78540,1.96350,-2.74889,-1.96350,-0.78540,0.00000,0.78540,1.57080,3.14159,-2.74889,-1.57080,-0.39270,0.39270,1.57080,3.14159,-2.35619
111.56
-2.74889,-1.96350,-1.17810,0.00000,1.17810,2.35619,-2.74889,-2.74889,-1.17810,-0.39270,0.78540,1.96350,2.74889,-2.74889,-1.17810,0.00000,0.78540,1.96350,-2.74889,-1.96350,-0.78540,0.00000,1.17810,1.96350,3.14159,-2.74889,-1.57080,-0.39270,0.78540,1.96350,3.14159,-2.35619
111.63
-2.74889,-2.35619,-1.17810,0.00000,1.17810,2.35619,-2.74889,-2.74889,-1.17810,-0.39270,0.78540,1.57080,2.74889,-2.74889,-1.17810,0.00000,1.17810,1.96350,-2.74889,-1.96350,-0.78540,0.00000,1.17810,1.96350,3.14159,-2.74889,-1.57080,-0.39270,0.78540,1.96350,3.14159,-2.35619
111.66
-2.74889,-1.96350,-1.17810,0.00000,1.17810,2.35619,-2.74889,-2.74889,-1.17810,-0.39270,0.78540,1.57080,2.74889,-2.74889,-1.17810,0.00000,1.17810,1.96350,-2.74889,-1.96350,-0.78540,0.00000,1.17810,1.96350,3.14159,-2.74889,-1.57080,-0.39270,0.78540,1.96350,3.14159,-1.96350
111.67
-2.74889,-1.96350,-1.17810,0.00000,1.17810,2.35619,-2.74889,-2.74889,-1.17810,-0.39270,0.78540,1.57080,2.74889,-2.74889,-1.17810,0.00000,0.78540,1.96350,-2.74889,-1.96350,-0.78540,0.00000,1.17810,1.96350,3.14159,-2.74889,-1.57080,-0.39270,0.78540,1.96350,3.14159,-2.35619
111.68
-2.74889,-2.35619,-1.17810,0.00000,1.17810,2.35619,-2.74889,-2.74889,-1.17810,-0.39270,0.78540,1.57080,2.74889,-2.74889,-1.17810,0.00000,0.78540,1.96350,-2.74889,-1.96350,-0.78540,0.00000,1.17810,1.96350,3.14159,-2.74889,-1.57080,-0.39270,0.78540,1.96350,3.14159,-2.35619
111.76
-2.74889,-1.96350,-1.17810,0.00000,1.17810,2.35619,-2.74889,-2.74889,-1.17810,0.00000,0.78540,1.57080,2.74889,-2.74889,-1.17810,0.00000,0.78540,1.96350,-2.74889,-1.96350,-0.78540,0.00000,1.17810,2.35619,3.14159,-2.35619,-1.57080,-0.39270,0.78540,1.96350,3.14159,-1.96350
111.79
-2.74889,-2.35619,-0.78540,0.00000,1.17810,2.35619,-2.74889,-2.74889,-1.17810,-0.39270,0.78540,1.57080,2.74889,-2.74889,-1.17810,0.00000,1.17810,1.96350,-2.74889,-1.96350,-0.78540,0.00000,1.17810,1.96350,3.14159,-2.35619,-1.57080,-0.39270,0.78540,1.96350,3.14159,-1.96350
111.86
-2.74889,-1.96350,-1.17810,0.00000,1.17810,1.96350,-2.74889,-2.74889,-1.17810,-0.39270,0.78540,1.57080,2.74889,-2.74889,-1.17810,0.00000,1.17810,1.96350,-2.74889,-1.96350,-0.78540,0.00000,1.17810,1.96350,3.14159,-2.35619,-1.17810,-0.39270,0.78540,1.96350,3.14159,-1.96350
112.08
-2.74889,-1.96350,-1.17810,0.00000,1.17810,2.35619,-2.74889,-2.74889,-1.17810,0.00000,0.78540,1.57080,2.74889,-2.74889,-1.17810,0.00000,1.17810,1.96350,-2.74889,-1.96350,-0.78540,0.00000,1.17810,1.96350,3.14159,-2.35619,-1.17810,-0.39270,0.78540,1.96350,3.14159,-1.96350
112.31
-2.74889,-1.96350,-1.17810,0.00000,1.17810,2.35619,-2.74889,-2.35619,-1.17810,-0.39270,0.78540,1.96350,2.74889,-2.74889,-1.17810,0.00000,0.78540,1.96350,-2.74889,-1.96350,-0.78540,0.00000,1.17810,1.96350,3.14159,-2.74889,-1.57080,-0.39270,0.78540,1.96350,3.14159,-1.96350
112.33
-2.74889,-2.35619,-1.17810,0.00000,1.17810,2.35619,-2.74889,-2.35619,-1.17810,-0.39270,0.78540,1.57080,2.74889,-2.74889,-1.17810,0.00000,1.17810,1.96350,-2.74889,-1.96350,-0.78540,0.00000,1.17810,1.96350,3.14159,-2.74889,-1.57080,-0.39270,0.78540,1.96350,3.14159,-1.96350
112.35
-2.74889,-2.35619,-1.17810,0.00000,1.17810,2.35619,-2.74889,-2.35619,-1.17810,-0.39270,0.78540,1.57080,2.74889,-2.74889,-1.17810,0.00000,1.17810,1.96350,-2.74889,-1.96350,-0.78540,0.00000,1.17810,1.96350,3.14159,-2.74889,-1.57080,-0.39270,0.78540,1.96350,3.14159,-2.35619
112.44
-2.74889,-1.96350,-1.17810,0.00000,1.17810,2.35619,-2.74889,-2.35619,-1.17810,-0.39270,0.78540,1.57080,2.74889,-2.74889,-1.17810,0.00000,1.17810,1.96350,-2.74889,-1.96350,-0.78540,0.00000,1.17810,1.96350,3.14159,-2.74889,-1.57080,-0.39270,0.78540,1.96350,3.14159,-1.96350
