3.83
0.78540,0.39270,-0.39270,0.00000,0.39270,0.39270,0.78540,0.78540,0.00000,-0.39270,0.00000,-0.78540,0.78540,0.00000,-0.78540,0.00000,0.39270,0.39270,0.78540,0.00000,0.00000,0.00000,0.39270,0.00000,0.00000,0.00000,-0.78540,0.00000,0.00000,0.78540,0.00000,0.39270
54.74
2.35619,-0.39270,-0.78540,0.00000,0.39270,1.17810,1.96350,2.35619,-0.39270,-0.39270,0.00000,0.78540,2.35619,-1.96350,-0.78540,0.00000,0.78540,0.78540,2.35619,-0.78540,0.00000,0.39270,1.17810,1.57080,-1.57080,-1.17810,-0.78540,0.00000,0.00000,1.96350,-1.17810,-0.78540
118.37
3.14159,-1.17810,-1.17810,0.39270,0.78540,2.74889,3.14159,3.14159,-0.39270,0.00000,0.78540,2.35619,3.14159,-2.35619,-0.78540,0.39270,1.17810,1.96350,3.14159,-1.57080,-0.39270,0.39270,1.17810,2.74889,-2.74889,-1.57080,-1.17810,0.00000,0.78540,2.35619,-2.74889,-1.57080
119.23
1.96350,-2.74889,-1.96350,-0.78540,0.00000,1.57080,2.74889,3.14159,-2.35619,-1.17810,0.00000,0.78540,1.96350,3.14159,-2.74889,-1.17810,0.00000,1.57080,3.14159,-2.74889,-1.57080,-0.39270,0.78540,1.17810,1.96350,3.14159,-2.74889,-1.57080,0.00000,0.78540,3.14159,-2.74889
119.88
2.35619,-2.74889,-1.57080,-0.78540,0.00000,1.17810,3.14159,3.14159,-2.35619,-0.78540,0.39270,1.17810,1.96350,3.14159,-2.35619,-0.78540,0.00000,1.57080,2.74889,-2.74889,-1.57080,-0.78540,0.00000,1.57080,3.14159,3.14159,-2.74889,-0.78540,0.00000,0.78540,3.14159,-2.74889
120.68
1.96350,-2.74889,-1.57080,-0.78540,0.39270,1.17810,3.14159,3.14159,-2.35619,-0.39270,0.00000,1.17810,1.96350,3.14159,-1.96350,-1.17810,0.39270,1.57080,2.74889,-2.74889,-1.17810,-0.39270,0.39270,2.35619,3.14159,3.14159,-2.74889,-1.17810,0.00000,1.17810,2.74889,-2.74889
123.04
2.35619,-2.74889,-2.35619,-0.78540,0.00000,1.17810,2.74889,3.14159,-2.35619,-1.17810,-0.39270,1.17810,1.96350,3.14159,-2.74889,-1.17810,0.00000,0.78540,2.74889,-2.74889,-1.57080,-0.78540,0.39270,1.57080,2.74889,3.14159,-2.74889,-0.78540,0.00000,0.78540,2.35619,-2.74889
123.08
1.96350,-2.74889,-2.35619,-1.17810,0.39270,1.57080,2.74889,3.14159,-1.96350,-1.17810,0.39270,1.17810,1.96350,3.14159,-2.35619,-0.78540,0.39270,1.17810,2.74889,-2.74889,-1.57080,-0.78540,0.39270,1.57080,2.74889,3.14159,-2.74889,-0.78540,0.00000,1.17810,3.14159,-2.74889
123.30
1.96350,-2.74889,-1.57080,-1.17810,0.00000,1.57080,2.74889,3.14159,-2.35619,-0.78540,0.39270,1.17810,1.96350,3.14159,-2.35619,-1.17810,0.00000,1.57080,2.74889,-2.74889,-1.17810,-0.78540,0.39270,1.17810,2.74889,3.14159,-2.74889,-1.17810,0.00000,0.78540,2.74889,-2.74889
123.34
1.96350,-2.74889,-2.35619,-1.17810,0.39270,1.17810,2.74889,3.14159,-1.96350,-1.17810,0.00000,1.17810,1.96350,3.14159,-2.35619,-1.17810,0.39270,1.17810,2.35619,-2.74889,-1.57080,-0.39270,0.00000,1.57080,2.74889,3.14159,-2.74889,-1.17810,0.00000,1.17810,3.14159,-2.74889
123.41
1.57080,-2.74889,-1.96350,-0.78540,0.39270,1.17810,2.35619,3.14159,-1.96350,-1.17810,0.00000,1.17810,1.57080,3.14159,-1.96350,-0.78540,-0.39270,1.17810,2.35619,-2.74889,-1.57080,-0.78540,0.39270,1.57080,2.35619,3.14159,-2.74889,-0.78540,0.00000,1.17810,3.14159,-2.74889
124.15
2.35619,-2.74889,-1.96350,-0.78540,0.39270,1.57080,2.74889,3.14159,-1.96350,-1.17810,0.00000,0.78540,1.96350,3.14159,-2.35619,-0.78540,0.00000,1.57080,1.96350,-2.74889,-1.17810,-0.78540,0.00000,1.57080,2.35619,3.14159,-2.74889,-0.78540,0.00000,1.17810,3.14159,-2.74889
124.72
2.35619,-2.74889,-1.96350,-0.78540,0.39270,1.57080,2.35619,3.14159,-2.35619,-1.17810,0.39270,0.78540,1.96350,3.14159,-2.35619,-1.17810,0.39270,1.96350,2.35619,-2.74889,-1.57080,0.00000,0.00000,1.57080,2.35619,3.14159,-2.74889,-0.78540,0.00000,1.17810,2.74889,-2.74889
124.91
2.35619,-2.74889,-1.96350,-1.17810,0.39270,1.96350,2.74889,3.14159,-1.57080,-0.78540,0.00000,1.17810,1.96350,3.14159,-2.35619,-0.78540,0.00000,1.17810,2.74889,-2.74889,-1.96350,-0.78540,0.39270,1.57080,1.96350,3.14159,-2.74889,-0.78540,0.39270,1.17810,2.74889,-2.74889
125.32
2.35619,-2.74889,-1.96350,-0.78540,0.00000,1.17810,2.35619,3.14159,-1.96350,-0.78540,0.39270,1.17810,2.35619,3.14159,-1.96350,-0.78540,0.00000,1.57080,2.74889,-2.74889,-1.57080,-0.78540,0.39270,1.17810,2.74889,3.14159,-2.74889,-1.17810,0.00000,1.17810,3.14159,-2.74889
126.28
2.35619,-2.74889,-1.96350,-1.17810,0.78540,1.17810,2.35619,3.14159,-1.96350,-1.17810,0.39270,1.17810,1.96350,3.14159,-1.96350,-0.78540,0.00000,1.57080,2.74889,-2.74889,-1.57080,-0.78540,0.00000,0.78540,2.35619,3.14159,-2.74889,-1.57080,0.00000,1.17810,2.35619,-2.74889
126.37
2.35619,-2.74889,-2.35619,-0.78540,0.00000,0.78540,2.74889,3.14159,-1.96350,-1.17810,0.00000,0.78540,1.96350,3.14159,-2.35619,-0.78540,0.39270,1.17810,2.74889,-2.74889,-1.57080,-0.39270,0.00000,1.17810,2.74889,3.14159,-2.74889,-1.17810,0.00000,1.17810,2.35619,-2.74889
126.57
2.35619,-2.74889,-1.96350,-0.78540,0.00000,1.96350,2.74889,3.14159,-1.96350,-1.17810,0.00000,0.78540,1.96350,3.14159,-2.35619,-0.78540,0.00000,1.17810,2.74889,-2.74889,-1.57080,-0.78540,0.39270,1.57080,2.35619,3.14159,-2.74889,-1.17810,0.00000,0.78540,2.74889,-2.74889
127.32
1.96350,-2.74889,-1.96350,-0.78540,0.39270,1.57080,2.74889,3.14159,-1.96350,-0.78540,0.00000,1.17810,1.96350,3.14159,-1.96350,-0.78540,0.39270,1.57080,2.74889,-2.74889,-1.57080,-0.39270,0.00000,1.57080,2.35619,3.14159,-2.74889,-0.39270,0.39270,1.17810,2.74889,-2.74889
127.89
2.35619,-2.74889,-1.96350,-0.78540,0.39270,1.17810,2.35619,3.14159,-1.57080,-1.17810,0.00000,0.78540,1.96350,3.14159,-1.96350,-0.78540,0.39270,1.17810,2.74889,-2.74889,-1.96350,-0.39270,0.00000,1.57080,2.74889,3.14159,-2.74889,-0.78540,0.39270,1.17810,2.35619,-2.74889
128.08
2.35619,-2.74889,-1.96350,-0.78540,0.39270,1.17810,1.96350,3.14159,-1.57080,-1.17810,0.00000,0.78540,1.96350,3.14159,-1.96350,-1.17810,0.39270,1.17810,2.74889,-2.74889,-1.96350,-0.78540,0.39270,1.57080,2.74889,3.14159,-2.74889,-1.17810,0.00000,1.17810,2.35619,-2.74889
129.03
2.35619,-2.74889,-1.96350,-0.78540,0.00000,1.17810,2.35619,3.14159,-1.96350,-1.17810,0.00000,0.78540,1.96350,3.14159,-1.96350,-0.78540,0.39270,1.17810,2.35619,-2.74889,-1.57080,-0.39270,0.39270,1.17810,2.35619,3.14159,-2.74889,-1.17810,0.00000,0.78540,2.74889,-2.74889
129.20
1.96350,-2.74889,-1.96350,-0.78540,0.39270,1.57080,2.35619,3.14159,-1.96350,-0.78540,0.00000,1.17810,1.96350,3.14159,-1.96350,-1.17810,0.39270,1.17810,2.74889,-2.74889,-1.57080,-0.78540,0.39270,1.17810,2.74889,3.14159,-2.74889,-0.78540,0.00000,1.17810,2.35619,-2.74889
129.51
1.96350,-2.74889,-1.96350,-0.78540,0.39270,1.17810,2.35619,3.14159,-1.96350,-1.17810,0.00000,0.78540,1.96350,3.14159,-1.96350,-0.78540,0.00000,1.17810,2.74889,-2.74889,-1.57080,-0.78540,0.00000,1.17810,2.35619,3.14159,-2.74889,-1.17810,0.00000,1.17810,2.74889,-2.74889
129.55
2.35619,-2.74889,-1.96350,-0.78540,0.39270,1.57080,1.96350,3.14159,-1.96350,-0.78540,0.00000,1.17810,1.96350,3.14159,-1.96350,-0.78540,0.00000,1.17810,2.74889,-2.74889,-1.57080,-0.39270,0.39270,1.17810,2.35619,3.14159,-2.74889,-1.17810,0.39270,1.17810,2.35619,-2.74889
130.21
2.35619,-2.74889,-1.96350,-0.78540,0.39270,1.57080,2.35619,3.14159,-1.96350,-0.78540,0.00000,0.78540,1.96350,3.14159,-1.96350,-0.78540,0.00000,1.57080,2.74889,-2.74889,-1.57080,-0.78540,0.39270,1.17810,2.35619,3.14159,-2.74889,-1.17810,0.39270,1.17810,2.35619,-2.74889
130.26
2.35619,-2.74889,-1.96350,-1.17810,0.00000,1.17810,2.35619,3.14159,-1.96350,-0.78540,0.00000,0.78540,1.96350,3.14159,-1.96350,-0.78540,0.39270,1.17810,2.35619,-2.74889,-1.96350,-0.78540,0.00000,1.17810,2.35619,3.14159,-2.35619,-0.78540,0.00000,1.17810,2.35619,-2.74889
130.59
2.35619,-2.74889,-1.96350,-1.17810,0.00000,1.17810,2.35619,3.14159,-2.35619,-1.17810,0.00000,0.78540,1.96350,3.14159,-1.96350,-0.78540,0.39270,1.17810,2.35619,-2.74889,-1.96350,-0.78540,0.39270,1.17810,2.35619,3.14159,-2.35619,-0.78540,0.00000,1.17810,2.35619,-2.74889
131.02
1.96350,-2.74889,-1.96350,-0.78540,0.00000,1.17810,2.35619,3.14159,-1.96350,-1.17810,0.00000,0.78540,1.57080,3.14159,-1.96350,-1.17810,0.00000,1.17810,2.35619,-2.74889,-1.57080,-0.78540,0.39270,1.57080,2.35619,3.14159,-2.35619,-1.17810,0.00000,1.17810,2.35619,-2.74889
131.25
2.35619,-2.74889,-1.96350,-0.78540,0.39270,1.57080,2.35619,3.14159,-2.35619,-1.17810,0.00000,0.78540,1.96350,3.14159,-1.96350,-0.78540,0.39270,1.17810,2.35619,-2.74889,-1.57080,-0.39270,0.39270,0.78540,2.35619,3.14159,-2.35619,-1.17810,0.00000,1.17810,2.35619,-2.74889
131.25
1.96350,-2.74889,-1.57080,-0.78540,0.00000,1.57080,2.35619,3.14159,-1.96350,-1.17810,0.00000,0.78540,1.96350,3.14159,-1.96350,-0.78540,0.39270,1.57080,2.35619,-2.74889,-1.57080,-0.39270,0.39270,1.17810,2.35619,3.14159,-2.35619,-1.17810,0.00000,1.17810,2.35619,-2.74889
131.80
1.96350,-2.74889,-1.96350,-0.78540,0.39270,1.17810,2.35619,3.14159,-1.96350,-1.17810,0.00000,0.78540,1.96350,3.14159,-1.96350,-0.78540,0.39270,1.17810,2.35619,-2.74889,-1.57080,-0.78540,0.00000,1.57080,2.35619,3.14159,-2.35619,-1.17810,0.00000,1.17810,2.35619,-2.74889
132.08
2.35619,-2.74889,-1.57080,-0.78540,0.39270,1.17810,2.35619,3.14159,-1.96350,-0.78540,0.00000,1.17810,1.96350,3.14159,-1.96350,-0.78540,0.39270,1.57080,2.74889,-2.74889,-1.57080,-0.39270,0.39270,1.57080,2.35619,3.14159,-1.96350,-0.78540,0.00000,1.17810,2.35619,-2.74889
132.16
2.35619,-2.74889,-1.57080,-0.78540,0.39270,1.17810,2.35619,3.14159,-1.96350,-1.17810,0.00000,0.78540,1.96350,3.14159,-1.96350,-0.78540,0.39270,1.17810,2.35619,-2.74889,-1.57080,-0.78540,0.39270,1.17810,2.35619,3.14159,-1.96350,-1.17810,0.00000,1.17810,2.35619,-2.74889
132.18
2.35619,-2.74889,-1.96350,-0.78540,0.39270,1.57080,2.35619,3.14159,-1.96350,-0.78540,0.00000,1.17810,1.96350,3.14159,-1.96350,-0.78540,0.39270,1.17810,2.74889,-2.74889,-1.57080,-0.78540,0.39270,1.17810,2.35619,3.14159,-1.96350,-0.78540,0.00000,1.17810,2.35619,-2.74889
132.25
2.35619,-2.74889,-1.96350,-0.78540,0.39270,1.57080,2.35619,3.14159,-1.96350,-1.17810,0.00000,0.78540,1.96350,3.14159,-1.96350,-0.78540,0.39270,1.57080,2.35619,-2.74889,-1.57080,-0.78540,0.39270,1.17810,1.96350,3.14159,-1.96350,-1.17810,0.00000,1.17810,2.35619,-2.74889
132.30
2.35619,-2.74889,-1.96350,-0.78540,0.39270,1.57080,2.35619,3.14159,-1.96350,-0.78540,0.00000,0.78540,1.96350,3.14159,-1.96350,-0.78540,0.39270,1.17810,2.35619,-2.74889,-1.57080,-0.78540,0.39270,1.57080,2.35619,3.14159,-1.96350,-1.17810,0.00000,1.17810,2.35619,-2.74889
132.31
2.35619,-2.74889,-1.96350,-0.78540,0.39270,1.57080,2.35619,3.14159,-1.96350,-0.78540,0.00000,1.17810,1.96350,3.14159,-1.96350,-0.78540,0.39270,1.57080,2.74889,-2.74889,-1.57080,-0.78540,0.39270,1.17810,2.35619,3.14159,-1.96350,-0.78540,0.00000,1.17810,2.35619,-2.74889
132.46
2.35619,-2.74889,-1.96350,-0.78540,0.39270,1.57080,2.35619,3.14159,-1.96350,-1.17810,0.00000,0.78540,1.96350,3.14159,-1.96350,-0.78540,0.39270,1.17810,2.35619,-2.74889,-1.57080,-0.78540,0.39270,1.17810,2.35619,3.14159,-2.35619,-1.17810,0.00000,1.17810,2.35619,-2.74889
132.50
2.35619,-2.74889,-1.96350,-0.78540,0.39270,1.57080,2.35619,3.14159,-1.96350,-1.17810,0.00000,0.78540,1.96350,3.14159,-1.96350,-0.78540,0.39270,1.57080,2.35619,-2.74889,-1.57080,-0.78540,0.39270,1.17810,2.35619,3.14159,-1.96350,-1.17810,0.00000,1.17810,2.35619,-2.74889
132.56
2.35619,-2.74889,-1.96350,-0.78540,0.39270,1.57080,2.35619,3.14159,-1.96350,-1.17810,0.00000,0.78540,1.96350,3.14159,-1.96350,-0.78540,0.39270,1.17810,2.35619,-2.74889,-1.57080,-0.78540,0.39270,1.17810,2.35619,3.14159,-1.96350,-1.17810,0.00000,1.17810,2.35619,-2.74889
