2.46
0.39270,0.00000,-0.78540,0.00000,-0.39270,0.00000,0.39270,0.00000,-0.39270,0.39270,-0.78540,-0.39270,-0.78540,0.00000,0.00000,0.00000,-0.78540,-0.39270,-0.39270,-0.39270,0.39270,0.39270,0.00000,0.39270,-0.39270,-0.39270,0.00000,0.00000,0.39270,0.00000,-0.78540,0.00000
7.82
0.78540,0.00000,0.39270,-0.39270,-0.39270,-0.78540,0.78540,0.00000,-0.78540,0.00000,-1.57080,-0.78540,-0.78540,0.39270,0.39270,0.00000,-0.39270,-0.39270,0.00000,-1.17810,-0.39270,0.78540,-0.39270,0.39270,-1.17810,-0.78540,0.00000,1.17810,0.78540,-1.17810,-1.96350,-0.78540
67.73
0.78540,1.17810,-1.96350,-0.78540,-0.39270,0.39270,0.78540,0.39270,0.00000,1.96350,-1.96350,-0.39270,-0.78540,0.00000,0.78540,0.78540,-1.96350,-1.57080,-0.78540,-0.39270,0.39270,0.39270,0.78540,1.96350,-1.96350,-0.78540,-0.39270,0.00000,0.39270,1.17810,-2.35619,-1.17810
139.95
1.17810,1.57080,-2.74889,-2.35619,-0.78540,0.00000,0.39270,0.78540,1.17810,3.14159,-2.74889,-0.78540,-0.78540,0.00000,0.78540,1.96350,-2.74889,-2.74889,-0.39270,-0.39270,0.39270,1.17810,2.35619,3.14159,-2.74889,-1.17810,-0.39270,0.39270,0.78540,1.96350,-2.74889,-1.96350
142.52
1.96350,1.57080,-2.74889,-2.74889,-0.78540,-0.78540,0.00000,1.57080,2.74889,3.14159,-2.74889,-1.57080,-0.39270,0.00000,1.17810,2.35619,-2.74889,-2.74889,-0.78540,0.00000,0.78540,1.57080,3.14159,3.14159,-2.74889,-1.57080,-0.39270,0.39270,0.78540,2.35619,-2.74889,-2.35619
143.10
1.57080,2.74889,-2.74889,-2.74889,-1.57080,0.00000,1.17810,1.57080,2.74889,3.14159,-2.74889,-1.17810,0.00000,0.39270,1.17810,2.74889,-2.74889,-2.74889,-0.78540,-0.39270,0.78540,1.57080,3.14159,3.14159,-2.74889,-1.17810,-0.39270,0.39270,1.57080,3.14159,-2.74889,-1.96350
143.22
1.57080,2.74889,-2.74889,-2.74889,-1.17810,0.00000,0.39270,2.35619,2.74889,3.14159,-2.74889,-1.17810,-0.39270,0.39270,1.17810,2.74889,-2.74889,-2.74889,-1.57080,0.00000,0.78540,1.57080,3.14159,3.14159,-2.74889,-1.57080,0.00000,0.39270,1.57080,2.74889,-2.74889,-1.96350
144.91
1.17810,2.74889,-2.74889,-2.74889,-0.78540,0.00000,0.39270,2.35619,2.35619,3.14159,-2.74889,-1.17810,-0.39270,0.39270,1.17810,2.74889,-2.74889,-2.74889,-1.17810,0.00000,1.17810,1.96350,3.14159,3.14159,-2.74889,-1.17810,-0.78540,0.39270,1.96350,2.74889,-2.74889,-1.96350
145.63
1.17810,2.74889,-2.74889,-2.74889,-0.78540,-0.39270,0.39270,1.96350,1.96350,3.14159,-2.74889,-1.17810,-0.39270,0.39270,0.78540,2.35619,-2.74889,-2.74889,-1.17810,0.00000,1.17810,1.96350,3.14159,3.14159,-2.74889,-1.57080,-0.78540,0.39270,1.57080,2.74889,-2.74889,-1.57080
145.68
1.57080,2.74889,-2.74889,-2.74889,-1.17810,0.00000,0.78540,1.57080,2.35619,3.14159,-2.74889,-1.57080,-0.39270,0.39270,1.17810,2.74889,-2.74889,-2.74889,-0.39270,0.00000,1.17810,1.57080,3.14159,3.14159,-2.74889,-1.96350,-0.78540,0.39270,1.17810,2.74889,-2.74889,-1.57080
146.09
1.57080,2.74889,-2.74889,-2.74889,-0.78540,-0.39270,0.78540,1.96350,2.35619,3.14159,-2.74889,-1.57080,-0.78540,0.39270,1.96350,2.74889,-2.74889,-2.74889,-1.17810,0.00000,1.17810,1.57080,3.14159,3.14159,-2.74889,-1.57080,-0.78540,0.39270,1.57080,2.74889,-2.74889,-1.57080
146.65
1.17810,2.74889,-2.74889,-2.74889,-1.57080,0.00000,0.78540,1.57080,2.74889,3.14159,-2.74889,-1.17810,-0.78540,0.39270,1.57080,2.74889,-2.74889,-2.74889,-1.17810,-0.39270,1.17810,1.57080,3.14159,3.14159,-2.74889,-1.57080,-0.39270,0.39270,1.17810,2.35619,-2.74889,-1.57080
146.97
1.57080,2.74889,-2.74889,-2.74889,-0.78540,0.00000,0.39270,1.96350,2.35619,3.14159,-2.74889,-1.57080,-0.78540,0.39270,1.17810,2.35619,-2.74889,-2.74889,-0.78540,0.00000,0.78540,2.35619,3.14159,3.14159,-2.74889,-1.57080,-0.39270,0.39270,1.96350,2.74889,-2.74889,-1.96350
148.01
1.57080,2.35619,-2.74889,-2.74889,-0.78540,-0.39270,0.78540,1.17810,1.96350,3.14159,-2.74889,-1.57080,-0.39270,0.39270,1.57080,2.74889,-2.74889,-2.74889,-0.78540,0.00000,1.17810,1.96350,3.14159,3.14159,-2.74889,-1.57080,-1.17810,0.78540,1.17810,2.35619,-2.74889,-1.96350
149.05
1.17810,2.74889,-2.74889,-2.74889,-1.17810,-0.39270,0.78540,1.57080,2.35619,3.14159,-2.74889,-1.57080,-0.39270,0.39270,1.57080,2.74889,-2.74889,-2.74889,-1.17810,0.00000,1.17810,1.96350,3.14159,3.14159,-2.74889,-1.57080,-0.78540,0.39270,1.57080,2.74889,-2.74889,-1.57080
149.59
0.78540,1.96350,-2.74889,-2.74889,-1.17810,0.00000,0.39270,1.57080,2.74889,3.14159,-2.74889,-1.57080,-0.78540,0.00000,1.17810,2.74889,-2.74889,-1.57080,-1.57080,-0.39270,0.78540,1.57080,2.74889,3.14159,-2.74889,-1.57080,-0.39270,0.39270,1.57080,2.35619,-2.74889,-2.35619
149.75
1.17810,2.35619,-2.74889,-2.74889,-1.17810,0.00000,0.39270,1.57080,2.35619,3.14159,-2.74889,-1.17810,-0.39270,0.39270,1.17810,2.35619,-2.74889,-2.74889,-0.78540,0.39270,1.17810,1.96350,2.74889,3.14159,-2.74889,-1.57080,-0.78540,0.78540,1.57080,2.74889,-2.74889,-2.35619
150.47
1.17810,2.35619,-2.74889,-2.74889,-0.78540,0.00000,0.78540,2.35619,1.96350,3.14159,-2.74889,-1.17810,-0.39270,0.78540,1.17810,1.96350,-2.74889,-1.96350,-0.78540,0.00000,1.17810,1.96350,2.74889,3.14159,-2.74889,-1.57080,-0.39270,0.78540,1.57080,2.74889,-2.74889,-1.96350
154.00
1.17810,1.96350,-2.74889,-2.74889,-1.17810,-0.39270,0.78540,1.17810,2.35619,3.14159,-2.74889,-1.57080,-0.39270,0.39270,1.57080,2.74889,-2.74889,-1.96350,-1.17810,0.00000,1.17810,1.96350,2.74889,3.14159,-2.74889,-1.57080,-0.78540,0.39270,1.57080,2.74889,-2.74889,-1.57080
154.95
1.17810,2.35619,-2.74889,-2.74889,-1.17810,-0.39270,0.39270,1.57080,2.35619,3.14159,-2.74889,-1.57080,-0.78540,0.39270,1.17810,2.35619,-2.74889,-2.74889,-0.78540,-0.39270,0.78540,1.57080,2.35619,3.14159,-2.74889,-1.17810,-0.78540,0.39270,1.17810,2.35619,-2.74889,-1.96350
156.30
1.17810,2.35619,-2.74889,-2.35619,-1.17810,-0.39270,0.39270,1.17810,1.96350,3.14159,-2.74889,-1.57080,-0.39270,0.00000,1.17810,2.35619,-2.74889,-2.74889,-1.17810,-0.39270,0.78540,1.57080,2.74889,3.14159,-2.74889,-1.57080,-0.39270,0.39270,1.17810,2.35619,-2.74889,-1.96350
156.53
1.17810,2.35619,-2.74889,-2.35619,-1.17810,-0.39270,0.78540,1.17810,1.96350,3.14159,-2.74889,-1.57080,-0.39270,0.00000,1.17810,2.35619,-2.74889,-2.35619,-0.78540,0.00000,0.78540,1.57080,3.14159,3.14159,-2.74889,-1.57080,-0.78540,0.39270,1.17810,2.35619,-2.74889,-1.96350
157.69
1.17810,2.35619,-2.74889,-1.96350,-1.17810,-0.39270,0.78540,1.57080,1.96350,3.14159,-2.74889,-1.57080,-0.39270,0.39270,1.17810,1.96350,-2.74889,-2.35619,-0.78540,0.00000,1.17810,1.57080,2.35619,3.14159,-2.35619,-1.57080,-0.78540,0.39270,1.17810,2.35619,-2.74889,-1.57080
158.13
1.17810,2.74889,-2.74889,-1.96350,-1.17810,0.00000,0.78540,1.57080,2.35619,3.14159,-2.74889,-1.57080,-0.39270,0.39270,1.57080,1.96350,-2.74889,-2.35619,-0.78540,0.00000,1.17810,1.57080,2.74889,3.14159,-1.96350,-1.57080,-0.39270,0.39270,1.17810,2.35619,-2.74889,-1.96350
158.49
1.57080,2.35619,-2.74889,-1.96350,-1.17810,-0.39270,0.78540,1.57080,1.96350,3.14159,-2.74889,-1.57080,-0.39270,0.39270,1.57080,2.35619,-2.74889,-1.96350,-1.17810,0.00000,1.17810,1.96350,2.74889,3.14159,-2.74889,-1.17810,-0.39270,0.39270,1.17810,2.35619,-2.74889,-1.57080
158.64
1.17810,2.35619,-2.74889,-1.96350,-1.17810,-0.39270,0.78540,1.57080,1.96350,3.14159,-2.74889,-1.57080,-0.39270,0.39270,1.57080,2.35619,-2.74889,-2.35619,-0.78540,0.00000,1.17810,1.57080,2.74889,3.14159,-2.74889,-1.17810,-0.39270,0.39270,1.57080,2.35619,-2.74889,-1.96350
159.28
1.17810,2.35619,-2.74889,-2.35619,-1.17810,0.00000,0.39270,1.57080,2.35619,3.14159,-2.74889,-1.57080,-0.39270,0.39270,1.57080,2.35619,-2.74889,-1.96350,-0.78540,0.00000,1.17810,1.96350,2.74889,3.14159,-2.74889,-1.17810,-0.39270,0.39270,1.57080,2.35619,-2.74889,-1.96350
160.49
1.57080,2.35619,-2.74889,-2.35619,-1.17810,0.00000,0.39270,1.57080,2.35619,3.14159,-2.74889,-1.57080,-0.39270,0.39270,1.17810,2.35619,-2.74889,-1.96350,-1.17810,0.00000,0.78540,1.57080,2.74889,3.14159,-2.35619,-1.57080,-0.39270,0.39270,1.17810,2.35619,-2.74889,-1.96350
161.18
1.17810,2.35619,-2.74889,-1.96350,-1.17810,-0.39270,0.78540,1.17810,2.35619,3.14159,-2.74889,-1.57080,-0.39270,0.39270,1.17810,2.35619,-2.74889,-1.96350,-1.17810,0.00000,0.78540,1.57080,2.35619,3.14159,-1.96350,-1.17810,-0.78540,0.39270,1.57080,2.35619,-2.74889,-1.96350
161.21
1.57080,2.35619,-2.74889,-1.96350,-1.17810,0.00000,0.78540,1.17810,2.35619,3.14159,-2.74889,-1.57080,-0.39270,0.39270,1.57080,2.35619,-2.74889,-1.96350,-1.17810,0.00000,1.17810,1.57080,2.74889,3.14159,-2.35619,-1.17810,-0.39270,0.39270,1.57080,2.35619,-2.74889,-1.96350
161.65
1.57080,2.35619,-2.74889,-1.96350,-1.17810,0.00000,0.78540,1.57080,2.35619,3.14159,-2.74889,-1.57080,-0.39270,0.39270,1.57080,2.35619,-2.74889,-1.96350,-1.17810,0.00000,0.78540,1.96350,2.74889,3.14159,-2.35619,-1.17810,-0.39270,0.39270,1.57080,2.35619,-2.74889,-1.96350
161.67
1.57080,2.35619,-2.74889,-1.96350,-1.17810,0.00000,0.39270,1.57080,2.35619,3.14159,-2.74889,-1.57080,-0.39270,0.39270,1.57080,2.35619,-2.74889,-1.96350,-1.17810,0.00000,0.78540,1.57080,2.74889,3.14159,-1.96350,-1.17810,-0.39270,0.39270,1.57080,2.35619,-2.74889,-1.96350
161.93
1.57080,2.35619,-2.74889,-1.96350,-1.17810,0.00000,0.78540,1.57080,2.35619,3.14159,-2.74889,-1.57080,-0.39270,0.39270,1.57080,2.35619,-2.74889,-1.96350,-1.17810,0.00000,1.17810,1.96350,2.74889,3.14159,-1.96350,-1.17810,-0.39270,0.39270,1.57080,2.35619,-2.74889,-1.96350
161.96
1.57080,2.35619,-2.74889,-1.96350,-1.17810,0.00000,0.78540,1.57080,2.35619,3.14159,-2.74889,-1.57080,-0.39270,0.39270,1.57080,2.35619,-2.74889,-1.96350,-1.17810,0.00000,0.78540,1.57080,2.74889,3.14159,-1.96350,-1.17810,-0.39270,0.39270,1.57080,2.35619,-2.74889,-1.96350
162.01
1.57080,2.35619,-2.74889,-1.96350,-1.17810,0.00000,0.78540,1.57080,2.35619,3.14159,-2.74889,-1.57080,-0.39270,0.39270,1.57080,2.35619,-2.74889,-1.96350,-1.17810,0.00000,0.78540,1.96350,2.74889,3.14159,-1.96350,-1.17810,-0.39270,0.39270,1.57080,2.35619,-2.74889,-1.96350
162.55
1.57080,2.35619,-2.74889,-1.96350,-1.17810,0.00000,0.39270,1.57080,2.35619,3.14159,-2.35619,-1.57080,-0.39270,0.39270,1.57080,2.35619,-2.74889,-1.96350,-0.78540,0.00000,0.78540,1.96350,2.74889,3.14159,-1.96350,-1.17810,-0.39270,0.78540,1.57080,2.35619,-2.74889,-1.96350
162.80
1.57080,2.35619,-2.74889,-1.96350,-1.17810,0.00000,0.39270,1.57080,2.35619,3.14159,-2.35619,-1.57080,-0.39270,0.39270,1.57080,2.35619,-2.74889,-1.96350,-0.78540,0.00000,0.78540,1.96350,2.74889,3.14159,-1.96350,-1.17810,-0.39270,0.39270,1.57080,2.35619,-2.74889,-1.96350
163.04
1.57080,2.35619,-2.74889,-1.96350,-1.17810,0.00000,0.78540,1.57080,2.35619,3.14159,-2.35619,-1.57080,-0.39270,0.39270,1.57080,2.35619,-2.74889,-1.96350,-0.78540,0.00000,1.17810,1.96350,2.74889,3.14159,-1.96350,-1.17810,-0.39270,0.78540,1.57080,2.35619,-2.74889,-1.96350
