6.22
-0.78540,0.39270,-0.78540,0.00000,0.39270,-0.39270,0.78540,-0.78540,-0.39270,0.00000,0.00000,0.00000,0.78540,-0.78540,-0.39270,-0.39270,0.39270,0.00000,-0.78540,0.00000,-0.39270,-0.39270,0.39270,0.39270,-0.78540,-0.78540,-0.39270,-0.39270,0.00000,0.39270,0.78540,-0.78540
6.37
-1.57080,-1.17810,-0.39270,-0.78540,0.00000,0.00000,1.57080,-0.39270,0.00000,0.00000,0.00000,-0.78540,0.78540,0.00000,-1.57080,-0.78540,0.39270,0.78540,0.00000,0.00000,0.00000,-0.39270,-0.78540,0.39270,-0.39270,0.00000,-0.39270,-0.78540,-0.39270,1.17810,1.17810,0.00000
98.28
-2.74889,-1.57080,-1.57080,0.00000,0.39270,0.39270,2.74889,-2.74889,-0.39270,0.00000,0.00000,0.78540,2.74889,-2.74889,-0.78540,0.00000,0.78540,0.78540,-2.74889,-2.35619,0.00000,-0.39270,0.78540,1.17810,-2.74889,-2.74889,-0.78540,0.00000,0.78540,1.57080,2.74889,-2.74889
115.44
-2.74889,-2.35619,-1.57080,-0.78540,0.78540,1.96350,3.14159,-2.74889,-0.78540,0.39270,1.17810,1.57080,3.14159,-2.74889,-1.17810,0.78540,0.78540,1.96350,-2.74889,-2.35619,-0.78540,0.00000,1.57080,2.35619,-2.74889,-2.74889,-1.57080,-1.17810,0.78540,2.35619,3.14159,-2.74889
117.52
-2.74889,-2.74889,-1.17810,-0.78540,1.17810,2.74889,3.14159,-2.74889,-0.78540,0.00000,0.39270,1.96350,2.74889,-2.74889,-1.17810,0.00000,1.17810,1.96350,-2.74889,-2.74889,-1.17810,-0.39270,0.39270,3.14159,-2.74889,-2.74889,-1.57080,-0.39270,0.39270,1.96350,3.14159,-2.74889
118.30
-2.74889,-2.74889,-1.17810,0.00000,0.39270,2.74889,3.14159,-2.74889,-1.57080,0.00000,0.39270,1.96350,3.14159,-2.74889,-1.57080,0.39270,1.17810,1.96350,-2.74889,-2.74889,-1.17810,0.39270,1.17810,2.74889,-2.74889,-2.74889,-1.57080,-0.39270,0.39270,2.35619,3.14159,-2.74889
120.67
-2.74889,-2.35619,-1.17810,0.00000,1.57080,2.35619,3.14159,-2.74889,-0.78540,0.00000,0.39270,1.96350,3.14159,-2.74889,-0.78540,0.00000,1.17810,2.35619,-2.74889,-2.74889,-0.78540,-0.39270,1.57080,2.74889,-2.74889,-2.74889,-1.96350,0.00000,1.17810,1.57080,3.14159,-2.74889
121.11
-2.74889,-2.74889,-0.78540,0.00000,0.78540,2.74889,3.14159,-2.74889,-1.57080,0.00000,0.78540,2.35619,2.74889,-2.74889,-1.17810,0.39270,0.78540,1.96350,-2.74889,-2.74889,-0.78540,0.00000,1.17810,2.74889,-2.74889,-2.74889,-1.17810,-0.39270,0.39270,1.96350,3.14159,-2.74889
121.34
-2.74889,-1.57080,-0.39270,0.00000,1.57080,2.74889,3.14159,-2.74889,-0.39270,-0.39270,1.17810,1.96350,3.14159,-2.74889,-1.17810,0.39270,1.17810,2.74889,-2.74889,-1.96350,-1.17810,0.39270,1.17810,2.74889,-2.74889,-2.74889,-1.57080,-0.39270,1.57080,2.35619,3.14159,-2.74889
123.48
-2.74889,-2.74889,-1.17810,-0.39270,0.78540,1.96350,3.14159,-2.74889,-1.57080,-0.78540,0.00000,1.17810,3.14159,-2.74889,-1.17810,0.00000,0.78540,1.96350,-2.74889,-2.74889,-1.57080,0.39270,1.17810,1.96350,-2.74889,-2.74889,-1.57080,-0.39270,0.78540,1.96350,3.14159,-2.74889
123.99
-2.74889,-2.35619,-0.78540,0.00000,1.57080,2.74889,3.14159,-2.74889,-0.39270,0.00000,0.78540,2.35619,3.14159,-2.74889,-1.17810,0.00000,1.57080,2.35619,-2.74889,-1.57080,-0.78540,0.39270,1.96350,1.96350,-2.74889,-2.74889,-1.57080,0.00000,0.78540,2.35619,3.14159,-2.74889
126.53
-2.74889,-2.74889,-1.17810,0.00000,1.17810,2.35619,3.14159,-2.74889,-1.57080,0.00000,0.78540,1.96350,3.14159,-2.74889,-1.57080,0.00000,0.78540,2.35619,-2.74889,-1.96350,-0.78540,0.39270,1.57080,2.74889,-2.74889,-2.74889,-1.57080,-0.39270,0.78540,1.96350,3.14159,-2.74889
126.66
-2.74889,-2.74889,-0.78540,0.00000,0.78540,2.35619,3.14159,-2.74889,-1.17810,0.00000,0.39270,1.57080,2.74889,-2.74889,-1.57080,0.00000,0.78540,1.57080,-2.74889,-2.35619,-1.17810,0.00000,1.57080,2.35619,-2.74889,-2.74889,-1.57080,-0.39270,0.78540,1.96350,3.14159,-2.74889
126.94
-2.74889,-2.35619,-1.17810,0.00000,0.39270,2.35619,3.14159,-2.74889,-1.17810,0.00000,0.78540,1.96350,3.14159,-2.74889,-1.17810,-0.39270,0.78540,1.96350,-2.74889,-2.74889,-0.78540,0.00000,0.78540,1.96350,-2.74889,-2.74889,-1.57080,-0.39270,0.78540,1.96350,3.14159,-2.74889
127.36
-2.74889,-2.35619,-1.17810,0.00000,1.17810,1.96350,3.14159,-2.74889,-1.17810,0.00000,0.39270,1.96350,3.14159,-2.74889,-1.17810,0.00000,0.78540,2.35619,-2.74889,-2.74889,-0.78540,0.00000,1.17810,1.96350,-2.74889,-2.74889,-1.17810,-0.39270,1.17810,1.96350,3.14159,-2.74889
130.26
-2.74889,-1.96350,-1.17810,0.39270,1.17810,2.35619,3.14159,-2.74889,-1.17810,0.00000,0.78540,1.96350,3.14159,-2.74889,-1.17810,0.00000,1.17810,2.35619,-2.74889,-2.35619,-1.17810,0.00000,1.17810,1.96350,-2.74889,-2.74889,-1.57080,-0.39270,0.78540,1.96350,3.14159,-2.74889
131.08
-2.74889,-1.96350,-1.17810,0.00000,1.17810,2.35619,3.14159,-2.74889,-1.17810,0.00000,0.78540,1.96350,3.14159,-2.74889,-1.17810,0.00000,1.17810,1.96350,-2.74889,-1.96350,-0.78540,0.00000,1.57080,2.35619,-2.74889,-2.74889,-1.57080,-0.39270,0.78540,1.96350,3.14159,-2.74889
131.38
-2.74889,-2.35619,-1.17810,0.00000,1.17810,2.35619,3.14159,-2.74889,-1.17810,0.00000,0.39270,1.96350,3.14159,-2.74889,-1.17810,0.00000,1.17810,1.96350,-2.74889,-1.96350,-0.78540,0.00000,1.17810,1.96350,-2.74889,-2.74889,-1.57080,-0.39270,0.78540,1.96350,3.14159,-2.74889
131.73
-2.74889,-2.35619,-1.17810,0.00000,1.17810,1.96350,3.14159,-2.74889,-1.17810,-0.39270,0.39270,1.57080,3.14159,-2.74889,-1.17810,-0.39270,0.78540,1.96350,-2.74889,-1.96350,-0.78540,0.00000,1.17810,1.96350,-2.74889,-2.74889,-1.57080,-0.39270,0.78540,1.96350,3.14159,-2.74889
132.22
-2.74889,-1.96350,-1.17810,0.00000,1.17810,2.35619,3.14159,-2.74889,-1.17810,-0.39270,0.78540,1.96350,2.74889,-2.74889,-1.17810,0.00000,1.17810,1.96350,-2.74889,-1.96350,-0.78540,0.00000,0.78540,1.96350,-2.74889,-2.74889,-1.17810,-0.39270,0.78540,1.96350,3.14159,-2.74889
132.34
-2.74889,-2.35619,-1.17810,0.00000,1.17810,1.96350,3.14159,-2.74889,-1.57080,-0.39270,0.78540,1.57080,3.14159,-2.74889,-1.17810,0.00000,1.17810,1.96350,-2.74889,-1.96350,-0.78540,0.00000,1.17810,1.57080,-2.74889,-2.74889,-1.57080,-0.39270,0.78540,1.96350,3.14159,-2.35619
132.36
-2.74889,-1.96350,-1.17810,0.00000,0.78540,2.35619,3.14159,-2.74889,-1.17810,0.00000,0.78540,1.57080,2.74889,-2.74889,-1.17810,-0.39270,1.17810,2.35619,-2.74889,-1.57080,-0.78540,0.00000,1.17810,1.96350,-2.74889,-2.74889,-1.57080,-0.39270,0.78540,1.96350,3.14159,-2.35619
132.40
-2.74889,-2.35619,-1.17810,0.00000,1.17810,2.35619,3.14159,-2.74889,-1.17810,0.00000,0.78540,1.57080,3.14159,-2.35619,-1.17810,0.00000,1.17810,1.96350,-2.74889,-1.96350,-1.17810,0.00000,1.17810,1.96350,-2.74889,-2.74889,-1.57080,-0.39270,0.78540,1.96350,3.14159,-2.74889
132.59
-2.74889,-1.96350,-1.17810,0.00000,1.17810,2.35619,3.14159,-2.74889,-1.17810,-0.39270,0.78540,1.96350,3.14159,-2.74889,-1.17810,0.00000,1.17810,1.96350,-2.74889,-1.96350,-0.78540,0.00000,0.78540,1.57080,-2.74889,-2.74889,-1.57080,-0.39270,0.78540,1.96350,3.14159,-2.35619
133.11
-2.74889,-2.35619,-1.17810,0.00000,1.17810,1.96350,3.14159,-2.74889,-1.57080,-0.39270,0.78540,1.57080,2.74889,-2.74889,-1.57080,0.00000,0.78540,1.96350,-2.74889,-1.96350,-1.17810,0.00000,0.78540,1.96350,-2.74889,-2.74889,-1.57080,-0.39270,0.78540,1.57080,3.14159,-2.35619
133.53
-2.74889,-1.96350,-1.17810,0.00000,1.17810,2.35619,3.14159,-2.74889,-1.17810,-0.39270,0.78540,1.57080,2.74889,-2.74889,-1.17810,0.00000,0.78540,2.35619,-2.74889,-1.96350,-0.78540,0.00000,1.17810,2.35619,-2.74889,-2.74889,-1.17810,-0.39270,0.78540,1.96350,3.14159,-2.35619
133.72
-2.74889,-2.35619,-1.17810,0.00000,1.17810,1.96350,3.14159,-2.74889,-1.17810,0.00000,0.78540,1.57080,2.74889,-2.74889,-1.17810,0.00000,1.17810,1.96350,-2.74889,-1.96350,-0.78540,0.00000,1.17810,1.96350,-2.74889,-2.74889,-1.57080,-0.39270,0.78540,1.96350,3.14159,-2.35619
133.87
-2.74889,-1.96350,-1.17810,0.00000,1.17810,2.35619,3.14159,-2.74889,-1.17810,0.00000,0.78540,1.57080,2.74889,-2.74889,-1.17810,0.00000,1.17810,2.35619,-2.74889,-1.96350,-0.78540,0.00000,1.17810,1.96350,-2.74889,-2.74889,-1.57080,-0.39270,0.78540,1.96350,3.14159,-2.35619
133.96
-2.74889,-1.96350,-1.17810,0.00000,1.17810,2.35619,3.14159,-2.74889,-1.17810,0.00000,0.78540,1.96350,2.74889,-2.74889,-1.17810,0.00000,1.17810,2.35619,-2.74889,-1.96350,-0.78540,0.00000,1.17810,1.96350,-2.74889,-2.74889,-1.57080,-0.39270,0.78540,1.96350,3.14159,-1.96350
133.96
-2.74889,-1.96350,-0.78540,0.00000,1.17810,2.35619,3.14159,-2.74889,-1.17810,0.00000,0.78540,1.96350,2.74889,-2.74889,-1.17810,0.00000,1.17810,1.96350,-2.74889,-1.96350,-0.78540,0.00000,1.17810,1.96350,-2.74889,-2.74889,-1.57080,-0.39270,0.78540,1.96350,3.14159,-1.96350
134.01
-2.74889,-1.96350,-1.17810,0.00000,1.17810,2.35619,3.14159,-2.74889,-1.17810,0.00000,0.78540,1.96350,2.74889,-2.74889,-1.17810,0.00000,1.17810,2.35619,-2.74889,-1.96350,-0.78540,0.00000,1.17810,1.96350,-2.74889,-2.74889,-1.17810,-0.39270,0.78540,1.96350,3.14159,-1.96350
134.06
-2.74889,-1.96350,-1.17810,0.00000,1.17810,2.35619,3.14159,-2.74889,-1.17810,0.00000,1.17810,1.96350,2.74889,-2.35619,-1.17810,0.00000,1.17810,1.96350,-2.74889,-1.96350,-0.78540,0.00000,1.17810,2.35619,-2.74889,-2.74889,-1.57080,0.00000,0.78540,1.96350,3.14159,-1.96350
134.60
-2.74889,-1.96350,-0.78540,0.00000,1.17810,2.35619,3.14159,-2.74889,-1.17810,0.00000,0.78540,1.96350,3.14159,-2.35619,-1.17810,0.00000,1.17810,2.35619,-2.74889,-1.96350,-0.78540,0.00000,1.17810,1.96350,-2.74889,-2.74889,-1.17810,0.00000,0.78540,1.96350,3.14159,-2.35619
134.81
-2.74889,-1.96350,-0.78540,0.00000,1.17810,2.35619,3.14159,-2.74889,-1.17810,0.00000,0.78540,1.96350,2.74889,-2.35619,-1.17810,0.00000,1.17810,2.35619,-2.74889,-1.96350,-0.78540,0.39270,1.17810,1.96350,-2.74889,-2.74889,-1.57080,-0.39270,0.78540,1.96350,3.14159,-2.35619
134.91
3.14159,-1.96350,-1.17810,0.39270,1.17810,2.35619,3.14159,-2.74889,-1.17810,0.00000,0.78540,1.96350,2.74889,-2.74889,-1.17810,0.00000,0.78540,1.96350,-2.74889,-1.96350,-0.78540,0.00000,1.17810,1.96350,-2.74889,-2.35619,-1.57080,-0.39270,0.78540,1.96350,3.14159,-2.35619
135.08
3.14159,-1.96350,-0.78540,0.39270,1.17810,2.35619,3.14159,-2.74889,-1.17810,0.00000,0.78540,1.96350,2.74889,-2.74889,-1.17810,0.00000,1.17810,2.35619,-2.74889,-1.96350,-0.78540,0.00000,1.17810,2.35619,-2.74889,-2.35619,-1.17810,0.00000,0.78540,1.96350,3.14159,-1.96350
135.13
3.14159,-1.96350,-0.78540,0.00000,1.17810,2.35619,3.14159,-2.74889,-1.17810,0.00000,0.78540,1.96350,2.74889,-2.74889,-1.17810,0.00000,1.17810,1.96350,-2.74889,-1.96350,-0.78540,0.00000,1.17810,2.35619,-2.74889,-2.35619,-1.17810,-0.39270,0.78540,1.96350,3.14159,-2.35619
135.17
3.14159,-1.96350,-0.78540,0.39270,1.17810,2.35619,3.14159,-2.74889,-1.17810,0.00000,0.78540,1.96350,2.74889,-2.74889,-1.17810,0.00000,1.17810,2.35619,-2.74889,-1.96350,-0.78540,0.00000,1.17810,1.96350,-2.74889,-2.35619,-1.57080,-0.39270,0.78540,1.96350,3.14159,-1.96350
135.29
3.14159,-1.96350,-0.78540,0.39270,1.17810,2.35619,3.14159,-2.74889,-1.17810,0.00000,0.78540,1.96350,2.74889,-2.74889,-1.17810,0.00000,1.17810,2.35619,-2.74889,-1.96350,-0.78540,0.00000,1.17810,1.96350,-2.74889,-2.35619,-1.17810,-0.39270,0.78540,1.96350,3.14159,-1.96350
135.46
3.14159,-1.96350,-1.17810,0.39270,1.17810,2.35619,3.14159,-1.96350,-1.17810,0.00000,0.78540,1.57080,2.74889,-2.74889,-1.17810,0.00000,0.78540,1.96350,-2.74889,-1.96350,-0.78540,0.00000,1.17810,1.96350,-2.74889,-2.74889,-1.17810,-0.39270,0.78540,1.96350,3.14159,-1.96350
135.63
3.14159,-1.96350,-1.17810,0.00000,1.17810,2.35619,3.14159,-1.96350,-1.17810,-0.39270,0.78540,1.57080,2.74889,-2.74889,-1.17810,0.00000,0.78540,1.96350,-2.74889,-1.96350,-0.78540,0.00000,0.78540,1.96350,-2.74889,-2.74889,-1.17810,-0.39270,0.78540,1.96350,3.14159,-1.96350
135.85
3.14159,-1.96350,-1.17810,0.00000,1.17810,2.35619,3.14159,-1.96350,-1.17810,0.00000,0.78540,1.96350,2.74889,-2.74889,-1.17810,0.00000,1.17810,1.96350,-2.74889,-1.96350,-0.78540,0.00000,1.17810,2.35619,-2.74889,-2.74889,-1.17810,-0.39270,0.78540,1.96350,3.14159,-1.96350
136.07
3.14159,-1.96350,-1.17810,0.00000,1.17810,2.35619,3.14159,-1.96350,-1.17810,-0.39270,0.78540,1.57080,2.74889,-2.74889,-1.17810,0.00000,0.78540,1.96350,-2.74889,-1.96350,-0.78540,0.00000,1.17810,1.96350,-2.74889,-2.74889,-1.57080,-0.39270,0.78540,1.96350,3.14159,-2.35619
136.11
3.14159,-1.96350,-1.17810,0.00000,1.17810,2.35619,3.14159,-2.35619,-1.17810,-0.39270,0.78540,1.57080,2.74889,-2.74889,-1.17810,0.00000,1.17810,1.96350,-2.74889,-1.96350,-0.78540,0.00000,1.17810,1.96350,-2.74889,-2.74889,-1.57080,-0.39270,0.78540,1.96350,3.14159,-2.35619
136.16
3.14159,-1.96350,-1.17810,0.00000,1.17810,2.35619,3.14159,-2.35619,-1.17810,-0.39270,0.78540,1.57080,2.74889,-2.74889,-1.17810,0.00000,0.78540,1.96350,-2.74889,-1.96350,-0.78540,0.00000,1.17810,1.96350,-2.74889,-2.74889,-1.57080,-0.39270,0.78540,1.96350,3.14159,-2.35619
136.59
3.14159,-1.96350,-1.17810,0.00000,1.17810,2.35619,3.14159,-1.96350,-1.17810,-0.39270,0.78540,1.96350,2.74889,-2.35619,-1.17810,0.00000,1.17810,1.96350,-2.74889,-1.57080,-0.78540,0.00000,1.17810,1.96350,-2.74889,-2.74889,-1.57080,-0.39270,0.78540,1.96350,3.14159,-1.96350
136.91
3.14159,-1.96350,-1.17810,0.00000,1.17810,2.35619,3.14159,-1.96350,-1.17810,-0.39270,0.78540,1.96350,2.74889,-2.35619,-1.17810,0.00000,1.17810,1.96350,-2.74889,-1.96350,-0.78540,0.39270,1.17810,1.96350,-2.74889,-2.74889,-1.17810,-0.39270,0.78540,1.96350,3.14159,-1.96350
136.96
3.14159,-1.96350,-0.78540,0.00000,1.17810,2.35619,3.14159,-1.96350,-1.17810,0.00000,0.78540,1.57080,2.74889,-2.35619,-1.17810,0.00000,1.17810,1.96350,-2.74889,-1.96350,-0.78540,0.39270,1.17810,1.96350,-2.74889,-2.74889,-1.17810,-0.39270,0.78540,1.96350,3.14159,-1.96350
137.05
3.14159,-1.96350,-0.78540,0.00000,1.17810,2.35619,3.14159,-1.96350,-1.17810,-0.39270,0.78540,1.96350,2.74889,-2.35619,-1.17810,0.00000,1.17810,2.35619,-2.74889,-1.96350,-0.78540,0.00000,1.17810,1.96350,-2.74889,-2.74889,-1.57080,-0.39270,0.78540,1.96350,3.14159,-1.96350
137.30
3.14159,-1.96350,-0.78540,0.00000,1.17810,2.35619,3.14159,-1.96350,-1.17810,0.00000,0.78540,1.96350,2.74889,-2.35619,-1.17810,0.00000,1.17810,2.35619,-2.74889,-1.96350,-0.78540,0.00000,1.17810,1.96350,-2.74889,-2.74889,-1.17810,-0.39270,0.78540,1.96350,3.14159,-1.96350
137.31
3.14159,-1.96350,-0.78540,0.00000,1.17810,2.35619,3.14159,-1.96350,-1.17810,0.00000,0.78540,1.96350,2.74889,-2.35619,-1.17810,0.00000,1.17810,2.35619,-2.74889,-1.96350,-0.78540,0.39270,1.17810,1.96350,-2.74889,-2.74889,-1.17810,-0.39270,0.78540,1.96350,3.14159,-1.96350
137.94
3.14159,-1.96350,-0.78540,0.39270,1.17810,2.35619,3.14159,-1.96350,-1.17810,0.00000,0.78540,1.96350,3.14159,-2.35619,-1.17810,0.00000,1.17810,2.35619,-2.74889,-1.57080,-0.78540,0.39270,1.17810,1.96350,-2.74889,-2.35619,-1.17810,-0.39270,0.78540,1.96350,3.14159,-1.96350
137.98
3.14159,-1.96350,-0.78540,0.39270,1.17810,2.35619,3.14159,-1.96350,-1.17810,0.00000,0.78540,1.96350,3.14159,-1.96350,-1.17810,0.00000,1.17810,2.35619,-2.74889,-1.57080,-0.78540,0.39270,1.17810,2.35619,-2.74889,-2.35619,-1.17810,-0.39270,0.78540,1.96350,3.14159,-1.96350
