15.95
-0.39270,-0.39270,-0.39270,0.39270,0.78540,0.78540,-0.78540,-0.78540,-0.39270,-0.39270,0.78540,0.39270,0.78540,-0.39270,-0.78540,-0.39270,0.39270,0.78540,0.78540,-0.78540,-0.78540,-0.39270,0.00000,0.78540,0.00000,0.78540,-0.39270,-0.39270,0.00000,0.00000,0.39270,0.78540
86.95
-1.96350,-1.96350,-0.39270,0.39270,1.17810,2.35619,-2.35619,-1.17810,0.00000,-0.78540,0.39270,1.57080,2.35619,-1.96350,-1.17810,-0.78540,0.39270,0.78540,2.35619,-2.35619,-0.78540,-0.39270,0.39270,0.39270,0.78540,2.35619,-1.96350,-0.78540,-0.39270,0.00000,0.78540,2.35619
93.90
-2.74889,-2.74889,-0.39270,0.78540,0.78540,3.14159,-2.74889,-1.96350,-0.39270,-0.78540,0.39270,1.96350,3.14159,-2.74889,-1.17810,-1.17810,0.00000,1.17810,3.14159,-2.74889,-0.78540,-0.78540,0.39270,0.78540,1.57080,3.14159,-2.74889,-1.17810,-0.78540,0.39270,0.78540,3.14159
96.09
-2.74889,-2.74889,-0.78540,0.78540,1.17810,3.14159,-2.74889,-1.96350,-1.17810,-0.78540,0.78540,2.35619,3.14159,-2.74889,-1.17810,-1.57080,0.00000,1.17810,3.14159,-2.74889,-0.78540,-0.78540,0.00000,1.17810,1.96350,3.14159,-2.74889,-1.17810,-0.78540,0.39270,1.17810,3.14159
99.34
-2.74889,-0.78540,-1.17810,0.00000,2.35619,3.14159,-2.74889,-2.35619,-0.78540,-0.78540,0.78540,2.74889,3.14159,-2.74889,-1.57080,-1.17810,1.17810,1.96350,3.14159,-2.74889,-1.17810,0.00000,0.78540,1.17810,2.35619,3.14159,-2.74889,-1.17810,0.00000,0.78540,1.96350,3.14159
102.16
-2.74889,-2.35619,-0.39270,0.00000,1.57080,3.14159,-2.74889,-1.57080,-0.78540,0.00000,1.17810,1.57080,3.14159,-2.74889,-1.96350,-0.78540,0.39270,2.35619,3.14159,-2.74889,-1.17810,-0.78540,0.78540,1.57080,1.96350,3.14159,-2.74889,-0.78540,0.00000,0.39270,2.74889,3.14159
103.20
-2.74889,-1.96350,0.00000,0.39270,1.96350,3.14159,-2.74889,-1.17810,-0.78540,0.00000,1.17810,1.57080,3.14159,-2.74889,-1.96350,-0.78540,0.00000,2.35619,3.14159,-2.74889,-1.57080,-0.78540,0.78540,1.17810,1.96350,3.14159,-2.74889,-0.78540,-0.39270,0.78540,2.35619,3.14159
103.45
-2.74889,-2.74889,-1.17810,0.39270,1.17810,3.14159,-2.74889,-1.17810,-0.78540,-0.39270,0.39270,1.96350,3.14159,-2.74889,-1.57080,-0.39270,0.39270,1.57080,3.14159,-2.74889,-1.57080,-0.78540,1.17810,1.57080,2.35619,3.14159,-2.74889,-1.17810,-0.39270,0.78540,2.35619,3.14159
107.04
-2.74889,-1.57080,-0.39270,0.00000,1.17810,3.14159,-2.74889,-1.96350,-0.78540,0.39270,1.17810,1.96350,3.14159,-2.74889,-1.57080,-0.39270,0.78540,2.35619,3.14159,-2.74889,-1.17810,-0.39270,1.57080,1.57080,2.74889,3.14159,-2.74889,-1.57080,0.00000,0.78540,2.35619,3.14159
107.42
-2.74889,-2.35619,-1.17810,0.39270,1.17810,3.14159,-2.74889,-1.96350,-0.78540,0.00000,1.17810,1.57080,3.14159,-2.74889,-1.57080,-0.39270,0.39270,2.35619,3.14159,-2.74889,-0.78540,-0.39270,0.39270,1.57080,1.96350,3.14159,-2.74889,-1.17810,0.00000,0.78540,1.96350,3.14159
108.69
-2.74889,-1.17810,-0.78540,0.39270,1.96350,3.14159,-2.74889,-1.17810,-0.78540,-0.39270,0.39270,1.57080,3.14159,-2.74889,-1.17810,-0.39270,0.39270,1.96350,3.14159,-2.74889,-1.17810,-0.78540,0.39270,1.57080,2.74889,3.14159,-2.74889,-0.78540,-0.39270,1.17810,1.57080,3.14159
109.19
-2.74889,-1.57080,-0.78540,0.39270,1.57080,3.14159,-2.74889,-1.96350,-0.39270,0.00000,0.78540,1.57080,3.14159,-2.74889,-1.57080,-0.78540,1.17810,1.96350,3.14159,-2.74889,-1.17810,0.00000,1.17810,1.17810,2.35619,3.14159,-2.74889,-1.57080,0.00000,0.78540,2.35619,3.14159
109.35
-2.74889,-1.96350,-0.78540,0.39270,1.96350,3.14159,-2.74889,-1.57080,-1.57080,-0.39270,0.39270,1.96350,3.14159,-2.74889,-1.57080,-0.39270,0.78540,1.57080,3.14159,-2.74889,-1.96350,-0.39270,1.17810,1.17810,1.96350,3.14159,-2.74889,-1.57080,0.00000,0.78540,1.96350,3.14159
110.72
-2.74889,-1.96350,-1.17810,0.39270,1.17810,3.14159,-2.74889,-1.96350,-0.78540,0.00000,0.78540,2.35619,3.14159,-2.74889,-1.57080,-0.39270,0.78540,1.96350,3.14159,-2.74889,-1.57080,-0.78540,0.78540,1.57080,2.35619,3.14159,-2.74889,-1.17810,0.00000,0.78540,1.96350,3.14159
111.47
-2.74889,-1.17810,-0.78540,0.78540,1.96350,3.14159,-2.74889,-1.96350,-1.17810,-0.39270,0.78540,2.35619,3.14159,-2.74889,-1.57080,-0.39270,0.78540,1.96350,3.14159,-2.74889,-1.57080,-0.39270,0.39270,1.57080,2.35619,3.14159,-2.74889,-1.57080,0.00000,0.78540,2.35619,3.14159
112.05
-2.74889,-1.96350,-0.78540,0.39270,1.57080,3.14159,-2.74889,-1.96350,-1.57080,0.00000,0.78540,1.96350,3.14159,-2.74889,-1.17810,-0.39270,0.78540,1.96350,3.14159,-2.74889,-1.57080,-0.78540,0.78540,1.57080,1.96350,3.14159,-2.74889,-1.17810,0.00000,0.78540,2.35619,3.14159
112.08
-2.74889,-1.57080,-0.78540,0.39270,1.57080,3.14159,-2.74889,-1.57080,-0.78540,0.00000,0.78540,1.96350,3.14159,-2.74889,-1.17810,-0.39270,0.78540,2.35619,3.14159,-2.74889,-1.57080,-0.78540,0.39270,1.17810,2.35619,3.14159,-2.74889,-1.17810,-0.39270,0.78540,2.35619,3.14159
112.25
-2.74889,-1.96350,-0.78540,0.39270,1.57080,3.14159,-2.74889,-1.96350,-1.57080,-0.39270,0.39270,1.57080,3.14159,-2.74889,-1.17810,-0.39270,0.78540,1.96350,3.14159,-2.74889,-1.57080,-0.78540,0.78540,1.57080,1.96350,3.14159,-2.74889,-1.57080,-0.39270,0.78540,1.96350,3.14159
112.64
-2.74889,-1.57080,-0.39270,0.39270,1.57080,3.14159,-2.74889,-1.96350,-1.17810,0.00000,0.78540,1.96350,3.14159,-2.74889,-1.57080,-0.78540,0.78540,1.96350,3.14159,-2.74889,-1.57080,-0.39270,1.17810,1.57080,1.96350,3.14159,-2.74889,-1.17810,-0.39270,0.78540,1.96350,3.14159
112.96
-2.74889,-1.57080,-0.39270,0.39270,1.57080,3.14159,-2.74889,-1.57080,-0.78540,0.00000,0.78540,1.57080,3.14159,-2.74889,-0.78540,-0.39270,0.78540,1.96350,3.14159,-2.74889,-1.57080,-0.39270,0.00000,1.57080,2.35619,3.14159,-2.74889,-1.17810,0.00000,0.78540,1.96350,3.14159
113.10
-2.74889,-1.57080,-0.78540,0.39270,1.57080,3.14159,-2.74889,-1.96350,-0.78540,0.00000,0.78540,1.96350,3.14159,-2.74889,-1.57080,-0.39270,0.78540,1.96350,3.14159,-2.74889,-1.17810,-0.39270,0.78540,1.17810,1.96350,3.14159,-2.74889,-0.78540,0.00000,0.78540,2.35619,3.14159
113.32
-2.74889,-1.57080,-0.78540,0.78540,1.57080,3.14159,-2.74889,-1.57080,-1.17810,-0.39270,0.78540,2.35619,3.14159,-2.74889,-1.17810,-0.39270,0.78540,1.96350,3.14159,-2.74889,-1.57080,-0.39270,0.39270,1.57080,2.35619,3.14159,-2.74889,-1.17810,0.00000,0.78540,1.96350,3.14159
113.61
-2.74889,-1.57080,-0.78540,0.39270,1.57080,3.14159,-2.74889,-1.96350,-1.17810,0.00000,0.78540,1.57080,3.14159,-2.74889,-1.57080,-0.78540,0.78540,1.57080,3.14159,-2.74889,-1.57080,-0.39270,0.78540,1.57080,2.35619,3.14159,-2.74889,-1.17810,0.00000,0.78540,1.57080,3.14159
114.11
-2.74889,-1.57080,-0.39270,0.39270,1.57080,3.14159,-2.74889,-2.35619,-0.78540,0.00000,0.78540,1.96350,3.14159,-2.74889,-1.17810,-0.39270,0.78540,1.96350,3.14159,-2.74889,-1.57080,-0.78540,0.78540,1.57080,2.35619,3.14159,-2.74889,-1.17810,0.00000,0.78540,1.96350,3.14159
114.55
-2.74889,-1.17810,-0.39270,0.78540,1.57080,3.14159,-2.74889,-1.57080,-0.78540,0.00000,0.78540,1.96350,3.14159,-2.74889,-1.57080,-0.39270,0.78540,1.57080,3.14159,-2.35619,-1.57080,-0.39270,0.78540,1.17810,2.35619,3.14159,-2.74889,-1.17810,0.00000,0.78540,1.96350,3.14159
114.95
-2.74889,-1.57080,-0.78540,0.39270,1.57080,3.14159,-2.74889,-1.96350,-0.78540,0.00000,0.78540,1.57080,3.14159,-2.74889,-1.57080,-0.39270,0.78540,1.57080,3.14159,-2.74889,-1.57080,-0.39270,0.39270,1.57080,2.35619,3.14159,-2.74889,-1.17810,0.00000,0.78540,1.96350,3.14159
114.96
-2.74889,-1.57080,-0.39270,0.39270,1.57080,3.14159,-2.74889,-1.96350,-1.17810,0.00000,0.78540,1.57080,3.14159,-2.74889,-1.57080,-0.39270,0.78540,1.57080,3.14159,-2.74889,-1.17810,-0.39270,0.78540,1.57080,2.35619,3.14159,-2.74889,-1.17810,0.00000,0.78540,1.96350,3.14159
115.21
-2.74889,-1.57080,-0.39270,0.39270,1.57080,3.14159,-2.74889,-1.96350,-1.17810,0.00000,0.78540,1.57080,3.14159,-2.74889,-1.17810,-0.39270,0.78540,1.57080,3.14159,-2.74889,-1.57080,-0.39270,0.39270,1.57080,2.35619,3.14159,-2.74889,-1.17810,0.00000,0.78540,1.96350,3.14159
115.22
-2.74889,-1.57080,-0.39270,0.39270,1.57080,3.14159,-2.74889,-1.96350,-1.17810,0.00000,0.78540,1.96350,3.14159,-2.74889,-1.17810,-0.39270,0.78540,1.57080,3.14159,-2.74889,-1.17810,-0.39270,0.39270,1.57080,2.35619,3.14159,-2.74889,-1.17810,0.00000,0.78540,1.96350,3.14159
115.31
-2.74889,-1.57080,-0.39270,0.39270,1.57080,3.14159,-2.74889,-1.96350,-1.17810,0.00000,0.78540,1.57080,3.14159,-2.74889,-1.57080,-0.39270,0.78540,1.96350,3.14159,-2.74889,-1.17810,-0.39270,0.39270,1.57080,2.35619,3.14159,-2.74889,-1.17810,0.00000,0.78540,1.96350,3.14159
115.35
-2.74889,-1.57080,-0.39270,0.39270,1.57080,3.14159,-2.74889,-1.96350,-1.17810,0.00000,0.78540,1.57080,3.14159,-2.74889,-1.17810,-0.39270,0.78540,1.96350,3.14159,-2.74889,-1.17810,-0.39270,0.39270,1.57080,2.35619,3.14159,-2.74889,-1.17810,0.00000,0.78540,1.96350,3.14159
115.66
-2.74889,-1.57080,-0.39270,0.39270,1.57080,3.14159,-2.74889,-1.96350,-1.17810,0.00000,0.78540,1.96350,3.14159,-2.74889,-1.17810,-0.39270,0.78540,1.96350,3.14159,-1.96350,-1.17810,-0.39270,0.39270,1.57080,2.35619,3.14159,-2.74889,-1.17810,0.00000,0.78540,1.96350,3.14159
115.66
-2.74889,-1.57080,-0.39270,0.39270,1.57080,2.74889,-2.74889,-1.96350,-1.17810,0.00000,0.78540,1.96350,3.14159,-2.74889,-1.57080,-0.39270,0.78540,1.57080,3.14159,-2.74889,-1.17810,-0.39270,0.39270,1.17810,2.35619,3.14159,-2.74889,-1.57080,-0.39270,0.78540,1.96350,3.14159
115.71
-2.74889,-1.57080,-0.39270,0.78540,1.57080,2.74889,-2.74889,-1.96350,-0.78540,0.00000,0.78540,1.96350,3.14159,-2.74889,-1.57080,-0.39270,0.78540,1.96350,3.14159,-2.74889,-1.17810,-0.39270,0.39270,1.17810,2.35619,3.14159,-2.74889,-1.17810,-0.39270,0.78540,1.96350,3.14159
115.73
-2.74889,-1.57080,-0.39270,0.39270,1.57080,2.74889,-2.74889,-1.96350,-1.17810,0.00000,0.78540,1.96350,3.14159,-2.74889,-1.17810,-0.39270,0.78540,1.57080,3.14159,-2.74889,-1.17810,-0.78540,0.39270,1.17810,2.35619,3.14159,-2.74889,-1.17810,0.00000,0.78540,1.96350,3.14159
115.90
-2.74889,-1.57080,-0.39270,0.78540,1.57080,2.74889,-2.74889,-1.96350,-1.17810,0.00000,0.78540,1.96350,3.14159,-2.74889,-1.17810,-0.39270,0.78540,1.57080,3.14159,-2.74889,-1.17810,-0.39270,0.39270,1.17810,2.35619,3.14159,-2.74889,-1.17810,0.00000,0.78540,1.96350,3.14159
115.95
-2.74889,-1.57080,-0.39270,0.39270,1.57080,2.74889,-2.74889,-1.96350,-1.17810,0.00000,0.78540,1.96350,3.14159,-2.74889,-1.17810,-0.39270,0.78540,1.57080,3.14159,-2.74889,-1.17810,-0.39270,0.39270,1.57080,2.35619,3.14159,-2.74889,-1.17810,-0.39270,0.78540,1.96350,3.14159
116.15
-2.74889,-1.57080,-0.39270,0.39270,1.57080,2.74889,-2.74889,-1.96350,-1.17810,0.00000,0.78540,1.96350,3.14159,-2.74889,-1.17810,-0.39270,0.78540,1.96350,3.14159,-2.74889,-1.17810,-0.39270,0.39270,1.17810,2.35619,3.14159,-2.74889,-1.17810,0.00000,0.78540,1.96350,3.14159
116.18
-2.74889,-1.57080,-0.39270,0.39270,1.57080,2.74889,-2.74889,-1.96350,-0.78540,0.00000,0.78540,1.96350,3.14159,-2.74889,-1.17810,-0.39270,0.78540,1.96350,3.14159,-2.74889,-1.17810,-0.39270,0.39270,1.57080,2.35619,3.14159,-2.74889,-1.17810,0.00000,0.78540,1.96350,3.14159
116.25
-2.74889,-1.57080,-0.39270,0.39270,1.57080,2.74889,-2.74889,-1.96350,-1.17810,0.00000,0.78540,1.57080,3.14159,-2.74889,-1.57080,-0.39270,0.78540,1.96350,3.14159,-2.74889,-1.57080,-0.39270,0.39270,1.57080,2.35619,3.14159,-2.74889,-1.17810,0.00000,0.78540,1.96350,3.14159
116.25
-2.74889,-1.57080,-0.39270,0.39270,1.57080,3.14159,-2.74889,-2.35619,-0.78540,0.00000,0.78540,1.96350,2.74889,-2.74889,-1.57080,-0.39270,0.78540,1.57080,2.74889,-2.74889,-1.57080,-0.39270,0.39270,1.57080,2.35619,3.14159,-2.35619,-1.17810,0.00000,0.78540,1.96350,3.14159
116.34
-2.74889,-1.57080,-0.39270,0.39270,1.57080,2.35619,-2.74889,-1.96350,-1.17810,0.00000,0.78540,1.57080,3.14159,-2.74889,-1.57080,-0.39270,0.78540,1.57080,3.14159,-2.74889,-1.57080,-0.39270,0.39270,1.17810,2.35619,3.14159,-2.74889,-1.17810,0.00000,0.78540,1.96350,3.14159
116.40
-2.74889,-1.57080,-0.39270,0.39270,1.57080,3.14159,-2.74889,-1.96350,-1.17810,0.00000,0.78540,1.96350,2.74889,-2.74889,-1.57080,-0.39270,0.78540,1.57080,3.14159,-2.74889,-1.17810,-0.39270,0.39270,1.57080,2.35619,3.14159,-2.35619,-1.17810,0.00000,0.78540,1.96350,2.74889
116.72
-2.74889,-1.57080,-0.39270,0.39270,1.57080,2.74889,-2.74889,-1.96350,-1.17810,0.00000,0.78540,1.96350,2.74889,-2.74889,-1.57080,-0.39270,0.78540,1.57080,3.14159,-2.74889,-1.17810,-0.39270,0.39270,1.57080,2.35619,3.14159,-2.74889,-1.17810,0.00000,0.78540,1.96350,3.14159
117.04
-2.74889,-1.57080,-0.39270,0.78540,1.57080,3.14159,-2.74889,-1.96350,-1.17810,0.00000,0.78540,1.96350,3.14159,-2.74889,-1.17810,-0.39270,0.78540,1.96350,3.14159,-2.35619,-1.17810,-0.39270,0.39270,1.57080,2.35619,3.14159,-2.35619,-1.17810,0.00000,0.78540,1.96350,3.14159
117.11
-2.74889,-1.57080,-0.39270,0.39270,1.57080,2.74889,-2.74889,-1.96350,-1.17810,0.00000,0.78540,1.96350,3.14159,-2.74889,-1.57080,-0.39270,0.78540,1.57080,3.14159,-2.35619,-1.17810,-0.78540,0.39270,1.17810,2.35619,3.14159,-2.35619,-1.17810,0.00000,0.78540,1.96350,3.14159
117.33
-2.35619,-1.57080,-0.39270,0.39270,1.57080,2.74889,-2.74889,-1.96350,-0.78540,0.00000,0.78540,1.96350,3.14159,-2.74889,-1.57080,-0.39270,0.78540,1.57080,3.14159,-2.35619,-1.17810,-0.39270,0.39270,1.17810,2.35619,3.14159,-2.35619,-1.17810,0.00000,0.78540,1.96350,3.14159
117.40
-2.74889,-1.57080,-0.39270,0.39270,1.57080,2.74889,-2.74889,-1.96350,-1.17810,0.00000,0.78540,1.96350,2.74889,-2.74889,-1.17810,-0.39270,0.78540,1.96350,3.14159,-2.35619,-1.17810,-0.39270,0.39270,1.57080,2.35619,3.14159,-2.74889,-1.17810,0.00000,0.78540,1.96350,3.14159
117.41
-2.74889,-1.57080,-0.39270,0.39270,1.57080,2.74889,-2.74889,-1.96350,-1.17810,0.00000,0.78540,1.96350,2.74889,-2.74889,-1.17810,-0.39270,0.78540,1.57080,3.14159,-2.74889,-1.17810,-0.39270,0.39270,1.17810,2.35619,3.14159,-2.35619,-1.17810,0.00000,0.78540,1.96350,3.14159
117.48
-2.74889,-1.57080,-0.39270,0.39270,1.57080,2.74889,-2.74889,-1.96350,-1.17810,0.00000,0.78540,1.96350,2.74889,-2.74889,-1.57080,-0.39270,0.78540,1.57080,3.14159,-2.74889,-1.17810,-0.39270,0.39270,1.57080,2.35619,3.14159,-2.35619,-1.17810,0.00000,0.78540,1.96350,3.14159
117.55
-2.74889,-1.57080,-0.39270,0.39270,1.57080,2.74889,-2.74889,-1.96350,-1.17810,0.00000,0.78540,1.96350,2.74889,-2.74889,-1.57080,-0.39270,0.78540,1.96350,3.14159,-2.74889,-1.17810,-0.39270,0.39270,1.57080,2.35619,3.14159,-2.35619,-1.17810,0.00000,0.78540,1.96350,3.14159
117.62
-2.74889,-1.57080,-0.39270,0.39270,1.57080,2.74889,-2.74889,-1.96350,-1.17810,0.00000,0.78540,1.57080,2.74889,-2.74889,-1.57080,-0.39270,0.78540,1.57080,3.14159,-2.74889,-1.57080,-0.39270,0.39270,1.57080,2.35619,3.14159,-2.35619,-1.17810,0.00000,0.78540,1.96350,3.14159
117.76
-2.74889,-1.57080,-0.39270,0.39270,1.57080,2.35619,-2.74889,-1.96350,-1.17810,-0.39270,0.78540,1.96350,2.74889,-2.74889,-1.57080,-0.39270,0.78540,1.96350,3.14159,-2.35619,-1.17810,-0.39270,0.39270,1.17810,2.35619,3.14159,-2.35619,-1.17810,-0.39270,0.78540,1.96350,3.14159
118.12
-2.74889,-1.57080,-0.39270,0.39270,1.57080,2.74889,-2.74889,-1.96350,-1.17810,0.00000,0.78540,1.57080,2.74889,-2.74889,-1.17810,-0.39270,0.78540,1.96350,3.14159,-2.35619,-1.57080,-0.39270,0.39270,1.17810,2.35619,3.14159,-2.35619,-1.17810,0.00000,0.78540,1.96350,3.14159
