1.71
-0.39270,0.00000,0.00000,-0.39270,0.39270,0.39270,0.00000,-0.78540,0.39270,0.00000,0.00000,0.00000,0.00000,0.00000,0.39270,0.00000,0.00000,0.39270,0.00000,-0.78540,0.39270,-0.39270,0.00000,0.39270,0.00000,0.39270,-0.39270,0.00000,0.00000,0.00000,0.00000,0.78540
7.73
0.00000,0.00000,0.39270,-0.78540,0.00000,0.00000,-0.39270,0.78540,0.39270,0.39270,0.78540,-0.39270,-1.17810,0.39270,0.78540,-0.39270,0.39270,0.00000,0.78540,-0.78540,0.39270,0.78540,-0.39270,0.00000,0.00000,0.78540,0.00000,-0.39270,-1.57080,-1.57080,0.00000,0.78540
39.68
0.00000,-0.39270,-0.78540,0.00000,0.39270,0.00000,0.00000,-2.74889,-1.57080,-0.39270,0.78540,0.00000,1.17810,-0.78540,-2.35619,0.00000,0.39270,0.39270,1.17810,-2.74889,-0.78540,-1.17810,-0.39270,-0.39270,1.96350,2.35619,-2.74889,0.00000,-0.39270,0.78540,0.39270,2.74889
108.58
1.96350,-2.35619,-2.74889,-0.78540,0.00000,0.78540,1.96350,-2.74889,-1.57080,-1.17810,0.78540,0.78540,1.96350,-2.74889,-2.74889,0.00000,0.00000,0.78540,2.74889,-2.74889,-0.39270,-1.17810,-0.39270,1.17810,2.74889,3.14159,-2.74889,-0.78540,-0.78540,1.57080,1.57080,3.14159
109.04
2.74889,-2.74889,3.14159,0.00000,1.17810,-2.74889,3.14159,-2.74889,-1.17810,-0.39270,0.39270,1.57080,3.14159,-2.74889,-2.74889,-0.78540,0.78540,1.57080,3.14159,-2.74889,-1.17810,-0.39270,0.39270,1.57080,2.74889,-2.74889,-2.35619,-0.78540,0.39270,1.57080,3.14159,3.14159
109.26
2.35619,-2.74889,3.14159,-0.39270,0.39270,-2.74889,2.74889,-2.74889,-1.96350,-0.78540,0.00000,1.57080,3.14159,-2.74889,-2.74889,-0.78540,0.39270,1.57080,3.14159,-2.74889,-1.17810,-0.78540,0.39270,1.17810,3.14159,-2.74889,-1.96350,-1.17810,0.39270,1.57080,3.14159,3.14159
109.32
2.74889,-2.74889,3.14159,-0.39270,0.78540,-2.74889,3.14159,-2.74889,-1.57080,-0.78540,0.00000,1.17810,3.14159,-2.74889,-2.74889,-0.78540,0.39270,1.57080,3.14159,-2.74889,-1.57080,-0.39270,0.39270,1.17810,3.14159,-2.74889,-1.96350,-0.78540,0.78540,1.17810,3.14159,3.14159
109.69
2.74889,-2.74889,3.14159,-0.39270,0.39270,-2.74889,2.74889,-2.74889,-1.96350,-0.78540,0.39270,1.17810,3.14159,-2.74889,-2.74889,-0.78540,0.39270,1.57080,3.14159,-2.74889,-1.57080,-0.78540,0.78540,1.17810,3.14159,-2.74889,-2.35619,-0.78540,0.39270,1.17810,3.14159,3.14159
109.85
2.74889,-2.74889,3.14159,-0.39270,0.78540,-2.74889,3.14159,-2.74889,-1.96350,-1.17810,0.39270,1.57080,3.14159,-2.74889,-2.74889,-0.78540,0.39270,1.57080,3.14159,-2.74889,-1.17810,-0.39270,0.39270,1.57080,3.14159,-2.74889,-1.96350,-0.78540,0.39270,1.57080,3.14159,3.14159
110.94
2.35619,-2.74889,3.14159,-0.39270,0.78540,-2.74889,3.14159,-2.74889,-1.57080,-0.78540,0.39270,1.57080,3.14159,-2.74889,-2.74889,-0.78540,0.78540,1.57080,3.14159,-2.74889,-1.17810,-0.39270,0.78540,1.57080,2.35619,-2.74889,-1.96350,-0.39270,0.39270,1.57080,3.14159,3.14159
111.29
2.74889,-2.74889,3.14159,-0.78540,0.39270,-2.74889,3.14159,-2.74889,-1.57080,-0.78540,0.39270,1.17810,3.14159,-2.74889,-2.35619,-0.39270,0.78540,1.96350,3.14159,-2.74889,-0.78540,-0.78540,0.78540,1.57080,2.74889,-2.74889,-1.57080,-0.39270,0.39270,1.57080,3.14159,3.14159
112.07
2.35619,-2.74889,3.14159,-0.39270,0.39270,-2.74889,3.14159,-2.74889,-1.57080,-0.39270,0.00000,1.57080,3.14159,-2.74889,-1.96350,-0.39270,1.17810,1.57080,3.14159,-2.74889,-0.78540,-0.39270,0.78540,1.17810,2.74889,-2.74889,-1.57080,-0.39270,0.39270,1.57080,3.14159,3.14159
112.21
2.74889,-2.74889,3.14159,-0.78540,0.78540,-2.74889,3.14159,-2.74889,-1.96350,-0.39270,0.00000,1.17810,2.74889,-2.74889,-1.96350,-0.39270,0.39270,1.17810,3.14159,-2.74889,-0.78540,-0.78540,0.78540,1.96350,2.74889,-2.74889,-2.35619,-0.78540,0.39270,1.96350,3.14159,3.14159
112.57
2.35619,-2.74889,3.14159,-0.78540,0.78540,-2.74889,3.14159,-2.74889,-1.96350,-0.78540,0.00000,1.17810,2.74889,-2.74889,-1.17810,-0.39270,0.00000,1.57080,3.14159,-2.74889,-1.17810,-0.78540,0.78540,1.96350,2.74889,-2.35619,-1.96350,-0.78540,0.78540,1.57080,3.14159,3.14159
112.84
2.35619,-2.74889,3.14159,-0.39270,0.39270,-2.74889,3.14159,-2.74889,-1.57080,0.00000,0.00000,1.57080,2.74889,-2.74889,-1.57080,-0.78540,0.78540,1.96350,3.14159,-2.74889,-0.78540,-0.39270,0.78540,1.57080,2.74889,-2.35619,-2.35619,-0.78540,0.39270,1.96350,3.14159,3.14159
113.70
2.74889,-2.74889,3.14159,-0.78540,0.78540,-2.74889,3.14159,-2.74889,-1.96350,-0.78540,0.39270,1.57080,2.74889,-2.74889,-1.17810,-0.78540,0.39270,1.57080,3.14159,-2.74889,-0.78540,-0.39270,0.78540,1.57080,3.14159,-2.35619,-1.96350,-1.17810,0.39270,1.57080,3.14159,3.14159
114.44
2.74889,-2.74889,3.14159,-0.78540,0.78540,-2.74889,3.14159,-2.74889,-1.96350,-0.39270,0.39270,1.57080,2.74889,-2.74889,-1.17810,-0.39270,0.39270,1.57080,3.14159,-2.74889,-0.39270,-0.39270,0.78540,1.57080,2.74889,-2.74889,-1.96350,-0.78540,0.39270,1.57080,3.14159,3.14159
115.03
2.35619,-2.74889,3.14159,-0.39270,0.78540,-2.74889,3.14159,-2.74889,-1.57080,-0.78540,0.00000,1.17810,3.14159,-2.74889,-1.96350,-0.78540,0.39270,1.17810,3.14159,-2.74889,-1.17810,-0.39270,0.39270,1.57080,2.35619,-2.74889,-1.57080,-0.78540,0.39270,1.57080,3.14159,3.14159
115.10
2.74889,-2.74889,3.14159,-0.39270,0.78540,-2.74889,3.14159,-2.74889,-1.17810,-0.39270,0.00000,1.17810,3.14159,-2.74889,-1.96350,-0.78540,0.39270,1.57080,3.14159,-2.74889,-1.17810,-0.39270,0.39270,1.17810,2.74889,-2.74889,-1.96350,-0.78540,0.39270,1.57080,3.14159,3.14159
116.93
2.35619,-2.74889,3.14159,-0.39270,0.78540,-2.74889,3.14159,-2.74889,-1.57080,-0.78540,0.00000,1.17810,2.74889,-2.74889,-1.96350,-0.39270,0.39270,1.57080,3.14159,-2.74889,-1.17810,-0.39270,0.39270,1.57080,1.96350,-2.74889,-2.35619,-0.78540,0.39270,1.57080,3.14159,3.14159
117.61
2.35619,-2.74889,3.14159,-0.39270,0.78540,-2.74889,-2.74889,-2.74889,-1.96350,-0.78540,0.39270,1.17810,2.35619,-2.74889,-1.96350,-0.39270,0.39270,1.57080,3.14159,-2.74889,-1.17810,-0.39270,0.39270,1.57080,2.74889,-2.74889,-1.96350,-0.78540,0.39270,1.57080,3.14159,3.14159
117.93
2.74889,-2.74889,3.14159,0.00000,0.78540,-2.74889,-2.74889,-2.74889,-1.57080,-0.39270,0.39270,1.57080,2.35619,-2.74889,-1.57080,-0.39270,0.78540,1.57080,3.14159,-2.74889,-1.17810,-0.39270,0.78540,1.57080,2.74889,-2.74889,-1.96350,-0.78540,0.39270,1.17810,3.14159,3.14159
117.93
2.74889,-2.74889,3.14159,-0.39270,0.78540,-2.74889,-2.74889,-2.74889,-1.57080,-0.39270,0.00000,1.57080,2.35619,-2.74889,-1.57080,-0.39270,0.39270,1.57080,3.14159,-2.74889,-1.17810,-0.39270,0.39270,1.57080,2.35619,-2.74889,-1.96350,-0.78540,0.39270,1.57080,3.14159,3.14159
118.04
2.74889,-2.74889,3.14159,-0.39270,0.78540,-2.74889,-2.74889,-2.74889,-1.57080,-0.78540,0.39270,1.17810,2.35619,-2.74889,-1.57080,-0.39270,0.39270,1.57080,3.14159,-2.74889,-1.57080,-0.39270,0.78540,1.57080,2.74889,-2.74889,-1.96350,-0.78540,0.00000,1.57080,3.14159,3.14159
118.67
2.74889,-2.74889,3.14159,-0.39270,0.78540,-2.74889,-2.74889,-2.74889,-1.57080,-0.39270,0.39270,1.17810,2.35619,-2.74889,-1.57080,-0.39270,0.78540,1.57080,3.14159,-2.74889,-1.17810,-0.39270,0.78540,1.57080,2.74889,-2.74889,-1.96350,-0.78540,0.39270,1.57080,3.14159,3.14159
118.90
2.35619,-2.74889,3.14159,-0.78540,0.78540,-2.74889,-2.74889,-2.74889,-1.96350,-0.78540,0.39270,1.17810,2.35619,-2.74889,-1.57080,-0.39270,0.39270,1.57080,3.14159,-2.74889,-1.17810,-0.39270,0.78540,1.57080,2.74889,-2.74889,-1.96350,-0.78540,0.39270,1.57080,2.74889,3.14159
119.31
2.74889,-2.74889,3.14159,-0.39270,0.78540,-2.74889,-2.74889,-2.74889,-1.57080,-0.39270,0.39270,1.17810,2.35619,-2.74889,-1.57080,-0.39270,0.39270,1.57080,3.14159,-2.74889,-1.57080,0.00000,0.78540,1.57080,2.74889,-2.74889,-1.96350,-0.78540,0.39270,1.17810,2.74889,3.14159
119.48
2.74889,-2.74889,3.14159,-0.39270,0.78540,-2.74889,-2.74889,-2.74889,-1.96350,-0.78540,0.39270,1.17810,2.35619,-2.74889,-1.96350,-0.39270,0.39270,1.57080,3.14159,-2.74889,-1.17810,-0.39270,0.39270,1.57080,2.74889,-2.74889,-1.96350,-0.78540,0.39270,1.57080,2.74889,3.14159
119.60
2.74889,-2.74889,3.14159,-0.39270,0.78540,-2.74889,-2.74889,-2.74889,-1.57080,-0.39270,0.39270,1.17810,2.35619,-2.74889,-1.96350,-0.39270,0.39270,1.57080,3.14159,-2.74889,-1.17810,-0.39270,0.78540,1.57080,2.74889,-2.74889,-1.96350,-0.78540,0.39270,1.57080,2.74889,3.14159
119.76
2.74889,-2.74889,3.14159,-0.39270,0.78540,-2.74889,-2.74889,-2.74889,-1.57080,-0.39270,0.39270,1.57080,2.35619,-2.74889,-1.57080,-0.39270,0.78540,1.96350,3.14159,-2.74889,-1.17810,-0.39270,0.78540,1.57080,2.35619,-2.74889,-1.96350,-0.78540,0.39270,1.57080,2.35619,3.14159
119.99
2.74889,-2.74889,3.14159,-0.39270,0.78540,-2.74889,-2.74889,-2.74889,-1.96350,-0.78540,0.00000,1.17810,2.35619,3.14159,-1.57080,-0.78540,0.39270,1.57080,3.14159,-2.74889,-1.57080,-0.39270,0.39270,1.57080,2.35619,-2.74889,-1.96350,-0.78540,0.39270,1.17810,2.35619,3.14159
120.15
2.35619,-2.74889,3.14159,-0.39270,0.78540,-2.74889,-2.74889,-2.74889,-1.96350,-0.78540,0.00000,1.17810,2.35619,3.14159,-1.96350,-0.78540,0.39270,1.57080,3.14159,-2.74889,-1.57080,-0.39270,0.39270,1.57080,2.35619,-2.74889,-1.96350,-0.78540,0.39270,1.17810,2.35619,3.14159
120.19
2.35619,-2.74889,3.14159,-0.39270,0.78540,-2.74889,-2.74889,-2.74889,-1.96350,-0.78540,0.00000,1.17810,2.35619,3.14159,-1.96350,-0.78540,0.39270,1.57080,3.14159,-2.74889,-1.57080,-0.39270,0.39270,1.57080,2.35619,-2.74889,-1.96350,-0.78540,0.00000,1.17810,2.35619,3.14159
120.36
2.74889,-2.74889,3.14159,-0.39270,0.78540,-2.74889,-2.74889,-2.74889,-1.57080,-0.78540,0.39270,1.17810,2.35619,3.14159,-1.57080,-0.39270,0.39270,1.57080,3.14159,-2.35619,-1.57080,-0.39270,0.39270,1.57080,2.35619,-2.74889,-1.96350,-0.78540,0.39270,1.57080,2.35619,3.14159
120.71
2.35619,-2.74889,3.14159,-0.39270,0.78540,-2.74889,-2.74889,-2.74889,-1.96350,-0.78540,0.00000,1.17810,2.35619,3.14159,-1.57080,-0.39270,0.39270,1.57080,2.74889,-2.74889,-1.57080,-0.39270,0.39270,1.57080,2.35619,-2.74889,-1.96350,-0.78540,0.00000,1.17810,2.35619,3.14159
120.96
2.74889,-2.74889,3.14159,-0.39270,0.78540,-2.74889,-2.74889,-2.74889,-1.96350,-0.78540,0.00000,1.17810,2.35619,3.14159,-1.57080,-0.78540,0.39270,1.57080,2.74889,-2.74889,-1.57080,-0.39270,0.39270,1.57080,2.35619,-2.74889,-1.96350,-0.78540,0.00000,1.17810,2.35619,3.14159
120.98
2.74889,-2.74889,3.14159,-0.39270,0.78540,-2.74889,-2.74889,-2.74889,-1.96350,-0.78540,0.39270,1.17810,2.35619,3.14159,-1.57080,-0.78540,0.39270,1.57080,2.74889,-2.74889,-1.57080,-0.39270,0.39270,1.57080,2.35619,-2.74889,-1.96350,-0.78540,0.39270,1.17810,2.35619,3.14159
121.10
2.35619,-2.74889,3.14159,-0.39270,0.78540,-2.74889,-2.74889,-2.74889,-1.96350,-0.78540,0.00000,1.17810,2.35619,3.14159,-1.96350,-0.78540,0.39270,1.57080,2.74889,-2.74889,-1.57080,-0.39270,0.39270,1.17810,2.35619,-2.74889,-1.96350,-0.78540,0.39270,1.17810,2.35619,3.14159
121.26
2.35619,-2.74889,3.14159,-0.39270,0.78540,-2.74889,-2.74889,-2.74889,-1.96350,-0.78540,0.00000,1.17810,2.35619,3.14159,-1.96350,-0.78540,0.39270,1.57080,2.74889,-2.74889,-1.57080,-0.39270,0.39270,1.57080,2.35619,-2.74889,-1.96350,-0.78540,0.39270,1.17810,2.35619,3.14159
121.35
2.35619,-2.74889,3.14159,-0.39270,0.78540,-2.74889,-2.74889,-2.74889,-1.96350,-0.78540,0.00000,1.17810,2.35619,3.14159,-1.96350,-0.78540,0.39270,1.57080,2.74889,-2.74889,-1.57080,-0.39270,0.39270,1.57080,2.35619,-2.74889,-1.96350,-0.78540,0.00000,1.17810,2.35619,3.14159
121.37
2.35619,-2.74889,3.14159,-0.39270,0.39270,-2.74889,-2.74889,-2.74889,-1.96350,-0.78540,0.00000,1.17810,2.35619,3.14159,-1.96350,-0.78540,0.39270,1.57080,2.74889,-2.74889,-1.57080,-0.39270,0.39270,1.57080,2.35619,-2.74889,-1.96350,-1.17810,0.00000,1.17810,2.35619,3.14159
121.86
2.35619,-2.74889,3.14159,-0.39270,0.39270,-2.74889,3.14159,-2.74889,-1.96350,-0.78540,0.00000,1.17810,1.96350,3.14159,-1.96350,-0.78540,0.39270,1.17810,2.35619,-2.74889,-1.57080,-0.78540,0.00000,1.17810,1.96350,-2.74889,-2.35619,-1.17810,0.00000,0.78540,2.35619,3.14159
122.14
2.35619,-2.74889,3.14159,-0.39270,0.39270,-2.74889,3.14159,-2.74889,-1.96350,-1.17810,0.00000,0.78540,1.96350,3.14159,-1.96350,-0.78540,0.39270,1.17810,2.35619,-2.74889,-1.57080,-0.78540,0.39270,1.17810,1.96350,-2.74889,-2.35619,-1.17810,0.00000,0.78540,2.35619,3.14159
122.17
2.35619,-2.74889,3.14159,-0.39270,0.39270,-2.74889,3.14159,-2.74889,-1.96350,-1.17810,0.00000,1.17810,1.96350,3.14159,-1.96350,-0.78540,0.00000,1.17810,2.35619,-2.74889,-1.57080,-0.78540,0.00000,1.17810,1.96350,-2.74889,-2.35619,-1.17810,0.00000,1.17810,2.35619,3.14159
122.38
2.35619,-2.74889,3.14159,-0.39270,0.39270,-2.74889,2.74889,-2.74889,-2.35619,-1.17810,0.00000,1.17810,1.96350,3.14159,-1.96350,-0.78540,0.39270,1.57080,2.74889,-2.74889,-1.17810,-0.78540,0.39270,1.17810,1.96350,-2.74889,-2.35619,-1.17810,0.00000,1.17810,2.35619,3.14159
122.49
2.35619,-2.74889,3.14159,-0.39270,0.39270,-2.74889,2.74889,-2.74889,-1.96350,-1.57080,0.00000,0.78540,1.96350,3.14159,-1.96350,-0.78540,0.00000,1.17810,2.35619,-2.74889,-1.57080,-0.39270,0.39270,1.17810,1.96350,-2.74889,-2.35619,-1.17810,0.00000,1.17810,2.35619,3.14159
122.53
2.35619,-2.74889,3.14159,-0.39270,0.39270,-2.74889,3.14159,-2.74889,-1.96350,-1.17810,0.00000,0.78540,1.96350,3.14159,-1.96350,-0.78540,0.39270,1.17810,2.74889,-2.74889,-1.57080,-0.78540,0.39270,1.17810,2.35619,-2.74889,-1.96350,-1.17810,0.00000,1.17810,2.35619,3.14159
122.59
2.35619,-2.74889,3.14159,-0.39270,0.39270,-2.74889,3.14159,-2.74889,-1.96350,-1.17810,0.00000,0.78540,1.96350,3.14159,-1.96350,-0.78540,0.39270,1.17810,2.35619,-2.74889,-1.57080,-0.39270,0.39270,1.17810,2.35619,-2.74889,-1.96350,-1.17810,0.00000,1.17810,2.35619,3.14159
122.68
2.35619,-2.74889,3.14159,-0.39270,0.39270,-2.74889,3.14159,-2.74889,-1.96350,-1.17810,0.00000,0.78540,1.96350,3.14159,-1.96350,-0.78540,0.39270,1.17810,2.35619,-2.74889,-1.57080,-0.78540,0.39270,1.17810,2.35619,-2.74889,-1.96350,-1.17810,0.00000,1.17810,2.35619,3.14159
122.74
2.35619,-2.74889,3.14159,-0.39270,0.39270,-2.74889,2.74889,-2.74889,-1.96350,-1.17810,0.00000,0.78540,1.96350,3.14159,-1.96350,-0.78540,0.00000,1.17810,2.35619,-2.74889,-1.57080,-0.78540,0.78540,1.17810,1.96350,-2.74889,-1.96350,-1.17810,0.00000,1.17810,1.96350,3.14159
123.80
2.35619,-2.74889,3.14159,-0.78540,0.39270,-2.74889,2.74889,-2.74889,-1.96350,-1.17810,0.00000,0.78540,1.96350,3.14159,-1.96350,-0.78540,0.39270,1.17810,2.35619,-2.74889,-1.57080,-0.78540,0.39270,1.17810,2.35619,-2.74889,-2.35619,-1.17810,0.00000,0.78540,2.35619,3.14159
125.66
1.96350,-2.74889,3.14159,-0.78540,0.00000,2.74889,3.14159,-2.74889,-1.96350,-1.17810,0.00000,0.78540,1.96350,3.14159,-1.96350,-0.78540,0.39270,1.17810,2.35619,-2.74889,-1.17810,-0.39270,0.00000,1.17810,1.96350,-2.74889,-1.96350,-1.17810,0.00000,1.17810,1.96350,3.14159
127.18
1.96350,-2.74889,3.14159,-0.78540,0.39270,2.35619,3.14159,-2.74889,-1.96350,-1.17810,0.00000,0.39270,1.96350,3.14159,-2.35619,-0.78540,0.39270,1.57080,2.35619,-2.74889,-1.17810,-0.78540,0.00000,1.17810,1.96350,-2.74889,-1.96350,-1.17810,0.00000,1.17810,1.96350,3.14159
128.51
1.96350,-2.74889,3.14159,-0.39270,0.39270,1.96350,3.14159,-2.74889,-1.96350,-1.17810,0.00000,0.39270,1.96350,3.14159,-1.96350,-0.78540,0.39270,1.17810,2.35619,-2.74889,-1.17810,-0.78540,0.00000,1.17810,1.57080,-2.74889,-1.96350,-1.17810,0.00000,1.17810,1.96350,3.14159
129.26
2.35619,-2.74889,3.14159,-0.39270,0.39270,1.96350,3.14159,-2.74889,-1.57080,-1.17810,0.00000,0.78540,1.96350,3.14159,-1.96350,-0.78540,0.00000,1.57080,2.35619,-2.74889,-1.57080,-0.78540,-0.39270,1.17810,1.96350,-2.74889,-1.96350,-1.17810,0.39270,1.17810,1.96350,3.14159
129.84
2.35619,-2.74889,3.14159,-0.39270,0.39270,1.96350,3.14159,-2.74889,-1.57080,-1.17810,-0.39270,0.78540,1.96350,3.14159,-1.96350,-0.78540,0.00000,1.57080,2.35619,-2.74889,-1.17810,-0.39270,0.00000,1.17810,1.96350,-2.74889,-1.96350,-1.17810,0.00000,1.17810,2.35619,3.14159
129.96
1.96350,-2.74889,3.14159,-0.39270,0.39270,1.96350,3.14159,-2.74889,-1.96350,-1.17810,0.00000,0.39270,1.96350,3.14159,-2.35619,-0.78540,0.00000,1.57080,2.35619,-2.74889,-1.57080,-0.78540,0.00000,1.17810,1.96350,-2.74889,-2.35619,-1.17810,0.00000,1.17810,1.96350,3.14159
131.69
2.35619,-2.74889,3.14159,-0.78540,0.39270,1.96350,3.14159,-2.74889,-1.96350,-1.17810,-0.39270,0.78540,1.96350,3.14159,-1.96350,-0.78540,0.00000,1.57080,2.35619,-2.74889,-1.57080,-0.39270,0.00000,1.17810,1.96350,-2.74889,-2.35619,-1.17810,0.00000,1.17810,2.35619,3.14159
132.04
1.96350,-2.74889,3.14159,-0.39270,0.39270,1.57080,3.14159,-2.74889,-1.96350,-1.17810,-0.39270,0.78540,1.96350,3.14159,-1.96350,-0.78540,0.39270,1.57080,2.35619,-2.74889,-1.57080,-0.78540,0.00000,1.17810,1.96350,-2.74889,-2.35619,-1.17810,0.00000,1.17810,1.96350,3.14159
132.05
1.96350,-2.74889,3.14159,-0.78540,0.39270,1.17810,3.14159,-2.74889,-1.96350,-1.17810,-0.39270,0.78540,1.96350,3.14159,-1.96350,-0.78540,0.00000,1.57080,2.35619,-2.74889,-1.57080,-0.78540,0.00000,1.17810,1.96350,-2.74889,-2.35619,-1.57080,0.00000,1.17810,1.96350,3.14159
132.11
2.35619,-2.74889,3.14159,-0.78540,0.39270,1.57080,3.14159,-2.74889,-1.96350,-0.78540,0.00000,0.78540,1.96350,3.14159,-2.35619,-0.78540,0.00000,1.17810,2.35619,-2.74889,-1.57080,-0.78540,0.39270,1.17810,1.96350,-2.74889,-2.35619,-1.57080,-0.39270,1.17810,1.96350,3.14159
132.39
2.35619,-2.74889,3.14159,-0.78540,0.39270,1.57080,3.14159,-2.74889,-1.96350,-1.17810,0.00000,0.78540,1.96350,3.14159,-2.35619,-0.78540,0.00000,1.17810,2.35619,-2.74889,-1.57080,-0.78540,0.39270,1.17810,1.96350,-2.74889,-2.35619,-1.57080,-0.39270,1.17810,1.96350,3.14159
132.40
2.35619,-2.74889,3.14159,-0.78540,0.39270,1.57080,3.14159,-2.74889,-1.96350,-1.17810,0.00000,0.78540,1.96350,3.14159,-2.35619,-1.17810,0.00000,1.17810,2.35619,-2.74889,-1.57080,-0.78540,0.39270,1.17810,1.96350,-2.74889,-2.35619,-1.57080,-0.39270,1.17810,1.96350,3.14159
132.62
2.35619,-2.74889,3.14159,-0.78540,0.39270,1.57080,2.74889,-2.74889,-1.57080,-0.78540,0.00000,1.17810,2.35619,3.14159,-1.96350,-1.17810,0.00000,1.57080,2.35619,-2.74889,-1.57080,-0.78540,0.39270,1.17810,1.96350,-2.74889,-2.35619,-1.17810,-0.39270,1.17810,1.96350,3.14159
132.68
2.35619,-2.74889,3.14159,-0.78540,0.39270,1.57080,2.74889,-2.74889,-1.57080,-0.78540,0.00000,0.78540,1.96350,3.14159,-1.96350,-1.17810,0.00000,1.17810,2.35619,-2.74889,-1.57080,-0.78540,0.39270,1.17810,1.57080,-2.74889,-2.35619,-1.17810,-0.39270,1.17810,2.35619,3.14159
133.14
2.35619,-2.74889,3.14159,-0.78540,0.39270,1.17810,2.74889,-2.74889,-1.96350,-1.17810,0.00000,1.17810,1.96350,3.14159,-1.96350,-1.17810,0.00000,1.57080,2.35619,-2.74889,-1.57080,-0.78540,0.39270,1.17810,1.96350,-2.74889,-2.74889,-1.17810,-0.39270,1.17810,1.96350,3.14159
133.21
2.35619,-2.74889,3.14159,-0.78540,0.39270,1.57080,2.74889,-2.74889,-2.35619,-1.17810,0.00000,1.17810,1.96350,3.14159,-1.96350,-1.17810,0.00000,1.57080,2.35619,-2.74889,-1.96350,-0.78540,0.00000,1.17810,1.96350,-2.74889,-2.74889,-1.17810,0.00000,1.17810,1.96350,3.14159
133.52
2.35619,-2.74889,3.14159,-0.78540,0.39270,1.57080,2.74889,-2.74889,-1.96350,-0.78540,0.00000,1.17810,1.96350,3.14159,-1.96350,-1.17810,0.00000,1.57080,2.35619,-2.74889,-1.57080,-0.39270,0.39270,1.17810,1.96350,-2.74889,-2.35619,-1.17810,-0.39270,1.17810,1.96350,3.14159
134.10
2.35619,-2.74889,3.14159,-0.78540,0.39270,1.57080,2.74889,-2.74889,-1.96350,-0.78540,0.00000,1.17810,1.96350,3.14159,-1.96350,-0.78540,0.00000,1.57080,2.35619,-2.74889,-1.57080,-0.78540,0.39270,1.17810,1.96350,-2.74889,-2.35619,-1.17810,-0.39270,1.17810,1.96350,3.14159
134.19
2.35619,-2.74889,3.14159,-0.78540,0.78540,1.57080,2.74889,-2.74889,-1.96350,-0.78540,0.00000,1.17810,1.96350,3.14159,-1.96350,-0.78540,0.39270,1.17810,2.35619,-2.74889,-1.57080,-0.78540,0.39270,1.57080,1.96350,-2.74889,-2.35619,-1.17810,0.00000,1.17810,2.35619,3.14159
134.31
2.35619,-2.74889,3.14159,-0.78540,0.39270,1.57080,2.35619,-2.74889,-1.96350,-0.78540,0.00000,1.17810,1.96350,3.14159,-1.96350,-0.78540,0.00000,1.17810,2.35619,-2.74889,-1.96350,-0.78540,0.39270,1.17810,2.35619,-2.74889,-2.35619,-1.17810,-0.39270,0.78540,2.35619,3.14159
134.41
2.35619,-2.74889,3.14159,-0.78540,0.39270,1.57080,2.35619,-2.74889,-1.96350,-0.78540,0.00000,1.17810,1.96350,3.14159,-1.96350,-0.78540,0.00000,1.17810,2.35619,-2.74889,-1.57080,-0.78540,0.39270,1.57080,2.35619,-2.74889,-2.35619,-1.17810,-0.39270,1.17810,1.96350,3.14159
134.83
2.35619,-2.74889,3.14159,-0.78540,0.39270,1.17810,2.35619,-2.74889,-1.96350,-1.17810,0.00000,1.17810,1.96350,3.14159,-1.96350,-0.78540,0.00000,1.17810,2.35619,-2.74889,-1.96350,-0.78540,0.39270,1.17810,2.35619,-2.74889,-2.35619,-1.17810,-0.39270,1.17810,1.96350,3.14159
135.01
2.35619,-2.74889,3.14159,-0.78540,0.39270,1.57080,2.35619,-2.74889,-1.96350,-1.17810,0.00000,1.17810,1.96350,3.14159,-1.96350,-0.78540,0.00000,1.17810,2.35619,-2.74889,-1.57080,-0.78540,0.39270,1.17810,2.35619,-2.74889,-2.35619,-1.17810,-0.39270,1.17810,1.96350,3.14159
135.02
2.35619,-2.74889,3.14159,-0.78540,0.39270,1.57080,2.35619,-2.74889,-1.96350,-0.78540,0.00000,1.17810,1.96350,3.14159,-1.96350,-0.78540,0.00000,1.17810,2.35619,-2.74889,-1.57080,-0.78540,0.39270,1.57080,2.35619,-2.74889,-2.35619,-1.17810,0.00000,1.17810,1.96350,3.14159
135.12
2.35619,-2.74889,3.14159,-0.78540,0.39270,1.57080,2.74889,-2.74889,-1.96350,-0.78540,0.00000,0.78540,1.96350,3.14159,-1.96350,-0.78540,0.00000,1.17810,2.35619,-2.74889,-1.57080,-0.78540,0.39270,1.17810,2.35619,-2.74889,-2.35619,-1.17810,0.00000,1.17810,1.96350,3.14159
135.14
2.35619,-2.74889,3.14159,-0.78540,0.39270,1.57080,2.74889,-2.74889,-1.96350,-1.17810,0.00000,1.17810,1.96350,3.14159,-1.96350,-0.78540,0.00000,1.17810,2.35619,-2.74889,-1.57080,-0.78540,0.39270,1.17810,1.96350,-2.74889,-2.35619,-1.17810,0.00000,1.17810,1.96350,3.14159
135.28
2.35619,-2.74889,3.14159,-0.78540,0.39270,1.57080,2.74889,-2.74889,-1.96350,-1.17810,0.00000,0.78540,1.96350,3.14159,-1.96350,-0.78540,0.00000,1.17810,2.35619,-2.74889,-1.57080,-0.78540,0.39270,1.17810,2.35619,-2.74889,-2.35619,-1.17810,0.00000,1.17810,1.96350,3.14159
135.34
2.35619,-2.74889,3.14159,-0.78540,0.39270,1.57080,2.35619,-2.74889,-1.96350,-1.17810,0.00000,0.78540,1.96350,3.14159,-1.96350,-1.17810,0.00000,1.17810,2.35619,-2.74889,-1.57080,-0.78540,0.39270,1.17810,1.96350,-2.74889,-2.35619,-1.17810,-0.39270,1.17810,1.96350,3.14159
135.43
2.35619,-2.74889,3.14159,-0.78540,0.39270,1.57080,2.35619,-2.74889,-1.96350,-0.78540,0.00000,1.17810,1.96350,3.14159,-1.96350,-0.78540,0.00000,1.17810,2.35619,-2.74889,-1.57080,-0.78540,0.39270,1.17810,1.96350,-2.74889,-2.35619,-1.17810,0.00000,1.17810,1.96350,3.14159
135.61
2.35619,-2.74889,3.14159,-0.78540,0.39270,1.57080,2.35619,-2.74889,-1.96350,-1.17810,0.00000,1.17810,1.96350,3.14159,-1.96350,-0.78540,0.00000,1.17810,2.35619,-2.74889,-1.57080,-0.78540,0.39270,1.17810,1.96350,-2.74889,-2.35619,-1.17810,0.00000,1.17810,1.96350,3.14159
