1.45
0.00000,0.00000,0.00000,0.00000,0.00000,0.00000,0.00000,0.00000,0.00000,0.00000,0.00000,0.00000,0.00000,0.00000,0.00000,0.00000,0.00000,0.00000,0.00000,0.00000,0.00000,0.00000,0.00000,0.00000,0.00000,0.00000,0.00000,0.00000,0.00000,0.00000,0.00000,0.00000
2.64
0.39270,-1.17810,-2.74889,1.17810,0.78540,0.00000,-1.57080,0.39270,-1.17810,1.96350,-0.39270,0.00000,-0.39270,1.17810,-2.74889,-0.78540,0.00000,1.57080,-1.17810,0.39270,-1.96350,-1.17810,-0.39270,-2.35619,0.39270,-1.57080,0.00000,-1.17810,1.57080,2.35619,0.78540,3.14159
4.20
-0.78540,2.74889,0.78540,1.57080,3.14159,1.17810,-1.57080,0.78540,-0.78540,-2.74889,-2.35619,0.39270,0.39270,3.14159,0.78540,2.35619,-0.78540,3.14159,-2.74889,1.96350,-1.96350,2.35619,-2.35619,3.14159,-1.17810,-0.78540,1.96350,1.17810,-1.96350,3.14159,-0.39270,0.78540
9.16
3.14159,-2.74889,-2.74889,3.14159,2.35619,-0.78540,-2.74889,3.14159,2.74889,-2.74889,0.39270,-2.74889,3.14159,-2.74889,-2.74889,3.14159,-1.17810,3.14159,-2.74889,-2.74889,-2.74889,3.14159,3.14159,1.57080,3.14159,-2.74889,-2.74889,-1.17810,0.78540,3.14159,2.74889,3.14159
12.22
-2.74889,-2.74889,-1.96350,3.14159,2.35619,0.78540,0.39270,2.74889,-2.35619,-2.74889,3.14159,-1.96350,3.14159,-2.74889,-2.74889,0.00000,0.39270,1.17810,-2.74889,-2.74889,-2.35619,-0.39270,0.39270,0.78540,3.14159,-1.57080,-0.78540,-2.74889,2.74889,2.35619,3.14159,3.14159
14.45
-2.74889,-1.57080,-2.74889,3.14159,-1.96350,2.74889,3.14159,3.14159,-2.74889,-2.74889,0.39270,0.39270,3.14159,-2.35619,3.14159,1.17810,0.39270,-1.17810,-2.74889,-2.74889,-1.57080,-1.57080,3.14159,1.96350,3.14159,-2.74889,-0.39270,-0.78540,2.74889,3.14159,3.14159,3.14159
14.45
-2.74889,-2.35619,-2.35619,3.14159,2.35619,0.00000,2.74889,3.14159,-2.74889,0.39270,2.35619,0.00000,3.14159,-2.74889,-0.39270,1.57080,0.78540,0.00000,-2.74889,-1.57080,-2.74889,-0.78540,2.35619,1.96350,3.14159,-2.74889,-2.74889,1.57080,1.96350,1.57080,3.14159,-1.57080
14.90
-0.39270,-2.74889,-2.35619,3.14159,-1.96350,-0.78540,1.57080,3.14159,-2.74889,-2.74889,1.17810,2.74889,3.14159,-2.74889,3.14159,0.00000,0.78540,-1.17810,-2.74889,2.35619,-2.74889,-2.35619,2.35619,2.35619,3.14159,-2.74889,-2.74889,-0.78540,1.57080,3.14159,3.14159,3.14159
16.09
-2.74889,-2.74889,-2.74889,3.14159,-1.57080,-0.78540,3.14159,2.74889,-2.74889,-2.35619,0.00000,1.17810,3.14159,-2.74889,3.14159,-1.17810,1.57080,-0.78540,-2.74889,2.35619,-2.74889,-2.74889,2.74889,-1.96350,3.14159,-2.74889,-2.74889,0.00000,1.57080,2.35619,3.14159,2.74889
17.44
-2.74889,-2.74889,-2.74889,3.14159,-2.35619,-0.39270,3.14159,2.74889,-2.74889,-2.35619,-0.39270,1.17810,3.14159,-2.74889,3.14159,-0.78540,1.17810,-0.39270,-2.74889,1.96350,-2.35619,-2.74889,2.74889,-1.57080,3.14159,-2.74889,-2.74889,0.39270,0.78540,2.74889,3.14159,3.14159
17.57
-0.39270,-2.74889,-2.74889,2.35619,-0.78540,0.00000,-2.74889,3.14159,-2.74889,0.00000,0.00000,2.74889,3.14159,-2.74889,3.14159,-0.78540,1.96350,1.17810,-2.74889,2.35619,-2.74889,-2.35619,3.14159,1.57080,3.14159,-2.74889,-2.74889,0.00000,0.78540,1.96350,3.14159,3.14159
24.65
1.96350,-2.35619,-2.74889,2.35619,-2.35619,0.39270,-2.35619,3.14159,-2.74889,-0.39270,1.17810,1.57080,1.96350,-2.74889,-0.78540,-2.74889,0.78540,-1.96350,-2.74889,-2.74889,-2.74889,-0.78540,1.57080,1.17810,1.96350,-2.74889,-1.96350,0.00000,1.17810,2.35619,2.74889,3.14159
25.19
-2.74889,-2.74889,-2.35619,-1.17810,-0.78540,-1.57080,2.35619,-0.39270,-2.74889,-1.17810,0.39270,1.96350,3.14159,-2.74889,-2.35619,0.39270,1.57080,3.14159,-2.74889,3.14159,-1.57080,-2.35619,1.96350,1.17810,3.14159,-2.74889,-1.96350,0.78540,2.74889,3.14159,2.74889,-1.96350
26.62
-2.74889,-2.74889,-2.74889,0.39270,-0.39270,0.39270,1.96350,3.14159,-2.74889,-0.78540,0.00000,1.57080,3.14159,-2.74889,-2.74889,0.39270,1.96350,3.14159,-2.74889,2.35619,-1.96350,-2.74889,2.35619,1.57080,3.14159,-2.74889,-2.74889,0.39270,2.74889,3.14159,3.14159,-0.39270
26.78
-2.74889,-2.74889,-2.35619,2.74889,-2.74889,-0.78540,1.96350,3.14159,-2.74889,-2.35619,0.78540,1.17810,1.96350,-2.74889,-2.74889,-0.39270,2.35619,-0.39270,-2.74889,-2.74889,-1.96350,-2.74889,0.39270,2.35619,3.14159,-2.74889,-1.17810,0.00000,1.57080,3.14159,3.14159,2.74889
28.21
-2.74889,-2.74889,-1.96350,3.14159,0.39270,0.39270,1.17810,3.14159,-2.74889,0.39270,1.57080,1.57080,3.14159,-2.74889,-0.39270,0.00000,3.14159,1.57080,-1.57080,3.14159,-2.74889,-2.74889,1.17810,1.17810,3.14159,-2.74889,-1.96350,0.78540,1.96350,3.14159,3.14159,-1.57080
28.64
-2.74889,-2.74889,-1.96350,3.14159,-1.17810,1.57080,1.17810,3.14159,-2.74889,0.00000,1.57080,1.57080,2.74889,-2.74889,-1.17810,0.39270,2.74889,0.78540,-0.78540,3.14159,-2.74889,-2.74889,0.78540,0.78540,3.14159,-2.74889,-1.96350,0.78540,1.96350,2.35619,3.14159,-0.78540
28.75
-2.74889,-2.74889,-2.74889,-1.17810,-0.78540,-0.39270,2.74889,3.14159,-2.74889,-2.74889,0.00000,1.57080,3.14159,-2.74889,-1.57080,-0.39270,1.57080,2.74889,-2.74889,-2.74889,-2.74889,-1.96350,3.14159,2.35619,3.14159,-2.74889,-2.74889,-0.39270,1.17810,3.14159,3.14159,-1.17810
29.83
-2.74889,-2.74889,-2.35619,-2.74889,-1.57080,1.17810,2.35619,3.14159,-2.74889,-2.74889,-0.39270,1.96350,3.14159,-2.74889,-1.57080,0.39270,1.17810,2.74889,-2.74889,-2.74889,-2.35619,-1.57080,3.14159,2.74889,3.14159,-2.74889,-1.96350,0.39270,0.78540,3.14159,3.14159,-1.96350
38.50
-2.74889,-2.74889,-2.35619,-2.74889,1.17810,0.78540,2.74889,2.74889,-2.74889,-0.78540,0.00000,1.17810,2.35619,-2.74889,-1.96350,-0.39270,0.39270,2.35619,-2.74889,-1.96350,-2.74889,-0.39270,0.78540,2.35619,3.14159,-2.74889,-1.17810,1.17810,1.17810,3.14159,3.14159,-2.35619
40.93
-2.74889,-2.74889,-2.74889,-1.17810,0.39270,-0.39270,2.74889,3.14159,-2.74889,-1.17810,0.00000,1.96350,3.14159,-2.74889,-1.57080,-0.78540,0.78540,2.35619,-2.74889,-2.74889,-2.74889,-0.39270,0.78540,0.78540,3.14159,-2.74889,-1.17810,1.17810,1.17810,3.14159,3.14159,-0.78540
42.76
-2.74889,-2.74889,-1.96350,0.78540,0.39270,0.39270,1.96350,3.14159,-2.74889,0.00000,0.00000,1.17810,2.74889,-2.74889,-1.57080,-0.39270,0.39270,2.74889,-2.74889,-2.74889,-2.74889,-0.78540,0.78540,1.17810,3.14159,-2.74889,-1.17810,0.00000,0.78540,3.14159,3.14159,-0.78540
43.45
-2.74889,-2.74889,-2.74889,-1.17810,-0.39270,0.39270,2.35619,3.14159,-2.74889,-1.17810,0.78540,1.96350,2.74889,-2.74889,0.00000,-0.78540,0.78540,3.14159,-2.74889,-2.74889,-2.35619,-1.17810,0.00000,1.17810,3.14159,-2.74889,-0.39270,0.00000,1.17810,3.14159,-2.74889,-0.78540
44.64
2.35619,-2.74889,-2.74889,-1.17810,-0.78540,-0.78540,2.35619,3.14159,-2.74889,-1.57080,0.78540,1.57080,2.74889,-2.74889,-1.57080,-0.39270,1.17810,3.14159,-2.74889,-2.74889,-1.96350,-0.39270,0.39270,1.57080,3.14159,-2.74889,-1.57080,-0.39270,1.57080,3.14159,2.74889,-1.96350
44.88
-2.74889,-2.74889,-2.35619,-2.74889,0.00000,0.00000,2.35619,3.14159,-2.74889,-1.57080,0.39270,1.57080,2.35619,-2.74889,-1.57080,0.00000,1.57080,1.96350,-2.74889,-2.74889,-2.74889,-1.57080,0.39270,1.96350,3.14159,-2.74889,-0.78540,0.39270,0.78540,3.14159,-2.74889,-0.39270
45.80
-2.74889,-2.74889,-2.35619,-1.57080,-0.39270,0.39270,1.17810,3.14159,-2.74889,-0.39270,0.39270,0.78540,2.74889,-2.74889,-2.35619,-0.39270,1.17810,2.74889,-2.74889,-2.74889,-2.74889,-0.39270,0.00000,1.96350,3.14159,-2.74889,-1.17810,0.00000,1.17810,3.14159,-2.74889,-1.17810
45.88
-2.74889,-2.74889,-2.74889,-1.96350,-0.39270,0.39270,1.96350,3.14159,-2.74889,-0.78540,0.00000,1.96350,3.14159,-2.74889,-0.78540,0.00000,1.17810,3.14159,-2.74889,-2.74889,-2.74889,-1.17810,0.78540,2.35619,3.14159,-2.74889,-1.17810,0.39270,1.57080,3.14159,3.14159,-1.57080
46.59
-2.74889,-2.74889,-2.74889,-1.96350,-0.78540,-0.39270,2.74889,3.14159,-2.74889,-1.17810,0.39270,1.57080,2.74889,-2.74889,-1.57080,0.00000,1.17810,3.14159,-2.74889,-2.74889,-2.74889,-0.78540,0.00000,1.96350,3.14159,-2.74889,-1.17810,0.00000,1.17810,3.14159,-2.74889,-1.57080
47.55
-2.74889,-2.74889,-1.17810,-1.57080,-0.78540,0.78540,1.57080,3.14159,-2.74889,-0.39270,0.00000,1.57080,3.14159,-2.74889,-1.17810,0.00000,1.57080,3.14159,-2.74889,-2.74889,-1.17810,-1.17810,0.78540,1.96350,3.14159,-2.74889,-1.17810,1.17810,1.57080,3.14159,-2.74889,-0.78540
47.88
-2.74889,-2.74889,-1.17810,0.00000,0.00000,0.78540,1.96350,3.14159,-2.74889,-0.78540,0.78540,1.96350,2.74889,-2.74889,-1.17810,0.00000,1.17810,1.57080,-2.74889,-2.74889,-2.35619,-1.17810,0.39270,1.96350,3.14159,-2.74889,-1.57080,0.39270,1.17810,3.14159,-2.74889,-1.17810
48.31
-2.74889,-2.74889,-2.35619,-2.35619,-0.78540,0.39270,1.57080,3.14159,-2.74889,-1.57080,0.39270,1.57080,3.14159,-2.74889,-1.57080,-0.39270,1.17810,2.74889,-2.74889,-2.74889,-1.96350,-1.57080,0.39270,1.57080,3.14159,-2.74889,-0.78540,-0.39270,1.17810,3.14159,-2.74889,-1.57080
48.52
-2.74889,-2.74889,-1.96350,-1.17810,-0.39270,0.00000,2.35619,3.14159,-2.74889,-0.78540,0.39270,1.96350,3.14159,-2.74889,-0.78540,0.78540,1.57080,3.14159,-2.74889,-2.74889,-1.57080,-0.78540,0.39270,2.35619,3.14159,-2.74889,-1.17810,0.39270,1.57080,3.14159,-2.74889,-1.17810
49.48
-2.74889,-2.74889,-0.78540,-1.57080,-0.39270,0.00000,1.17810,3.14159,-2.74889,-1.17810,-0.39270,1.17810,2.74889,-2.74889,-1.57080,0.00000,1.17810,2.35619,-2.74889,-2.74889,-2.35619,-1.17810,0.00000,1.57080,3.14159,-2.74889,-0.78540,0.39270,1.57080,3.14159,-2.74889,-1.17810
49.51
-2.74889,-2.74889,-1.57080,-1.96350,0.00000,0.39270,1.96350,3.14159,-2.74889,-0.39270,0.39270,1.57080,2.74889,-2.74889,-0.78540,-0.39270,0.78540,2.35619,-2.74889,-2.74889,-1.57080,-0.39270,0.39270,2.35619,3.14159,-2.74889,-1.17810,0.39270,1.57080,3.14159,-2.74889,-1.17810
50.12
-2.74889,-2.74889,-2.35619,-1.17810,-0.78540,0.39270,1.57080,3.14159,-2.74889,-1.17810,0.00000,1.57080,3.14159,-2.74889,-1.17810,0.39270,1.57080,2.74889,-2.74889,-2.74889,-1.57080,-0.78540,0.00000,1.17810,3.14159,-2.74889,-1.17810,0.00000,1.17810,3.14159,-2.74889,-1.57080
50.78
-2.74889,-2.74889,-1.17810,-1.96350,-0.78540,0.00000,1.57080,3.14159,-2.74889,-1.17810,0.00000,1.17810,2.74889,-2.74889,-1.17810,-0.39270,1.17810,2.35619,-2.74889,-2.74889,-1.96350,-1.17810,0.39270,1.96350,3.14159,-2.74889,-1.17810,0.39270,1.57080,3.14159,-2.74889,-1.17810
51.65
-2.74889,-2.74889,-1.96350,-1.96350,-0.78540,0.00000,1.57080,2.74889,-2.74889,-1.17810,0.00000,1.17810,2.74889,-2.74889,-1.17810,-0.39270,0.78540,1.96350,-2.74889,-2.74889,-2.35619,-0.78540,0.78540,1.17810,3.14159,-2.74889,-1.17810,0.39270,1.57080,2.74889,-2.74889,-1.57080
51.83
2.35619,-2.74889,-1.96350,-1.57080,-0.78540,0.00000,1.57080,3.14159,-2.74889,-1.17810,0.00000,1.57080,3.14159,-2.74889,-1.57080,0.00000,0.78540,2.35619,-2.74889,-2.74889,-2.35619,-0.39270,0.39270,1.57080,3.14159,-2.74889,-0.78540,0.39270,1.57080,3.14159,-2.74889,-1.57080
52.09
3.14159,-2.74889,-1.96350,-0.78540,0.00000,0.78540,1.57080,3.14159,-2.74889,-1.17810,0.39270,1.57080,3.14159,-2.74889,-1.17810,0.00000,1.17810,2.35619,-2.74889,-2.74889,-1.96350,-0.78540,0.39270,1.57080,3.14159,-2.74889,-1.17810,0.39270,1.57080,3.14159,-2.74889,-0.78540
52.19
3.14159,-2.74889,-1.17810,-1.17810,-0.39270,0.39270,1.96350,3.14159,-2.74889,-0.78540,0.00000,1.57080,3.14159,-2.74889,-1.57080,0.00000,1.17810,2.35619,-2.74889,-2.74889,-1.57080,-0.78540,0.39270,1.57080,3.14159,-2.74889,-0.78540,0.39270,1.57080,3.14159,-2.74889,-1.17810
52.56
3.14159,-2.74889,-1.96350,-1.17810,-0.39270,0.39270,1.96350,3.14159,-2.74889,-1.17810,0.39270,1.57080,3.14159,-2.74889,-1.17810,0.00000,1.17810,2.35619,-2.74889,-2.74889,-1.96350,-0.39270,0.39270,1.57080,3.14159,-2.74889,-1.17810,0.39270,1.57080,3.14159,-2.74889,-1.17810
52.84
3.14159,-2.74889,-1.57080,-1.17810,-0.39270,0.39270,1.57080,3.14159,-2.74889,-1.17810,0.39270,1.57080,3.14159,-2.74889,-1.17810,0.00000,1.17810,2.35619,-2.74889,-2.74889,-1.96350,-0.78540,0.39270,1.57080,3.14159,-2.74889,-0.78540,0.39270,1.57080,3.14159,-2.74889,-1.17810
53.23
3.14159,-2.74889,-1.57080,-1.17810,0.00000,0.39270,1.57080,3.14159,-2.74889,-0.78540,0.39270,1.57080,3.14159,-2.74889,-1.17810,0.00000,0.78540,2.35619,-2.74889,-2.74889,-1.57080,-0.39270,0.78540,1.57080,3.14159,-2.35619,-0.78540,0.39270,1.17810,2.74889,-2.74889,-1.17810
53.59
3.14159,-2.74889,-1.57080,-0.78540,-0.39270,0.39270,1.57080,3.14159,-1.96350,-1.17810,0.00000,1.57080,3.14159,-2.74889,-1.17810,0.00000,0.78540,2.35619,-2.74889,-2.74889,-1.57080,-0.39270,0.39270,1.57080,3.14159,-1.96350,-0.78540,0.00000,1.57080,2.74889,-2.74889,-0.78540
54.11
3.14159,-2.74889,-1.57080,-1.17810,-0.39270,0.39270,1.96350,3.14159,-2.35619,-0.78540,0.39270,1.17810,3.14159,-2.74889,-0.78540,0.00000,1.17810,1.96350,-2.74889,-2.74889,-1.57080,-0.39270,0.78540,1.57080,3.14159,-1.96350,-0.78540,0.39270,1.57080,2.74889,-2.74889,-1.17810
54.36
3.14159,-2.74889,-1.96350,-1.57080,-0.39270,0.78540,1.57080,3.14159,-2.35619,-0.78540,0.39270,1.57080,3.14159,-2.74889,-1.17810,0.00000,1.57080,2.35619,-2.74889,-2.74889,-1.57080,-0.39270,0.39270,1.57080,3.14159,-1.96350,-0.78540,0.39270,1.57080,3.14159,-2.74889,-1.17810
54.42
3.14159,-2.74889,-1.57080,-1.57080,-0.39270,0.78540,1.96350,3.14159,-2.35619,-0.78540,0.39270,1.57080,3.14159,-2.74889,-1.17810,0.00000,1.57080,2.35619,-2.74889,-2.74889,-1.57080,-0.78540,0.39270,1.57080,3.14159,-1.96350,-0.78540,0.39270,1.57080,3.14159,-2.74889,-1.17810
54.59
3.14159,-2.74889,-1.57080,-1.57080,-0.39270,0.39270,1.57080,3.14159,-2.35619,-0.78540,0.39270,1.57080,3.14159,-2.74889,-1.17810,0.00000,1.57080,1.96350,-2.74889,-2.74889,-1.57080,-0.39270,0.39270,1.57080,2.74889,-1.96350,-0.78540,0.39270,1.57080,2.74889,-2.74889,-1.17810
54.72
3.14159,-2.74889,-1.57080,-1.57080,-0.39270,0.78540,1.96350,3.14159,-2.35619,-0.78540,0.39270,1.57080,2.74889,-2.74889,-0.78540,0.00000,1.57080,1.96350,-2.74889,-2.74889,-1.57080,-0.39270,0.39270,1.57080,2.74889,-1.96350,-0.78540,0.39270,1.57080,2.74889,-2.74889,-1.17810
54.76
3.14159,-2.74889,-1.57080,-1.17810,-0.39270,0.39270,1.57080,3.14159,-2.35619,-0.78540,0.39270,1.57080,2.74889,-2.74889,-0.78540,0.00000,1.17810,2.35619,-2.74889,-2.74889,-1.96350,-0.78540,0.39270,1.57080,3.14159,-1.96350,-0.78540,0.39270,1.57080,2.74889,-2.74889,-1.17810
54.81
2.74889,-2.74889,-1.57080,-1.57080,-0.39270,0.78540,1.96350,-2.74889,-1.96350,-0.78540,0.39270,1.57080,3.14159,-2.35619,-0.78540,0.39270,1.57080,2.35619,-2.74889,-2.74889,-1.57080,-0.39270,0.39270,1.57080,3.14159,-1.96350,-0.78540,0.39270,1.57080,3.14159,-2.74889,-0.78540
54.91
2.74889,-2.74889,-1.57080,-1.17810,-0.39270,0.78540,1.96350,-2.74889,-1.96350,-0.78540,0.39270,1.57080,3.14159,-2.35619,-0.78540,0.39270,1.17810,2.35619,-2.74889,-2.74889,-1.57080,-0.39270,0.39270,1.57080,3.14159,-1.96350,-0.78540,0.39270,1.57080,3.14159,-2.74889,-0.78540
54.94
2.74889,-2.74889,-1.57080,-1.17810,-0.39270,0.78540,1.96350,-2.74889,-1.96350,-0.78540,0.39270,1.57080,3.14159,-2.35619,-0.78540,0.00000,1.17810,2.35619,-2.74889,-2.74889,-1.57080,-0.39270,0.39270,1.57080,3.14159,-1.96350,-0.78540,0.39270,1.57080,3.14159,-2.74889,-1.17810
54.99
2.74889,-2.74889,-1.96350,-1.17810,-0.39270,0.78540,1.96350,-2.74889,-1.96350,-0.78540,0.39270,1.57080,3.14159,-2.35619,-1.17810,0.39270,1.57080,2.35619,-2.74889,-2.74889,-1.57080,-0.39270,0.78540,1.96350,3.14159,-1.96350,-0.78540,0.39270,1.57080,3.14159,-2.74889,-1.17810
55.04
2.74889,-2.74889,-1.57080,-1.17810,-0.39270,0.78540,1.96350,-2.74889,-1.96350,-0.78540,0.39270,1.57080,3.14159,-2.35619,-0.78540,0.39270,1.17810,2.35619,-2.74889,-2.74889,-1.57080,-0.39270,0.39270,1.96350,3.14159,-1.96350,-0.78540,0.39270,1.57080,3.14159,-2.74889,-1.17810
55.04
2.74889,-2.74889,-1.57080,-1.17810,-0.39270,0.78540,1.57080,-2.74889,-1.96350,-0.78540,0.39270,1.57080,2.74889,-2.35619,-0.78540,0.39270,1.17810,2.35619,-2.74889,-2.74889,-1.57080,-0.39270,0.78540,1.96350,3.14159,-1.96350,-0.78540,0.39270,1.57080,3.14159,-2.74889,-1.17810
55.07
2.74889,-2.74889,-1.57080,-1.17810,-0.39270,0.78540,1.96350,-2.74889,-1.96350,-0.78540,0.39270,1.57080,2.74889,-2.35619,-0.78540,0.00000,1.17810,2.35619,-2.74889,-2.74889,-1.57080,-0.39270,0.39270,1.57080,3.14159,-1.96350,-0.78540,0.39270,1.57080,3.14159,-2.74889,-1.17810
55.14
2.74889,-2.74889,-1.57080,-1.17810,-0.39270,0.78540,1.96350,-2.74889,-1.96350,-0.78540,0.39270,1.57080,3.14159,-2.35619,-0.78540,0.39270,1.57080,2.35619,-2.74889,-2.74889,-1.57080,-0.39270,0.78540,1.96350,3.14159,-1.96350,-0.78540,0.39270,1.57080,3.14159,-2.74889,-0.78540
55.17
2.74889,-2.74889,-1.57080,-1.17810,-0.39270,0.78540,1.96350,-2.74889,-1.96350,-0.78540,0.39270,1.57080,2.74889,-2.35619,-0.78540,0.39270,1.57080,2.35619,-2.74889,-2.74889,-1.57080,-0.39270,0.78540,1.96350,3.14159,-1.96350,-0.78540,0.39270,1.57080,3.14159,-2.74889,-1.17810
55.18
2.74889,-2.74889,-1.57080,-1.17810,-0.39270,0.78540,1.96350,-2.74889,-1.96350,-0.78540,0.39270,1.57080,3.14159,-1.96350,-0.78540,0.39270,1.57080,2.35619,-2.74889,-2.74889,-1.57080,-0.39270,0.78540,1.96350,3.14159,-1.96350,-0.78540,0.39270,1.57080,3.14159,-2.74889,-0.78540
55.20
2.74889,-2.74889,-1.57080,-1.17810,-0.39270,0.78540,1.96350,-2.74889,-1.96350,-0.78540,0.39270,1.57080,3.14159,-2.35619,-0.78540,0.39270,1.57080,2.35619,-2.74889,-2.74889,-1.57080,-0.39270,0.78540,1.96350,3.14159,-1.96350,-0.78540,0.39270,1.57080,2.74889,-2.74889,-0.78540
55.21
2.74889,-2.74889,-1.57080,-1.17810,-0.39270,0.78540,1.96350,-2.74889,-1.96350,-0.78540,0.39270,1.57080,3.14159,-1.96350,-0.78540,0.39270,1.57080,2.35619,-2.74889,-2.74889,-1.57080,-0.39270,0.78540,1.96350,3.14159,-1.96350,-0.78540,0.39270,1.57080,2.74889,-2.74889,-0.78540
55.24
2.74889,-2.74889,-1.17810,-1.17810,-0.39270,0.78540,1.96350,2.74889,-1.96350,-1.17810,0.39270,1.57080,2.74889,-2.35619,-0.78540,0.00000,1.17810,2.35619,-2.74889,-2.74889,-1.57080,-0.39270,0.39270,1.57080,3.14159,-1.96350,-0.78540,0.39270,1.57080,3.14159,-2.74889,-1.17810
55.37
2.74889,-2.74889,-1.17810,-1.17810,-0.39270,0.78540,1.96350,2.74889,-1.96350,-0.78540,0.39270,1.57080,2.74889,-2.35619,-0.78540,0.39270,1.17810,2.35619,-2.74889,-2.74889,-1.57080,-0.39270,0.78540,1.57080,3.14159,-1.96350,-0.78540,0.39270,1.57080,3.14159,-2.74889,-1.17810
55.40
2.74889,-2.74889,-1.17810,-0.78540,-0.39270,0.78540,1.96350,3.14159,-1.96350,-0.78540,0.39270,1.57080,3.14159,-2.35619,-0.78540,0.39270,1.57080,2.35619,-2.74889,-2.74889,-1.57080,-0.39270,0.78540,1.96350,3.14159,-1.96350,-0.78540,0.39270,1.57080,3.14159,-2.74889,-1.17810
55.47
2.74889,-2.74889,-1.57080,-0.78540,-0.39270,0.78540,1.96350,3.14159,-1.96350,-0.78540,0.39270,1.57080,3.14159,-2.35619,-0.78540,0.39270,1.57080,2.35619,-2.74889,-2.74889,-1.57080,-0.39270,0.78540,1.96350,3.14159,-1.96350,-0.78540,0.39270,1.57080,3.14159,-2.74889,-1.17810
55.48
2.74889,-2.74889,-1.57080,-0.78540,-0.39270,0.78540,1.96350,3.14159,-1.96350,-0.78540,0.39270,1.57080,3.14159,-1.96350,-0.78540,0.39270,1.57080,2.35619,-2.74889,-2.74889,-1.57080,-0.39270,0.78540,1.96350,3.14159,-1.96350,-0.78540,0.39270,1.57080,3.14159,-2.74889,-1.17810
55.50
2.74889,-2.74889,-1.57080,-1.17810,-0.39270,0.78540,1.96350,3.14159,-1.96350,-0.78540,0.39270,1.57080,3.14159,-1.96350,-0.78540,0.39270,1.17810,2.35619,-2.74889,-2.74889,-1.57080,-0.39270,0.78540,1.96350,3.14159,-1.96350,-0.78540,0.39270,1.57080,3.14159,-2.74889,-1.17810
55.53
2.74889,-2.74889,-1.57080,-1.17810,-0.39270,0.78540,1.96350,3.14159,-1.96350,-0.78540,0.39270,1.57080,3.14159,-1.96350,-0.78540,0.39270,1.57080,2.35619,-2.74889,-2.74889,-1.57080,-0.39270,0.78540,1.96350,3.14159,-1.96350,-0.78540,0.39270,1.57080,3.14159,-2.74889,-1.17810
55.54
2.74889,-2.74889,-1.57080,-1.17810,-0.39270,0.78540,1.96350,3.14159,-1.96350,-0.78540,0.39270,1.57080,3.14159,-1.96350,-0.78540,0.39270,1.57080,2.35619,-2.74889,-2.74889,-1.57080,-0.39270,0.78540,1.96350,3.14159,-1.96350,-0.78540,0.39270,1.57080,3.14159,-2.74889,-0.78540
55.59
2.74889,-2.74889,-1.57080,-1.17810,-0.39270,0.78540,1.96350,3.14159,-1.96350,-0.78540,0.39270,1.57080,3.14159,-1.96350,-0.78540,0.39270,1.57080,2.35619,-2.74889,-2.74889,-1.57080,-0.39270,0.78540,1.96350,3.14159,-1.96350,-0.78540,0.39270,1.57080,2.74889,-2.74889,-0.78540
55.65
2.74889,-2.35619,-1.57080,-1.17810,-0.39270,0.78540,1.96350,3.14159,-1.96350,-0.78540,0.39270,1.57080,2.74889,-1.96350,-0.78540,0.39270,1.57080,2.35619,-2.74889,-2.74889,-1.57080,-0.39270,0.78540,1.96350,3.14159,-1.96350,-0.78540,0.39270,1.57080,3.14159,-2.74889,-0.78540
55.65
2.74889,-2.35619,-1.57080,-1.17810,-0.39270,0.78540,1.96350,3.14159,-1.96350,-0.78540,0.39270,1.57080,2.74889,-1.96350,-0.78540,0.39270,1.57080,2.35619,-2.74889,-2.74889,-1.57080,-0.39270,0.39270,1.96350,3.14159,-1.96350,-0.78540,0.39270,1.57080,2.74889,-2.74889,-0.78540
55.66
2.74889,-2.35619,-1.57080,-1.17810,-0.39270,0.78540,1.96350,3.14159,-1.96350,-0.78540,0.39270,1.57080,2.74889,-1.96350,-0.78540,0.39270,1.57080,2.35619,-2.74889,-2.74889,-1.57080,-0.39270,0.78540,1.96350,3.14159,-1.96350,-0.78540,0.39270,1.57080,3.14159,-2.74889,-1.17810
55.67
2.74889,-2.35619,-1.57080,-1.17810,-0.39270,0.78540,1.96350,3.14159,-1.96350,-0.78540,0.39270,1.57080,2.74889,-2.35619,-0.78540,0.39270,1.57080,2.35619,-2.74889,-2.74889,-1.57080,-0.39270,0.78540,1.96350,3.14159,-1.96350,-0.78540,0.39270,1.57080,3.14159,-2.74889,-1.17810
56.16
2.74889,-2.74889,-1.57080,-0.78540,-0.39270,0.78540,1.96350,3.14159,-1.96350,-0.78540,0.39270,1.57080,2.74889,-1.96350,-0.78540,0.39270,1.57080,2.35619,-2.74889,-2.74889,-1.57080,-0.39270,0.78540,1.96350,3.14159,-1.96350,-0.78540,0.39270,1.57080,3.14159,-2.35619,-0.78540
56.21
2.74889,-2.74889,-1.57080,-1.17810,-0.39270,0.78540,1.96350,3.14159,-1.96350,-0.78540,0.39270,1.57080,3.14159,-1.96350,-0.78540,0.39270,1.17810,2.35619,-2.74889,-2.74889,-1.57080,-0.39270,0.78540,1.96350,3.14159,-1.96350,-0.78540,0.39270,1.57080,2.74889,-2.35619,-0.78540
56.25
2.74889,-2.74889,-1.57080,-1.17810,-0.39270,0.78540,1.96350,3.14159,-1.96350,-0.78540,0.39270,1.57080,3.14159,-2.35619,-0.78540,0.39270,1.57080,2.35619,-2.74889,-2.74889,-1.57080,-0.39270,0.78540,1.96350,3.14159,-1.96350,-0.78540,0.39270,1.57080,2.74889,-2.35619,-1.17810
56.25
2.74889,-2.74889,-1.57080,-1.17810,-0.39270,0.78540,1.96350,3.14159,-1.96350,-0.78540,0.39270,1.57080,3.14159,-1.96350,-0.78540,0.39270,1.57080,2.35619,-2.74889,-2.74889,-1.57080,-0.39270,0.78540,1.96350,3.14159,-1.96350,-0.78540,0.39270,1.57080,2.74889,-2.35619,-1.17810
