1.05
0.00000,0.00000,0.00000,0.00000,0.00000,0.00000,0.00000,0.00000,0.00000,0.00000,0.00000,0.00000,0.00000,0.00000,0.00000,0.00000,0.00000,0.00000,0.00000,0.00000,0.00000,0.00000,0.00000,0.00000,0.00000,0.00000,0.00000,0.00000,0.00000,0.00000,0.00000,0.00000
2.38
-1.57080,-0.39270,1.17810,1.96350,1.57080,-0.78540,1.57080,-1.57080,2.35619,-1.17810,1.17810,2.35619,-0.78540,-1.17810,0.00000,1.17810,-0.78540,1.17810,-0.78540,-0.78540,1.17810,1.17810,2.74889,0.00000,2.35619,-0.39270,-0.78540,1.17810,1.57080,0.39270,-0.39270,1.17810
4.06
-0.78540,-0.39270,1.96350,0.39270,2.35619,0.00000,1.17810,0.78540,1.57080,-0.39270,0.39270,-0.39270,-1.17810,0.00000,-2.74889,1.57080,-1.57080,2.35619,-0.78540,-1.57080,-0.39270,0.00000,3.14159,-0.39270,2.74889,-1.57080,-1.17810,0.78540,2.35619,1.17810,1.57080,2.35619
6.85
-1.57080,-0.39270,-0.39270,0.39270,0.78540,0.00000,-2.35619,-2.35619,-0.78540,3.14159,0.78540,3.14159,0.00000,1.96350,0.39270,0.39270,1.17810,0.78540,0.00000,-0.39270,-1.96350,0.78540,2.74889,0.78540,2.35619,-1.96350,-0.39270,-0.39270,1.57080,-1.17810,-1.17810,3.14159
8.10
0.39270,0.00000,-0.78540,1.17810,1.57080,-1.17810,-2.35619,-1.17810,-0.78540,1.17810,3.14159,3.14159,0.78540,2.35619,-0.39270,1.96350,0.39270,1.96350,-0.39270,1.17810,-1.17810,-0.78540,3.14159,-0.39270,1.57080,-2.74889,-0.78540,-0.39270,0.00000,-2.35619,-0.39270,3.14159
10.53
-2.74889,-2.74889,0.39270,1.57080,3.14159,-1.17810,2.74889,-1.96350,0.78540,0.00000,1.96350,3.14159,1.96350,-1.17810,-1.96350,1.57080,0.39270,-0.39270,0.78540,0.39270,-0.39270,2.35619,1.57080,-0.39270,1.57080,-2.74889,-1.96350,-1.57080,1.17810,1.96350,-1.57080,3.14159
12.49
0.00000,3.14159,-0.39270,3.14159,-1.57080,0.39270,2.35619,-2.74889,-1.57080,0.39270,1.17810,1.57080,2.35619,0.78540,0.39270,0.00000,0.00000,-1.96350,-0.78540,2.35619,-1.96350,-2.35619,3.14159,1.57080,3.14159,0.78540,3.14159,-1.96350,-1.57080,-0.78540,0.78540,3.14159
13.47
-0.78540,3.14159,2.74889,3.14159,-0.39270,-2.74889,3.14159,-2.74889,0.00000,1.96350,1.96350,3.14159,-2.74889,1.96350,2.35619,2.35619,0.00000,1.96350,0.78540,0.39270,-0.39270,0.39270,3.14159,1.96350,3.14159,-2.74889,0.39270,1.17810,0.78540,1.57080,-2.74889,3.14159
14.19
-2.74889,0.39270,1.17810,1.57080,0.00000,-2.74889,2.35619,-1.17810,2.74889,-0.39270,-2.74889,-2.35619,2.74889,2.74889,-0.39270,1.57080,-2.74889,-1.57080,2.35619,-2.74889,-0.39270,0.00000,3.14159,2.35619,3.14159,-2.74889,-1.17810,0.39270,2.35619,2.74889,-2.35619,2.74889
17.41
-2.74889,2.35619,1.17810,2.35619,1.57080,-2.74889,1.96350,-2.74889,0.78540,0.78540,0.78540,3.14159,-2.74889,3.14159,0.39270,0.78540,-2.74889,1.96350,2.74889,-2.74889,1.57080,-0.78540,3.14159,1.57080,3.14159,-2.74889,-0.39270,-2.74889,0.78540,2.74889,2.35619,3.14159
25.21
-1.17810,1.96350,1.96350,-0.39270,1.17810,-1.57080,3.14159,-2.74889,0.39270,0.00000,0.78540,2.74889,-2.74889,2.74889,-2.35619,0.78540,-2.74889,3.14159,1.96350,-2.74889,-1.96350,0.00000,0.78540,2.74889,2.74889,-2.74889,-1.17810,0.00000,-0.39270,2.35619,-2.35619,2.74889
26.15
1.57080,-1.57080,3.14159,0.78540,1.17810,3.14159,-2.35619,-1.17810,-0.78540,0.00000,2.74889,2.35619,-2.74889,3.14159,-1.57080,0.78540,1.57080,-2.74889,-2.74889,-2.74889,0.00000,2.74889,-0.39270,2.74889,2.74889,-1.96350,-0.78540,-0.78540,0.78540,3.14159,3.14159,2.74889
27.38
1.17810,1.96350,3.14159,0.39270,-1.57080,3.14159,-1.96350,-0.39270,1.17810,2.74889,3.14159,3.14159,-2.74889,-1.57080,-1.17810,2.74889,2.35619,2.35619,-1.96350,-2.35619,-2.74889,-0.39270,-0.78540,1.96350,3.14159,-2.74889,-0.39270,0.00000,1.57080,2.74889,3.14159,2.35619
27.68
1.57080,1.96350,3.14159,1.57080,1.96350,2.74889,2.74889,-1.57080,-2.35619,1.57080,2.74889,3.14159,-2.74889,0.00000,1.17810,2.74889,0.00000,-2.74889,-0.39270,-2.74889,-1.57080,0.00000,0.39270,2.74889,3.14159,-2.74889,-0.39270,0.00000,1.57080,2.74889,2.74889,2.35619
33.75
0.39270,0.78540,3.14159,3.14159,0.39270,-2.74889,3.14159,-1.57080,1.57080,2.74889,3.14159,3.14159,-2.74889,-0.78540,0.00000,1.17810,-2.74889,3.14159,2.35619,-2.74889,0.39270,-0.39270,1.96350,2.35619,3.14159,-2.74889,-1.17810,-0.39270,-0.39270,1.96350,3.14159,3.14159
34.75
1.17810,-0.39270,1.17810,1.17810,0.78540,1.96350,-1.17810,-1.57080,-1.17810,0.39270,3.14159,2.74889,-2.35619,0.00000,0.39270,1.96350,-1.96350,3.14159,-2.35619,-2.35619,-2.74889,1.57080,2.35619,1.96350,3.14159,-2.35619,-0.39270,0.39270,1.57080,1.96350,-2.74889,3.14159
37.17
-0.39270,-0.78540,-1.96350,2.74889,0.00000,-2.35619,-2.74889,-2.35619,-0.78540,1.96350,2.74889,2.74889,-2.74889,-0.78540,0.00000,2.35619,3.14159,1.96350,-2.74889,-2.74889,0.39270,0.00000,1.57080,2.35619,3.14159,-2.35619,-0.78540,-1.17810,0.39270,2.35619,-2.74889,2.74889
37.98
0.00000,2.74889,1.57080,1.96350,2.35619,-2.74889,-2.74889,0.39270,1.96350,1.17810,3.14159,2.74889,-2.74889,-0.39270,1.96350,1.57080,-2.74889,3.14159,-2.74889,-2.74889,-0.39270,-0.78540,1.17810,3.14159,3.14159,-2.35619,-0.39270,0.00000,2.35619,2.74889,-2.74889,3.14159
38.99
0.39270,0.78540,1.57080,1.57080,0.78540,-2.74889,-2.74889,-0.78540,0.78540,0.39270,3.14159,3.14159,-2.74889,-0.78540,1.17810,1.96350,-0.39270,3.14159,-1.57080,-2.74889,-0.39270,0.39270,1.57080,3.14159,3.14159,-1.17810,-0.78540,-0.39270,2.35619,3.14159,-2.74889,3.14159
42.86
-1.96350,3.14159,2.35619,3.14159,2.35619,2.74889,3.14159,-1.17810,-0.39270,1.17810,2.35619,3.14159,-2.74889,-0.39270,0.39270,2.74889,-2.74889,-2.35619,2.35619,-2.74889,-2.74889,0.39270,1.17810,2.35619,3.14159,-2.74889,-1.17810,-0.39270,0.78540,2.74889,3.14159,3.14159
42.91
0.00000,2.35619,1.17810,2.74889,2.35619,-2.74889,-2.74889,-1.17810,1.17810,1.96350,3.14159,3.14159,-2.74889,-0.39270,1.57080,1.96350,-2.74889,3.14159,-2.74889,-2.74889,0.78540,0.78540,2.35619,3.14159,3.14159,-1.57080,-0.39270,0.78540,2.35619,3.14159,-2.74889,3.14159
43.23
1.17810,2.35619,2.74889,2.74889,1.96350,-2.74889,-2.74889,-1.57080,1.17810,0.00000,3.14159,3.14159,-1.96350,-1.17810,1.17810,1.96350,-2.74889,3.14159,-1.96350,-2.74889,-0.78540,0.39270,0.39270,3.14159,3.14159,-2.74889,-1.17810,0.39270,1.57080,2.35619,-2.74889,3.14159
43.58
0.78540,3.14159,0.78540,0.39270,1.96350,-2.74889,-2.74889,-0.39270,0.39270,0.78540,3.14159,3.14159,-2.74889,-0.39270,1.17810,2.74889,-2.74889,3.14159,-2.35619,-2.35619,-1.57080,-0.78540,1.17810,3.14159,3.14159,-1.17810,-0.39270,0.00000,1.57080,2.74889,-2.74889,3.14159
46.39
0.39270,1.57080,1.96350,1.57080,1.96350,-2.74889,-2.74889,-1.17810,0.78540,1.17810,3.14159,3.14159,-2.74889,-0.78540,0.78540,1.57080,-2.74889,2.74889,-1.96350,-2.74889,1.17810,0.39270,1.57080,3.14159,3.14159,-1.57080,-0.39270,0.78540,2.35619,2.74889,-2.74889,3.14159
48.22
0.00000,1.57080,2.35619,-1.96350,1.57080,3.14159,-2.35619,-0.78540,0.00000,0.39270,2.74889,3.14159,-2.35619,-0.39270,0.78540,1.96350,2.74889,1.96350,-2.35619,-1.96350,-1.57080,1.17810,1.17810,2.74889,3.14159,-2.74889,-1.57080,0.78540,1.96350,3.14159,3.14159,-2.74889
49.51
-1.96350,-0.39270,2.74889,-2.74889,3.14159,3.14159,-2.35619,-1.17810,0.78540,0.00000,1.17810,-2.74889,-1.57080,-0.39270,-0.39270,1.57080,3.14159,-2.74889,-2.74889,-2.74889,-1.57080,0.00000,1.17810,1.96350,3.14159,-2.74889,-1.17810,0.00000,0.78540,3.14159,3.14159,-2.74889
50.26
0.00000,0.78540,2.35619,1.96350,2.74889,-2.74889,-1.96350,-1.57080,-0.39270,0.39270,3.14159,-2.74889,-2.74889,0.00000,1.57080,0.78540,3.14159,-2.74889,-2.74889,-1.96350,-0.78540,0.39270,0.78540,2.74889,3.14159,-2.74889,0.00000,-0.39270,0.78540,2.35619,-2.74889,-2.74889
55.71
0.00000,0.39270,0.39270,0.78540,3.14159,2.74889,-1.96350,-0.78540,0.00000,0.39270,2.35619,-2.35619,-1.17810,-0.78540,-0.39270,0.39270,3.14159,2.74889,-2.74889,-1.17810,-1.17810,0.39270,0.00000,2.35619,3.14159,-2.74889,-0.78540,0.39270,1.17810,2.74889,3.14159,-1.17810
56.01
0.00000,0.39270,2.35619,0.78540,2.35619,3.14159,-2.74889,-1.17810,0.39270,1.57080,3.14159,-2.74889,-1.57080,0.00000,0.00000,2.35619,3.14159,-2.74889,-2.74889,-2.74889,-0.78540,0.78540,1.17810,2.74889,3.14159,-2.74889,-1.17810,0.00000,2.35619,2.74889,-2.74889,-1.57080
57.00
0.00000,0.78540,1.17810,3.14159,1.96350,-2.74889,-2.74889,-1.17810,0.39270,1.57080,3.14159,-2.74889,-1.96350,-0.78540,0.39270,0.39270,2.74889,3.14159,-2.74889,-2.74889,-1.17810,-0.39270,0.78540,2.74889,3.14159,-2.74889,-0.39270,0.39270,1.57080,3.14159,-2.74889,-1.57080
57.19
0.00000,1.57080,1.96350,1.57080,2.74889,-2.74889,-2.35619,-1.17810,0.39270,1.57080,3.14159,-2.74889,-2.35619,-1.17810,0.39270,1.17810,3.14159,3.14159,-2.74889,-2.74889,-1.96350,0.39270,0.78540,2.35619,3.14159,-2.74889,-1.17810,0.39270,1.57080,3.14159,-2.74889,-2.74889
57.47
0.00000,0.39270,2.35619,0.78540,2.74889,-2.74889,-1.96350,-1.57080,0.00000,1.17810,3.14159,-2.74889,-2.74889,0.00000,1.17810,1.57080,3.14159,-2.74889,-2.74889,-2.74889,-1.57080,0.39270,0.78540,2.35619,3.14159,-2.35619,-1.17810,0.39270,1.57080,2.74889,-2.74889,-2.74889
61.07
0.00000,1.17810,2.35619,1.17810,3.14159,-2.74889,-2.74889,-0.39270,0.00000,1.17810,3.14159,-2.35619,-1.57080,-0.39270,1.17810,1.96350,3.14159,-2.74889,-2.74889,-1.96350,-0.78540,0.00000,0.78540,2.35619,3.14159,-2.74889,-0.78540,0.00000,1.57080,3.14159,3.14159,-2.35619
61.54
-0.39270,0.78540,1.96350,1.96350,2.74889,-2.74889,-2.74889,-1.17810,0.39270,1.17810,3.14159,-2.74889,-1.96350,-0.78540,0.39270,1.57080,3.14159,3.14159,-2.74889,-2.35619,-1.17810,0.39270,0.78540,1.96350,3.14159,-2.74889,-1.17810,0.00000,1.96350,3.14159,-2.74889,-2.35619
62.02
-0.78540,0.78540,0.78540,1.17810,2.35619,-2.74889,-2.74889,-1.17810,0.78540,1.17810,3.14159,-2.74889,-1.57080,0.00000,0.78540,1.57080,3.14159,3.14159,-0.78540,-1.17810,-1.17810,0.00000,0.39270,1.96350,3.14159,-1.96350,-1.17810,0.39270,1.57080,2.74889,-2.74889,-1.96350
63.23
-0.39270,0.39270,1.57080,1.96350,1.96350,-2.74889,-2.74889,-0.39270,-0.39270,1.57080,3.14159,-2.74889,-1.57080,-1.17810,0.78540,1.57080,3.14159,-2.74889,-2.74889,-1.57080,0.00000,0.00000,1.57080,1.96350,3.14159,-1.57080,-0.39270,0.39270,1.17810,2.35619,-2.35619,-1.96350
63.47
0.00000,0.78540,1.96350,1.17810,2.74889,-2.74889,-1.96350,-1.17810,-0.39270,1.57080,3.14159,-2.74889,-1.96350,-0.39270,1.17810,1.57080,3.14159,-2.74889,-2.74889,-1.96350,-0.39270,-0.39270,0.78540,2.35619,3.14159,-1.96350,-0.78540,0.00000,0.78540,3.14159,-2.74889,-2.35619
63.72
-1.57080,0.00000,1.96350,1.57080,2.74889,-2.74889,-1.57080,-0.78540,0.00000,1.17810,3.14159,-2.74889,-1.57080,-0.78540,0.39270,1.57080,3.14159,-2.74889,-2.74889,-1.57080,-0.78540,0.00000,0.39270,2.35619,3.14159,-1.96350,-0.39270,0.00000,1.17810,3.14159,-2.74889,-1.96350
64.27
-0.39270,0.39270,1.96350,1.17810,3.14159,-2.74889,-1.96350,-0.39270,0.00000,1.57080,3.14159,-2.74889,-1.57080,0.00000,0.78540,1.57080,3.14159,-2.74889,-2.74889,-2.35619,-0.78540,0.39270,1.17810,2.74889,3.14159,-1.57080,-1.17810,0.39270,1.57080,3.14159,-2.74889,-2.35619
64.69
-0.78540,0.78540,1.96350,1.96350,2.74889,-2.74889,-2.74889,-1.17810,0.39270,1.57080,3.14159,-2.74889,-1.57080,-0.39270,0.39270,1.17810,3.14159,3.14159,-2.74889,-1.96350,-1.17810,0.00000,1.17810,1.96350,3.14159,-1.57080,-1.17810,0.00000,1.57080,3.14159,-2.74889,-1.96350
65.46
-0.78540,1.17810,2.35619,1.96350,3.14159,-2.74889,-1.96350,0.00000,0.39270,1.17810,3.14159,-2.74889,-1.57080,0.00000,1.17810,1.96350,3.14159,-2.74889,-2.74889,-1.57080,-0.78540,0.00000,0.78540,2.35619,3.14159,-1.96350,-0.78540,0.39270,1.57080,3.14159,-2.74889,-1.17810
66.80
-0.78540,0.39270,1.17810,1.17810,2.74889,-2.74889,-1.96350,-0.78540,0.00000,1.17810,3.14159,-2.74889,-1.57080,0.00000,0.78540,1.96350,3.14159,-2.74889,-2.74889,-1.17810,-0.78540,0.39270,1.17810,2.35619,3.14159,-1.57080,-0.78540,0.39270,1.57080,3.14159,-2.74889,-1.57080
66.83
-0.78540,0.78540,1.57080,1.57080,2.74889,-2.74889,-2.35619,-0.78540,0.00000,1.57080,3.14159,-2.74889,-1.57080,-0.39270,0.78540,1.57080,3.14159,-2.74889,-2.74889,-1.57080,-1.57080,0.00000,1.17810,2.35619,3.14159,-1.96350,-0.78540,0.39270,1.57080,3.14159,-2.74889,-1.57080
66.86
-0.78540,1.17810,1.57080,1.17810,2.74889,-2.74889,-1.96350,-0.78540,0.78540,1.57080,3.14159,-2.74889,-1.57080,-0.39270,0.78540,1.96350,3.14159,-2.74889,-2.74889,-1.96350,-0.78540,0.00000,1.17810,2.74889,3.14159,-1.96350,-0.39270,0.39270,1.57080,3.14159,-2.74889,-1.57080
67.45
-0.39270,0.39270,2.35619,1.96350,2.74889,-2.74889,-1.57080,-0.78540,0.00000,1.57080,3.14159,-2.74889,-1.57080,-0.39270,0.39270,1.96350,3.14159,-2.74889,-2.74889,-1.96350,-1.17810,0.00000,1.17810,2.35619,3.14159,-1.96350,-0.78540,0.00000,1.17810,3.14159,-2.74889,-1.96350
67.91
-0.39270,1.17810,1.57080,2.35619,3.14159,-2.74889,-1.96350,-0.78540,0.00000,1.57080,3.14159,-2.74889,-1.17810,-0.39270,0.78540,1.57080,3.14159,-2.74889,-2.74889,-1.57080,-1.17810,0.00000,1.17810,1.96350,3.14159,-1.96350,-0.78540,0.39270,1.17810,3.14159,-2.74889,-1.57080
67.96
0.00000,1.57080,1.96350,1.96350,3.14159,-2.74889,-1.96350,-0.78540,0.39270,1.57080,3.14159,-2.74889,-1.17810,0.00000,0.78540,1.96350,3.14159,-2.74889,-2.74889,-1.17810,-0.78540,0.78540,1.57080,2.35619,3.14159,-1.57080,-0.39270,0.39270,1.96350,3.14159,-2.74889,-1.57080
68.37
0.00000,0.78540,1.96350,2.74889,2.74889,-2.74889,-1.17810,-0.39270,0.39270,1.57080,3.14159,-2.74889,-1.57080,-0.39270,0.78540,1.96350,3.14159,-2.74889,-2.74889,-1.57080,-0.78540,0.00000,1.17810,2.35619,3.14159,-1.96350,-0.39270,0.78540,1.57080,3.14159,-2.74889,-1.57080
68.40
0.00000,0.78540,1.57080,1.96350,3.14159,-2.74889,-1.96350,-0.78540,0.39270,1.57080,3.14159,-2.74889,-1.57080,-0.39270,0.39270,1.57080,3.14159,-2.74889,-2.74889,-1.57080,-0.78540,0.00000,0.78540,2.35619,3.14159,-1.96350,-0.39270,0.39270,1.17810,3.14159,-2.74889,-1.57080
68.52
0.00000,1.17810,1.57080,2.35619,3.14159,-2.74889,-1.57080,-0.39270,0.78540,1.57080,3.14159,-2.74889,-1.17810,-0.39270,0.78540,1.96350,3.14159,-2.74889,-2.74889,-1.57080,-0.39270,0.00000,1.57080,2.74889,3.14159,-1.96350,-0.78540,0.39270,1.57080,3.14159,-2.74889,-1.57080
68.79
0.00000,1.17810,1.57080,2.35619,3.14159,-2.74889,-1.57080,-0.39270,0.39270,1.57080,3.14159,-2.74889,-1.17810,0.00000,0.78540,1.96350,3.14159,-2.74889,-2.74889,-1.17810,-0.78540,0.39270,1.17810,2.74889,3.14159,-1.96350,-0.78540,0.39270,1.57080,3.14159,-2.74889,-1.57080
69.46
0.00000,1.17810,1.96350,1.96350,2.74889,-2.74889,-1.57080,-0.78540,0.39270,1.57080,3.14159,-2.74889,-1.57080,-0.39270,0.78540,1.96350,3.14159,-2.74889,-2.74889,-1.57080,-0.39270,0.39270,1.17810,2.35619,3.14159,-1.57080,-0.39270,0.39270,1.57080,3.14159,-2.74889,-1.17810
69.46
-0.39270,1.17810,1.96350,1.96350,2.74889,-2.74889,-1.57080,-0.78540,0.39270,1.57080,3.14159,-2.74889,-1.57080,-0.39270,0.78540,1.57080,3.14159,-2.74889,-2.74889,-1.17810,-0.39270,0.39270,1.17810,2.35619,3.14159,-1.96350,-0.78540,0.39270,1.57080,3.14159,-2.74889,-1.57080
69.78
0.00000,0.78540,1.57080,2.35619,3.14159,-2.74889,-1.57080,-0.39270,0.39270,1.57080,3.14159,-2.74889,-1.17810,-0.39270,0.78540,1.96350,2.74889,-2.74889,-2.74889,-1.57080,-0.78540,0.39270,1.17810,2.35619,3.14159,-1.57080,-0.78540,0.78540,1.57080,2.74889,-2.74889,-1.17810
70.01
0.39270,0.78540,1.96350,2.35619,3.14159,-2.74889,-1.57080,-0.78540,0.39270,1.57080,2.74889,-2.74889,-1.57080,-0.39270,0.78540,1.96350,3.14159,-2.74889,-2.35619,-1.57080,-0.78540,0.00000,1.17810,2.35619,3.14159,-1.57080,-0.78540,0.39270,1.17810,3.14159,-2.74889,-1.57080
70.50
0.00000,1.17810,1.96350,2.35619,2.74889,-2.74889,-1.57080,-0.39270,0.39270,1.57080,3.14159,-2.74889,-1.57080,-0.39270,0.78540,1.57080,3.14159,-2.74889,-2.74889,-1.57080,-0.39270,0.39270,1.17810,2.35619,3.14159,-1.57080,-0.78540,0.39270,1.57080,2.74889,-2.74889,-1.57080
70.64
0.00000,1.17810,1.57080,1.96350,3.14159,-2.74889,-1.57080,-0.39270,0.78540,1.57080,2.74889,-2.74889,-1.17810,-0.39270,0.78540,1.96350,3.14159,-2.74889,-2.35619,-1.57080,-0.39270,0.39270,1.17810,2.35619,3.14159,-1.96350,-0.39270,0.39270,1.57080,2.74889,-2.74889,-1.96350
70.72
0.00000,0.78540,1.96350,1.96350,2.74889,-2.35619,-1.57080,-0.39270,0.39270,1.96350,3.14159,-2.74889,-1.17810,-0.39270,0.78540,1.96350,3.14159,-2.74889,-1.96350,-1.17810,-0.39270,0.39270,1.17810,2.35619,3.14159,-1.57080,-0.78540,0.39270,1.57080,2.74889,-2.74889,-1.57080
70.92
0.00000,1.17810,1.57080,1.96350,2.74889,-2.74889,-1.57080,-0.39270,0.39270,1.57080,3.14159,-2.74889,-1.17810,-0.39270,0.78540,1.57080,3.14159,-2.74889,-2.35619,-1.57080,-0.78540,0.39270,1.17810,2.35619,3.14159,-1.57080,-0.78540,0.39270,1.57080,2.74889,-2.74889,-1.57080
71.28
0.00000,1.17810,1.57080,1.96350,3.14159,-2.74889,-1.57080,-0.39270,0.39270,1.57080,2.74889,-2.74889,-1.57080,-0.39270,0.78540,1.96350,3.14159,-2.74889,-1.96350,-1.57080,-0.39270,0.39270,1.17810,2.35619,3.14159,-1.96350,-0.39270,0.39270,1.57080,2.74889,-2.74889,-1.57080
71.37
0.00000,0.78540,1.57080,1.96350,2.74889,-2.74889,-1.57080,-0.39270,0.39270,1.57080,2.74889,-2.74889,-1.57080,-0.39270,0.78540,1.96350,3.14159,-2.74889,-1.57080,-1.57080,-0.39270,0.39270,1.17810,2.35619,3.14159,-1.96350,-0.78540,0.39270,1.57080,2.74889,-2.74889,-1.57080
71.60
0.00000,1.17810,1.57080,1.96350,2.74889,-2.74889,-1.57080,-0.39270,0.39270,1.57080,2.74889,-2.74889,-1.17810,-0.39270,0.78540,1.96350,3.14159,-2.74889,-1.96350,-1.57080,-0.39270,0.39270,1.17810,2.35619,3.14159,-1.96350,-0.78540,0.39270,1.57080,2.74889,-2.74889,-1.57080
71.71
0.00000,0.78540,1.96350,1.96350,2.74889,-2.74889,-1.57080,-0.78540,0.39270,1.57080,2.74889,-2.74889,-1.57080,-0.39270,0.78540,1.96350,3.14159,-2.74889,-2.35619,-1.57080,-0.39270,0.39270,1.17810,2.35619,3.14159,-1.96350,-0.78540,0.39270,1.57080,2.74889,-2.74889,-1.57080
71.86
0.00000,0.78540,1.57080,1.96350,2.74889,-2.74889,-1.57080,-0.39270,0.39270,1.57080,2.74889,-2.74889,-1.57080,-0.39270,0.78540,1.96350,2.74889,-2.74889,-1.96350,-1.57080,-0.39270,0.39270,1.17810,2.35619,3.14159,-1.57080,-0.78540,0.39270,1.57080,2.35619,-2.74889,-1.57080
71.99
0.00000,1.17810,1.57080,1.96350,2.74889,-2.74889,-1.57080,-0.78540,0.39270,1.57080,2.74889,-2.74889,-1.57080,-0.39270,0.78540,1.57080,2.74889,-2.74889,-1.96350,-1.57080,-0.39270,0.39270,1.17810,2.35619,3.14159,-1.96350,-0.78540,0.39270,1.57080,2.74889,-2.74889,-1.57080
