1.51
0.00000,0.00000,0.00000,0.00000,0.00000,0.00000,0.00000,0.00000,0.00000,0.00000,0.00000,0.00000,0.00000,0.00000,0.00000,0.00000,0.00000,0.00000,0.00000,0.00000,0.00000,0.00000,0.00000,0.00000,0.00000,0.00000,0.00000,0.00000,0.00000,0.00000,0.00000,0.00000
2.20
-1.17810,-1.57080,1.96350,-2.74889,1.57080,0.78540,0.39270,-2.74889,0.39270,-2.74889,-0.39270,-1.17810,0.00000,0.39270,0.39270,-0.39270,3.14159,-2.35619,0.00000,-0.39270,1.17810,-1.17810,-0.39270,-0.78540,3.14159,1.57080,1.57080,-0.78540,-0.39270,-0.78540,0.78540,-2.35619
2.50
-2.74889,-1.96350,2.35619,-2.35619,1.57080,0.00000,-0.39270,-2.74889,1.17810,-2.74889,-1.57080,-0.78540,0.78540,0.78540,0.00000,-1.57080,3.14159,-2.74889,0.39270,-0.78540,0.78540,-1.57080,0.00000,0.00000,3.14159,2.35619,1.96350,-0.39270,-0.78540,-1.57080,-1.96350,-2.74889
4.14
-1.96350,0.00000,0.78540,-2.74889,3.14159,-1.96350,0.39270,0.78540,-0.39270,-2.74889,-0.78540,0.00000,-2.35619,1.17810,1.17810,0.00000,-2.74889,-0.78540,0.78540,2.35619,-1.96350,-2.74889,-0.78540,-1.96350,-1.17810,3.14159,2.35619,-1.17810,3.14159,-0.39270,1.57080,-0.78540
6.23
-1.57080,-1.57080,1.57080,-1.57080,1.57080,1.57080,0.00000,-1.57080,1.57080,-1.57080,-1.57080,-1.57080,1.17810,1.17810,-1.17810,-1.57080,1.57080,-1.17810,-1.57080,-1.57080,-1.17810,-1.57080,-1.57080,-1.17810,1.57080,1.17810,1.57080,-1.57080,-1.57080,1.17810,1.17810,-1.57080
10.17
-2.74889,-2.35619,3.14159,-1.57080,3.14159,3.14159,-2.74889,-2.74889,3.14159,-2.74889,0.39270,0.00000,3.14159,3.14159,-2.74889,-2.74889,3.14159,1.96350,-2.74889,-1.17810,-2.74889,-1.17810,-1.96350,-1.17810,1.17810,3.14159,3.14159,-2.74889,-1.96350,2.35619,1.17810,-2.74889
10.27
3.14159,-2.74889,-1.57080,-2.35619,3.14159,3.14159,1.17810,-2.35619,-0.39270,1.57080,1.57080,-1.17810,-2.74889,-1.96350,-0.78540,-2.74889,-1.96350,3.14159,3.14159,3.14159,-2.74889,-0.78540,3.14159,1.17810,2.35619,3.14159,-1.57080,1.96350,0.78540,-2.74889,-2.74889,-1.96350
10.29
1.57080,-2.35619,-0.39270,-2.35619,0.00000,1.57080,0.00000,2.74889,-2.74889,-2.74889,-1.96350,1.96350,0.00000,1.17810,-2.35619,2.35619,-0.78540,-0.39270,-1.57080,2.74889,1.96350,-1.96350,-1.96350,2.35619,1.57080,2.74889,-2.74889,-2.74889,-0.39270,-1.57080,-0.78540,2.35619
14.12
1.57080,-2.74889,1.57080,-1.96350,1.17810,0.39270,-0.78540,1.96350,-1.96350,-2.35619,-0.39270,1.96350,-0.39270,1.96350,-1.96350,1.96350,0.39270,-1.96350,-0.78540,2.35619,1.17810,-1.96350,-2.35619,0.00000,2.35619,1.57080,-2.35619,-2.74889,-0.39270,-0.39270,0.39270,1.96350
16.71
1.57080,-1.96350,0.39270,-1.57080,-0.39270,0.78540,0.00000,2.35619,-2.35619,-2.35619,-0.78540,1.57080,0.39270,0.00000,-1.57080,1.17810,0.00000,0.00000,-0.78540,2.35619,1.57080,-1.17810,-1.57080,1.17810,1.57080,2.35619,-2.74889,-2.35619,-0.39270,-0.78540,0.00000,1.96350
16.95
2.35619,-0.39270,2.74889,-0.78540,3.14159,-0.78540,3.14159,2.35619,-2.74889,-2.74889,-1.17810,2.74889,3.14159,-2.74889,3.14159,-2.35619,2.35619,2.35619,3.14159,3.14159,1.96350,3.14159,-0.39270,-0.78540,1.17810,-2.74889,-2.74889,-2.35619,-0.78540,1.17810,3.14159,2.74889
18.72
-2.74889,0.39270,-0.78540,-0.39270,-1.57080,2.35619,0.39270,2.74889,-2.74889,-2.35619,-0.39270,1.17810,-2.35619,-2.74889,-1.96350,-1.96350,0.39270,1.96350,1.17810,-2.35619,3.14159,0.78540,-1.96350,2.35619,2.74889,3.14159,-2.74889,-0.78540,-1.17810,2.35619,2.35619,2.35619
20.09
3.14159,-1.17810,3.14159,-2.74889,-1.96350,-0.39270,0.39270,2.74889,-1.57080,-1.17810,-1.57080,0.00000,1.57080,1.96350,-2.74889,3.14159,0.00000,-0.78540,-0.78540,2.35619,1.17810,3.14159,-0.78540,0.00000,2.74889,-2.74889,-2.74889,-2.74889,0.00000,1.57080,-2.74889,3.14159
22.82
1.17810,-2.74889,1.57080,-0.39270,-1.96350,1.17810,1.96350,0.78540,-2.74889,-2.74889,-0.78540,0.00000,2.35619,1.96350,-2.74889,-0.78540,-1.57080,-1.57080,0.78540,2.35619,3.14159,2.74889,-1.17810,1.17810,-1.17810,3.14159,-2.74889,-1.96350,-1.57080,1.96350,2.35619,2.74889
24.03
3.14159,2.74889,-1.57080,1.17810,-0.39270,1.17810,2.35619,3.14159,-2.74889,-0.78540,-0.39270,1.96350,2.74889,-2.74889,0.78540,-0.78540,-2.74889,2.74889,2.35619,-0.78540,3.14159,2.74889,-1.57080,0.39270,1.57080,3.14159,-2.74889,-0.78540,-1.57080,1.17810,3.14159,3.14159
27.10
3.14159,-2.74889,-2.74889,-2.74889,0.39270,1.57080,2.35619,0.00000,-2.74889,-1.96350,-1.17810,1.57080,1.57080,-2.35619,-2.74889,-1.57080,0.78540,2.35619,2.35619,3.14159,3.14159,-2.74889,-0.78540,-0.39270,1.57080,3.14159,-2.74889,-2.74889,-1.57080,-0.39270,2.74889,3.14159
32.01
3.14159,-2.35619,-2.74889,-2.74889,1.96350,1.96350,1.96350,2.35619,-2.74889,-2.35619,-0.78540,1.17810,2.35619,-2.74889,-2.74889,-2.35619,-1.17810,1.96350,2.74889,2.35619,3.14159,-2.35619,-0.78540,-1.17810,0.39270,3.14159,-2.74889,-2.35619,-0.78540,0.39270,2.74889,3.14159
37.79
3.14159,-1.17810,-2.74889,-2.74889,-1.96350,2.74889,1.17810,1.17810,-2.74889,-2.74889,0.00000,0.39270,1.57080,3.14159,-2.74889,-0.78540,0.00000,0.39270,3.14159,3.14159,-2.74889,-2.74889,0.00000,0.00000,1.96350,2.35619,-2.74889,-1.17810,-0.78540,1.57080,1.57080,3.14159
38.97
1.57080,-2.74889,0.39270,-2.74889,-1.96350,0.78540,1.96350,3.14159,-2.74889,-1.96350,-0.39270,0.78540,2.74889,3.14159,-2.74889,0.78540,-1.17810,1.57080,2.35619,2.74889,3.14159,-2.74889,-1.17810,0.00000,1.96350,3.14159,-2.74889,-1.17810,-0.78540,1.57080,3.14159,3.14159
40.22
3.14159,-2.74889,-2.74889,-2.74889,-1.57080,1.17810,1.57080,3.14159,-2.74889,-2.74889,-0.39270,1.17810,2.35619,3.14159,-2.74889,1.17810,0.00000,1.17810,2.35619,3.14159,3.14159,-2.74889,0.39270,0.78540,1.57080,3.14159,-2.74889,-1.17810,0.00000,1.96350,2.74889,3.14159
42.25
2.74889,-2.35619,-2.74889,-1.17810,-1.17810,-0.39270,2.35619,3.14159,-2.74889,-1.96350,-0.78540,0.78540,1.96350,3.14159,-2.74889,0.00000,-1.57080,1.17810,2.74889,3.14159,3.14159,-2.74889,-0.78540,0.78540,1.96350,3.14159,-2.74889,-2.35619,-0.78540,1.17810,2.35619,3.14159
42.68
3.14159,-2.74889,-1.57080,-2.74889,0.00000,1.17810,2.74889,2.74889,-2.74889,-1.96350,0.39270,1.17810,1.96350,3.14159,-2.74889,-0.39270,-1.57080,0.78540,1.96350,1.96350,3.14159,-2.74889,-0.39270,0.78540,2.35619,3.14159,-2.74889,-1.17810,0.39270,1.57080,2.74889,3.14159
44.02
1.57080,-2.74889,-0.78540,-2.74889,-1.17810,0.39270,1.96350,3.14159,-2.74889,-2.74889,-0.39270,0.78540,2.74889,3.14159,-2.35619,-0.39270,-0.78540,0.78540,1.17810,2.35619,3.14159,-1.96350,0.00000,0.00000,1.57080,3.14159,-2.74889,-1.96350,0.00000,1.57080,3.14159,3.14159
44.07
2.74889,-2.74889,-0.78540,-1.96350,1.17810,0.39270,0.39270,1.96350,-2.74889,-2.74889,-0.39270,-0.39270,1.57080,2.74889,-2.74889,-1.57080,0.39270,1.17810,2.35619,2.74889,3.14159,-2.74889,-0.78540,0.00000,0.78540,3.14159,-2.74889,-1.57080,-0.39270,0.78540,3.14159,3.14159
44.68
2.74889,-2.74889,-2.74889,-2.74889,0.00000,0.78540,1.17810,3.14159,-2.74889,-1.96350,0.00000,0.78540,2.35619,3.14159,-2.35619,-0.39270,-0.39270,0.39270,0.39270,1.57080,3.14159,-2.74889,0.00000,-0.39270,1.17810,3.14159,-2.74889,-1.96350,0.00000,1.17810,3.14159,3.14159
44.89
2.74889,-2.74889,-2.74889,-2.74889,0.00000,-0.39270,1.96350,2.74889,-2.74889,-1.17810,-0.39270,0.39270,2.74889,3.14159,-2.35619,-1.17810,0.00000,0.78540,2.74889,2.35619,3.14159,-2.74889,-0.78540,0.39270,2.74889,3.14159,-2.74889,-1.57080,0.39270,1.96350,3.14159,3.14159
48.15
2.74889,-2.74889,-2.74889,-2.74889,-0.39270,-0.78540,1.57080,3.14159,-2.74889,-1.57080,0.39270,0.39270,2.35619,3.14159,-2.74889,-1.17810,0.00000,0.78540,1.17810,2.74889,3.14159,-2.35619,-0.39270,0.39270,1.96350,3.14159,-2.74889,-1.57080,0.00000,1.57080,3.14159,3.14159
48.22
2.74889,-2.74889,-2.35619,-2.74889,-0.39270,0.39270,1.57080,2.74889,-2.74889,-1.96350,-0.39270,0.78540,3.14159,3.14159,-1.96350,-1.57080,0.39270,0.78540,2.74889,3.14159,3.14159,-2.74889,-1.17810,0.78540,2.35619,3.14159,-2.74889,-0.78540,0.39270,1.57080,2.35619,3.14159
48.64
3.14159,-2.74889,-0.39270,-0.78540,-0.78540,0.39270,0.78540,2.35619,-2.74889,-1.96350,-0.39270,1.17810,2.35619,3.14159,-2.35619,-1.17810,0.39270,0.78540,2.74889,2.74889,3.14159,-2.74889,-0.78540,-0.39270,1.17810,2.74889,-2.74889,-0.39270,-0.78540,1.17810,2.74889,3.14159
48.72
2.35619,-2.74889,-2.74889,-2.74889,-1.17810,0.78540,1.57080,2.74889,-2.74889,-2.35619,-0.78540,0.39270,2.35619,3.14159,-2.74889,-0.78540,0.00000,0.39270,1.17810,3.14159,2.74889,-2.74889,-1.17810,0.00000,0.78540,3.14159,-2.74889,-1.17810,-0.39270,0.78540,3.14159,3.14159
48.80
3.14159,-2.74889,-2.74889,-2.74889,-1.57080,0.00000,1.57080,3.14159,-2.74889,-1.96350,0.00000,0.78540,1.96350,3.14159,-2.74889,-0.39270,0.00000,0.78540,1.96350,2.74889,3.14159,-2.74889,0.00000,0.39270,1.96350,3.14159,-2.74889,-1.17810,0.00000,1.57080,3.14159,3.14159
49.13
2.74889,-2.74889,-2.35619,-2.35619,-0.78540,0.00000,0.78540,3.14159,-2.74889,-1.96350,-0.39270,0.78540,2.74889,3.14159,-1.17810,-1.57080,0.39270,0.00000,1.57080,2.74889,3.14159,-2.35619,-0.78540,0.00000,1.17810,3.14159,-2.74889,-1.17810,0.00000,1.57080,3.14159,3.14159
49.29
2.74889,-2.74889,-2.74889,-2.35619,-0.78540,0.00000,1.17810,3.14159,-2.74889,-1.17810,0.39270,0.78540,2.35619,3.14159,-1.17810,-1.17810,-0.39270,0.78540,2.74889,2.35619,3.14159,-2.74889,-0.39270,0.00000,1.57080,3.14159,-2.74889,-1.17810,0.00000,1.17810,3.14159,3.14159
49.35
2.74889,-2.74889,-2.74889,-2.74889,0.39270,-0.39270,1.57080,3.14159,-2.74889,-1.96350,-0.39270,0.78540,2.35619,3.14159,-1.96350,-1.17810,0.00000,0.78540,2.74889,3.14159,3.14159,-2.74889,-1.17810,0.00000,1.17810,3.14159,-2.74889,-1.17810,-0.39270,1.17810,3.14159,3.14159
50.51
2.74889,-2.74889,-2.35619,-2.74889,-0.39270,0.39270,1.57080,3.14159,-2.74889,-1.17810,0.00000,1.17810,2.35619,3.14159,-2.35619,-0.39270,-0.39270,0.78540,1.57080,2.35619,3.14159,-2.74889,-0.78540,0.39270,1.17810,3.14159,-2.74889,-1.17810,-0.39270,1.57080,3.14159,3.14159
51.03
2.74889,-2.74889,-2.74889,-2.74889,-0.39270,0.00000,0.78540,3.14159,-2.74889,-1.96350,-0.39270,1.17810,2.35619,3.14159,-1.96350,-1.17810,-0.39270,0.78540,2.35619,2.74889,3.14159,-2.35619,-0.78540,0.39270,1.96350,3.14159,-2.74889,-1.57080,0.39270,1.17810,3.14159,3.14159
51.08
3.14159,-2.74889,-1.96350,-2.35619,-0.78540,0.78540,0.78540,2.74889,-2.74889,-1.96350,-0.39270,0.78540,2.74889,3.14159,-1.96350,-0.78540,0.39270,1.17810,2.74889,3.14159,3.14159,-2.74889,-0.78540,0.39270,1.96350,2.35619,-2.74889,-1.17810,0.00000,1.57080,3.14159,3.14159
51.29
3.14159,-2.74889,-1.17810,-0.78540,-0.39270,0.78540,1.57080,2.74889,-2.74889,-1.57080,0.00000,0.39270,2.74889,3.14159,-1.96350,-1.17810,0.00000,0.78540,3.14159,2.74889,3.14159,-2.35619,-0.39270,0.39270,1.57080,3.14159,-2.74889,-0.78540,0.00000,1.17810,3.14159,3.14159
51.29
3.14159,-2.74889,-1.57080,-2.35619,-0.78540,0.78540,1.57080,3.14159,-2.74889,-2.35619,0.00000,0.78540,1.96350,3.14159,-1.57080,-0.78540,0.39270,1.17810,2.35619,3.14159,3.14159,-2.35619,-0.78540,0.39270,0.78540,3.14159,-2.74889,-1.17810,0.00000,0.78540,2.74889,3.14159
51.93
1.96350,-2.74889,-2.35619,-2.74889,-0.39270,0.39270,1.57080,3.14159,-2.74889,-1.96350,-0.39270,0.39270,2.35619,3.14159,-2.35619,-1.17810,0.00000,0.78540,1.96350,2.35619,3.14159,-2.74889,-1.17810,0.78540,1.17810,3.14159,-2.74889,-1.57080,0.39270,0.78540,2.35619,3.14159
52.36
2.74889,-2.74889,-2.35619,-2.35619,0.00000,0.00000,1.57080,3.14159,-2.74889,-1.96350,-0.78540,0.39270,1.96350,3.14159,-2.35619,-0.39270,0.00000,1.17810,1.17810,2.74889,3.14159,-2.35619,-0.78540,0.00000,1.96350,3.14159,-2.74889,-1.57080,-0.39270,0.78540,2.74889,3.14159
53.29
3.14159,-2.74889,-1.57080,-1.96350,-0.78540,0.39270,1.96350,2.74889,-2.74889,-1.96350,0.00000,1.17810,1.57080,3.14159,-1.96350,-0.39270,0.78540,0.78540,1.96350,2.74889,3.14159,-1.96350,-0.78540,0.39270,1.57080,3.14159,-2.74889,-0.39270,0.00000,1.57080,2.74889,3.14159
53.64
3.14159,-2.74889,-2.74889,-2.35619,-0.39270,0.39270,1.17810,3.14159,-2.74889,-1.57080,-0.39270,0.39270,1.96350,3.14159,-2.35619,-0.78540,0.39270,0.00000,1.96350,3.14159,3.14159,-1.96350,-0.78540,0.39270,1.57080,3.14159,-2.74889,-1.17810,-0.39270,0.78540,2.35619,3.14159
54.02
2.74889,-2.74889,-2.35619,-2.74889,-0.78540,0.39270,1.17810,2.74889,-2.74889,-1.96350,-0.39270,0.78540,2.35619,3.14159,-1.17810,-0.78540,0.39270,0.78540,2.35619,3.14159,3.14159,-1.96350,-0.78540,0.00000,1.57080,3.14159,-2.74889,-1.57080,0.00000,1.17810,2.74889,3.14159
54.07
3.14159,-2.74889,-2.74889,-2.74889,-0.78540,0.39270,1.57080,2.74889,-2.74889,-1.17810,-0.39270,0.78540,1.57080,3.14159,-1.96350,-0.78540,0.00000,0.39270,1.96350,3.14159,3.14159,-2.35619,-0.78540,0.39270,1.57080,3.14159,-2.74889,-1.57080,-0.39270,1.17810,2.35619,3.14159
54.15
3.14159,-2.74889,-2.74889,-1.17810,-1.17810,0.00000,1.57080,2.35619,-2.74889,-1.57080,-0.78540,1.17810,1.96350,3.14159,-1.96350,-0.39270,0.39270,0.78540,1.57080,3.14159,3.14159,-1.57080,-0.39270,0.78540,1.17810,3.14159,-2.74889,-1.17810,0.00000,1.57080,2.74889,3.14159
54.42
3.14159,-2.74889,-2.74889,-1.96350,-1.17810,0.39270,1.17810,2.74889,-2.74889,-1.57080,0.00000,1.57080,1.96350,3.14159,-1.96350,-0.78540,0.00000,1.17810,1.57080,3.14159,3.14159,-2.35619,-0.78540,0.39270,1.17810,3.14159,-2.74889,-1.17810,0.00000,0.78540,2.35619,3.14159
54.74
3.14159,-2.74889,-2.74889,-1.57080,-0.78540,-0.78540,1.17810,2.74889,-2.74889,-1.57080,-0.39270,0.78540,2.35619,3.14159,-1.96350,-0.78540,0.78540,1.17810,1.96350,2.74889,3.14159,-1.57080,-0.78540,0.39270,1.57080,3.14159,-2.74889,-1.17810,-0.39270,1.57080,2.74889,3.14159
54.87
3.14159,-2.74889,-2.35619,-1.17810,0.00000,0.39270,1.57080,3.14159,-2.74889,-1.57080,-0.39270,0.78540,2.35619,-2.74889,-1.96350,-0.78540,0.39270,1.57080,1.96350,2.74889,3.14159,-1.96350,-0.39270,0.39270,1.57080,3.14159,-2.74889,-1.17810,0.00000,1.17810,3.14159,3.14159
54.88
3.14159,-2.74889,-2.74889,-1.57080,-0.78540,0.39270,1.57080,2.74889,-2.74889,-1.57080,-0.39270,0.78540,1.96350,-2.74889,-1.96350,-0.78540,0.00000,1.17810,2.35619,2.74889,3.14159,-1.96350,-0.39270,0.39270,1.96350,3.14159,-2.74889,-1.17810,0.00000,1.57080,3.14159,3.14159
54.95
3.14159,-2.74889,-1.96350,-0.78540,0.00000,0.39270,1.57080,3.14159,-2.74889,-1.17810,0.00000,1.17810,2.35619,-2.74889,-1.17810,-0.78540,0.78540,1.17810,1.17810,3.14159,3.14159,-1.57080,-0.39270,1.17810,1.96350,3.14159,-2.35619,-0.78540,0.39270,1.17810,2.74889,3.14159
54.98
3.14159,-2.74889,-2.35619,-1.17810,-0.78540,0.39270,1.57080,2.74889,-2.74889,-1.57080,-0.39270,0.78540,2.74889,3.14159,-1.96350,-1.57080,0.39270,1.57080,1.96350,3.14159,3.14159,-1.57080,-0.78540,0.78540,1.17810,3.14159,-2.35619,-1.17810,0.00000,1.17810,2.35619,3.14159
55.24
3.14159,-2.74889,-1.96350,-1.57080,-0.78540,0.00000,1.57080,3.14159,-2.74889,-1.57080,-0.39270,1.17810,2.74889,3.14159,-1.96350,-1.17810,0.39270,1.57080,1.96350,3.14159,3.14159,-1.57080,-0.78540,0.78540,1.57080,3.14159,-1.96350,-1.17810,0.00000,1.17810,1.96350,3.14159
55.39
3.14159,-2.74889,-2.35619,-1.57080,-0.78540,0.00000,1.57080,3.14159,-2.74889,-1.57080,-0.39270,1.17810,2.35619,-2.74889,-1.57080,-0.39270,0.78540,1.57080,2.35619,3.14159,3.14159,-1.57080,-0.39270,0.39270,1.57080,3.14159,-2.35619,-0.78540,0.39270,1.57080,3.14159,3.14159
55.63
3.14159,-2.74889,-1.57080,-0.78540,-0.78540,0.39270,1.57080,2.74889,-2.74889,-1.17810,0.00000,1.17810,2.35619,-2.74889,-1.57080,-0.78540,0.78540,1.96350,2.74889,3.14159,3.14159,-1.57080,-0.39270,0.39270,1.96350,3.14159,-2.74889,-1.17810,0.39270,1.57080,2.35619,3.14159
55.88
3.14159,-2.74889,-2.35619,-0.78540,0.00000,0.39270,1.57080,2.74889,-2.74889,-1.17810,-0.39270,1.17810,1.96350,-2.74889,-1.96350,-0.78540,0.78540,1.17810,1.96350,3.14159,3.14159,-1.57080,-0.78540,0.39270,1.96350,3.14159,-2.35619,-1.17810,0.00000,0.78540,2.74889,3.14159
56.09
3.14159,-2.74889,-1.57080,-1.96350,-0.78540,0.39270,1.57080,2.35619,-2.74889,-1.57080,-0.39270,1.17810,1.96350,-2.74889,-1.57080,-0.78540,0.00000,1.96350,1.96350,3.14159,3.14159,-1.57080,-0.78540,0.39270,1.57080,3.14159,-2.74889,-0.78540,0.00000,1.17810,2.35619,3.14159
56.52
3.14159,-2.74889,-1.96350,-1.57080,-0.39270,0.39270,1.17810,2.35619,-2.74889,-1.17810,-0.39270,1.17810,2.35619,-2.74889,-1.96350,-0.78540,0.39270,1.17810,2.35619,3.14159,3.14159,-1.57080,-0.39270,0.78540,1.57080,3.14159,-2.74889,-1.17810,0.00000,1.17810,2.35619,3.14159
56.85
3.14159,-2.74889,-1.57080,-1.57080,-0.78540,0.39270,1.57080,2.74889,-2.74889,-1.57080,-0.39270,1.17810,2.35619,-2.74889,-1.96350,-0.78540,0.39270,1.17810,1.96350,2.74889,3.14159,-1.57080,-0.39270,0.78540,1.96350,3.14159,-2.74889,-1.17810,0.00000,1.17810,2.35619,3.14159
57.33
2.35619,-2.74889,-1.96350,-1.17810,-0.39270,0.39270,1.57080,2.74889,-2.74889,-1.17810,0.00000,1.17810,2.35619,-2.74889,-1.57080,-0.78540,0.39270,1.17810,1.96350,3.14159,3.14159,-1.17810,-0.78540,0.39270,1.96350,3.14159,-1.96350,-0.78540,0.39270,1.57080,2.74889,3.14159
57.34
3.14159,-2.74889,-1.57080,-1.17810,-0.78540,0.39270,1.57080,2.74889,-2.74889,-1.17810,0.00000,1.17810,2.35619,-2.74889,-1.57080,-0.39270,0.78540,1.57080,2.35619,3.14159,3.14159,-1.96350,-0.39270,0.78540,1.96350,3.14159,-1.96350,-1.17810,0.39270,1.17810,2.74889,3.14159
57.44
3.14159,-2.74889,-1.96350,-1.57080,-0.39270,0.39270,1.57080,2.74889,-2.74889,-1.17810,0.00000,1.17810,1.96350,-2.74889,-1.57080,-0.39270,0.78540,1.57080,1.96350,3.14159,3.14159,-1.57080,-0.39270,0.39270,1.96350,3.14159,-1.96350,-0.78540,0.39270,1.57080,2.74889,3.14159
57.48
3.14159,-2.74889,-1.96350,-1.57080,-0.39270,0.78540,1.57080,2.74889,-2.74889,-1.17810,0.00000,1.17810,2.35619,-2.74889,-1.57080,-0.78540,0.78540,1.17810,2.35619,3.14159,3.14159,-1.57080,-0.39270,0.78540,1.96350,3.14159,-1.96350,-0.78540,0.39270,1.17810,2.74889,3.14159
57.58
2.74889,-2.74889,-1.96350,-1.57080,-0.39270,0.39270,1.57080,2.74889,-2.74889,-1.17810,0.00000,1.17810,2.35619,-2.74889,-1.57080,-0.39270,0.39270,1.57080,2.35619,3.14159,3.14159,-1.57080,-0.39270,0.78540,1.96350,2.74889,-2.35619,-0.78540,0.00000,1.17810,2.35619,3.14159
57.64
3.14159,-2.74889,-1.96350,-1.17810,-0.39270,0.78540,1.57080,2.74889,-2.35619,-1.17810,0.00000,1.17810,2.35619,-2.74889,-1.57080,-0.39270,0.39270,1.57080,1.96350,3.14159,3.14159,-1.57080,-0.78540,0.78540,1.96350,3.14159,-2.35619,-0.78540,0.39270,1.57080,2.74889,3.14159
57.69
2.74889,-2.74889,-1.57080,-1.17810,-0.78540,0.39270,1.17810,2.35619,-2.74889,-1.17810,0.00000,1.17810,2.35619,-2.74889,-1.57080,-0.78540,0.39270,1.17810,2.35619,2.74889,3.14159,-1.57080,-0.39270,0.39270,1.57080,3.14159,-2.35619,-0.78540,0.00000,1.17810,2.35619,3.14159
57.92
2.74889,-2.74889,-1.96350,-1.57080,-0.78540,0.39270,1.57080,2.35619,-2.74889,-1.17810,0.00000,0.78540,1.96350,-2.74889,-1.96350,-0.78540,0.39270,1.17810,1.96350,3.14159,3.14159,-1.57080,-0.78540,0.39270,1.57080,3.14159,-2.35619,-1.17810,0.00000,1.17810,2.74889,3.14159
58.06
2.74889,-2.74889,-1.96350,-1.57080,-0.39270,0.39270,1.57080,2.35619,-2.74889,-1.57080,0.00000,1.17810,1.96350,-2.74889,-1.96350,-0.78540,0.39270,1.17810,1.57080,2.74889,3.14159,-1.57080,-0.78540,0.39270,1.57080,3.14159,-2.35619,-1.17810,0.00000,1.17810,2.74889,3.14159
58.15
2.74889,-2.74889,-1.57080,-1.57080,-0.78540,0.39270,1.17810,2.74889,-2.74889,-1.17810,-0.39270,0.78540,1.96350,3.14159,-1.96350,-0.78540,0.39270,1.17810,1.96350,3.14159,3.14159,-1.57080,-0.39270,0.39270,1.57080,3.14159,-2.35619,-1.17810,0.00000,1.17810,2.35619,3.14159
58.16
3.14159,-2.74889,-1.96350,-1.17810,-0.39270,0.39270,1.17810,2.74889,-2.74889,-1.57080,-0.39270,0.78540,2.35619,3.14159,-1.57080,-0.78540,0.39270,1.17810,1.96350,2.74889,3.14159,-1.57080,-0.78540,0.39270,1.57080,2.74889,-2.35619,-1.17810,0.00000,1.17810,2.35619,3.14159
58.29
3.14159,-2.74889,-1.57080,-1.17810,-0.78540,0.39270,1.17810,2.35619,-2.74889,-1.57080,0.00000,0.78540,1.96350,3.14159,-1.96350,-0.78540,0.39270,1.17810,1.57080,3.14159,3.14159,-1.96350,-0.78540,0.39270,1.57080,2.74889,-2.35619,-1.17810,0.00000,1.17810,2.35619,3.14159
58.41
2.35619,-2.74889,-1.96350,-1.17810,-0.78540,0.39270,1.57080,2.74889,-2.74889,-1.57080,-0.39270,0.78540,1.96350,3.14159,-1.96350,-0.78540,0.39270,0.78540,1.96350,3.14159,3.14159,-1.57080,-0.78540,0.39270,1.57080,3.14159,-2.35619,-1.17810,0.00000,1.17810,2.35619,3.14159
58.60
2.35619,-2.74889,-1.96350,-1.17810,-0.78540,0.39270,1.17810,2.35619,-2.74889,-1.57080,-0.39270,0.78540,1.96350,-2.74889,-1.96350,-0.78540,0.39270,1.17810,1.96350,3.14159,3.14159,-1.57080,-0.78540,0.39270,1.57080,3.14159,-2.35619,-1.17810,0.00000,1.17810,2.35619,3.14159
58.63
2.35619,-2.74889,-1.96350,-1.17810,-0.78540,0.39270,1.17810,2.35619,-2.74889,-1.57080,-0.39270,0.78540,1.96350,-2.74889,-1.96350,-0.78540,0.39270,1.17810,1.96350,3.14159,3.14159,-1.96350,-0.78540,0.39270,1.57080,3.14159,-2.35619,-1.17810,0.00000,1.17810,2.35619,3.14159
58.64
2.35619,-2.74889,-1.96350,-1.57080,-0.78540,0.39270,1.57080,2.35619,-2.74889,-1.57080,-0.39270,0.78540,1.96350,-2.74889,-1.96350,-0.78540,0.39270,1.17810,1.96350,3.14159,3.14159,-1.96350,-0.78540,0.39270,1.57080,3.14159,-2.35619,-1.17810,0.00000,1.17810,2.35619,3.14159
58.65
2.35619,-2.74889,-1.96350,-1.57080,-0.78540,0.39270,1.17810,2.35619,-2.74889,-1.57080,-0.39270,0.78540,1.96350,-2.74889,-1.96350,-0.78540,0.39270,1.17810,1.57080,3.14159,3.14159,-1.96350,-0.78540,0.39270,1.57080,3.14159,-2.35619,-1.17810,0.00000,1.17810,2.35619,3.14159
58.67
2.35619,-2.74889,-1.96350,-1.57080,-0.78540,0.39270,1.17810,2.35619,-2.74889,-1.57080,-0.39270,0.78540,1.96350,-2.74889,-1.96350,-0.78540,0.39270,1.17810,1.96350,3.14159,3.14159,-1.57080,-0.78540,0.39270,1.57080,3.14159,-2.35619,-1.17810,0.00000,1.17810,2.35619,3.14159
58.70
2.35619,-2.74889,-1.96350,-1.57080,-0.78540,0.39270,1.17810,2.35619,-2.74889,-1.57080,-0.39270,0.78540,1.96350,-2.74889,-1.96350,-0.78540,0.39270,1.17810,1.96350,3.14159,3.14159,-1.96350,-0.78540,0.39270,1.57080,3.14159,-2.35619,-1.17810,0.00000,1.17810,2.35619,3.14159
58.88
2.35619,-2.74889,-1.96350,-1.57080,-1.17810,0.39270,1.17810,2.35619,-2.74889,-1.57080,-0.39270,0.78540,1.96350,-2.74889,-1.96350,-0.78540,0.39270,1.17810,1.96350,3.14159,3.14159,-1.57080,-0.78540,0.39270,1.57080,2.74889,-2.35619,-1.17810,0.00000,1.17810,2.35619,3.14159
58.98
2.35619,-2.74889,-1.96350,-1.57080,-0.78540,0.39270,1.17810,2.35619,-2.74889,-1.57080,-0.39270,0.78540,1.96350,-2.74889,-1.96350,-0.78540,0.39270,1.17810,1.96350,2.74889,3.14159,-1.96350,-0.78540,0.39270,1.57080,3.14159,-2.35619,-1.17810,0.00000,1.17810,2.35619,3.14159
58.99
2.35619,-2.74889,-1.96350,-1.17810,-0.78540,0.39270,1.17810,2.35619,-2.74889,-1.57080,-0.39270,0.78540,1.96350,-2.74889,-1.96350,-0.78540,0.39270,1.17810,1.96350,3.14159,3.14159,-1.96350,-0.78540,0.39270,1.57080,2.74889,-2.35619,-1.17810,0.00000,1.17810,2.35619,3.14159
59.06
2.35619,-2.74889,-1.57080,-1.17810,-0.78540,0.39270,1.57080,2.35619,-2.74889,-1.57080,-0.39270,0.78540,1.96350,-2.74889,-1.96350,-0.78540,0.39270,1.17810,1.96350,2.74889,3.14159,-1.57080,-0.78540,0.39270,1.57080,2.74889,-2.35619,-1.17810,0.00000,1.17810,2.35619,3.14159
59.21
2.35619,-2.74889,-1.96350,-1.17810,-0.78540,0.39270,1.17810,2.35619,-2.74889,-1.57080,-0.39270,0.78540,1.96350,-2.74889,-1.96350,-0.78540,0.39270,1.17810,1.96350,2.74889,3.14159,-1.57080,-0.78540,0.39270,1.57080,2.74889,-2.35619,-1.17810,0.00000,1.17810,2.35619,3.14159
59.30
2.35619,-2.74889,-1.96350,-1.57080,-0.78540,0.39270,1.17810,2.35619,-2.74889,-1.57080,-0.39270,0.78540,1.96350,-2.74889,-1.96350,-0.78540,0.39270,1.17810,1.96350,2.74889,3.14159,-1.57080,-0.78540,0.39270,1.57080,2.74889,-2.35619,-1.17810,0.00000,1.17810,2.35619,3.14159
59.36
2.35619,-2.74889,-1.96350,-1.57080,-0.78540,0.39270,1.17810,2.35619,-2.74889,-1.57080,-0.39270,0.78540,1.96350,-2.74889,-1.96350,-0.78540,0.39270,1.17810,1.96350,2.74889,3.14159,-1.96350,-0.78540,0.39270,1.57080,2.74889,-2.35619,-1.17810,0.00000,1.17810,2.35619,3.14159
