1.36
0.00000,0.00000,0.00000,0.00000,0.00000,0.00000,0.00000,0.00000,0.00000,0.00000,0.00000,0.00000,0.00000,0.00000,0.00000,0.00000,0.00000,0.00000,0.00000,0.00000,0.00000,0.00000,0.00000,0.00000,0.00000,0.00000,0.00000,0.00000,0.00000,0.00000,0.00000,0.00000
5.16
1.17810,0.78540,1.57080,1.57080,1.57080,1.57080,0.39270,0.00000,-0.78540,0.39270,-0.78540,0.78540,1.57080,0.78540,0.78540,-0.39270,0.00000,-0.39270,-0.39270,-0.39270,1.17810,0.00000,-0.39270,-0.78540,-0.39270,1.57080,-0.78540,-1.96350,-1.17810,1.17810,0.39270,2.35619
5.32
-0.39270,1.96350,0.39270,-1.17810,2.35619,2.74889,-2.74889,-1.17810,1.57080,-0.39270,-2.74889,0.00000,2.74889,2.74889,0.78540,-2.74889,3.14159,-1.17810,-0.78540,-0.78540,0.39270,-0.39270,1.57080,2.35619,-1.17810,1.57080,1.96350,-2.74889,-1.57080,2.35619,1.96350,0.78540
6.87
1.57080,0.78540,1.57080,1.17810,1.57080,1.57080,-1.17810,-0.39270,-0.78540,1.57080,-1.57080,1.57080,1.57080,1.57080,1.57080,-1.17810,0.00000,-1.57080,0.78540,-1.57080,1.57080,-1.57080,1.17810,-0.39270,1.17810,1.57080,-0.78540,-1.57080,-1.57080,1.57080,1.57080,1.57080
8.57
0.39270,1.96350,3.14159,3.14159,2.74889,3.14159,-1.17810,0.00000,-1.17810,2.35619,-2.74889,-0.39270,3.14159,3.14159,3.14159,-2.74889,0.78540,-1.96350,1.57080,-2.74889,2.74889,-1.57080,3.14159,-2.74889,1.57080,3.14159,-2.74889,-2.74889,-2.74889,1.57080,3.14159,2.74889
9.66
3.14159,1.57080,3.14159,-2.74889,3.14159,1.96350,-2.74889,-0.78540,3.14159,3.14159,-2.74889,3.14159,0.39270,0.78540,1.96350,-1.17810,3.14159,-0.78540,3.14159,-2.74889,3.14159,-2.74889,-2.74889,-2.74889,-1.96350,1.17810,-2.74889,-2.74889,-0.39270,0.39270,3.14159,2.35619
10.13
3.14159,3.14159,3.14159,-2.74889,3.14159,1.57080,-2.74889,-2.35619,3.14159,2.35619,-2.74889,3.14159,0.00000,0.39270,1.96350,-2.74889,3.14159,-2.35619,2.35619,-2.74889,2.35619,-2.74889,-1.57080,-2.74889,-2.74889,1.17810,-2.74889,-2.35619,-1.57080,0.00000,0.78540,2.74889
13.70
1.17810,2.35619,3.14159,-1.17810,3.14159,-2.74889,-1.57080,-1.96350,-1.17810,-2.74889,-2.74889,0.00000,-0.39270,1.57080,1.57080,3.14159,2.74889,-2.74889,-2.35619,-2.74889,-2.74889,3.14159,-2.74889,-0.78540,-1.17810,1.17810,3.14159,-2.74889,0.78540,0.39270,1.96350,2.74889
16.21
2.35619,3.14159,3.14159,-1.96350,3.14159,-2.35619,-2.74889,-0.39270,-0.39270,-2.74889,-1.96350,-1.57080,-0.39270,1.17810,1.96350,3.14159,3.14159,-2.74889,-1.57080,-2.74889,-2.74889,3.14159,-2.74889,-0.78540,-0.39270,1.17810,3.14159,-2.74889,2.74889,0.78540,2.74889,3.14159
17.26
-2.74889,1.57080,1.57080,0.39270,1.57080,2.74889,-2.35619,-0.78540,-1.17810,3.14159,-2.74889,-2.74889,3.14159,0.00000,1.96350,3.14159,3.14159,-2.74889,0.00000,-2.35619,-2.74889,1.96350,2.35619,-1.17810,-2.74889,0.78540,2.35619,-2.74889,-1.96350,0.00000,0.00000,3.14159
18.70
0.00000,0.39270,0.39270,3.14159,0.00000,1.57080,-0.78540,-0.39270,1.17810,-2.74889,3.14159,3.14159,0.78540,1.57080,3.14159,1.57080,-2.74889,0.00000,-2.35619,1.17810,-2.35619,-2.74889,-2.35619,-0.39270,0.00000,1.96350,1.57080,-2.74889,-1.96350,0.39270,2.74889,1.17810
18.91
-2.35619,1.96350,1.17810,1.96350,1.17810,-0.78540,-2.35619,2.35619,-2.74889,-2.35619,-1.57080,0.00000,0.39270,2.74889,3.14159,3.14159,-0.78540,-1.17810,0.00000,0.78540,-2.74889,-2.74889,-2.35619,1.17810,0.39270,3.14159,3.14159,-1.96350,0.00000,3.14159,3.14159,3.14159
19.26
0.00000,-1.96350,2.74889,3.14159,-2.74889,-2.74889,-0.78540,1.57080,1.17810,-2.74889,2.35619,-1.96350,1.96350,3.14159,2.74889,3.14159,-2.74889,0.00000,1.17810,3.14159,-2.74889,-2.74889,-1.17810,-1.57080,2.74889,1.96350,2.74889,-1.96350,0.00000,0.39270,2.74889,2.35619
22.64
0.00000,-2.74889,2.74889,-2.74889,-1.17810,-1.17810,1.17810,2.74889,-2.74889,-1.57080,-2.35619,-0.39270,0.39270,2.74889,3.14159,-2.74889,0.78540,1.57080,0.39270,1.17810,-1.96350,-2.74889,0.00000,1.17810,2.35619,3.14159,-2.74889,0.00000,0.78540,-1.96350,3.14159,-2.74889
23.60
2.74889,0.00000,2.74889,0.00000,2.74889,-0.39270,1.96350,3.14159,-2.74889,-2.74889,-0.78540,0.39270,0.78540,3.14159,-2.74889,-2.35619,-1.96350,2.74889,-1.57080,2.74889,-1.57080,-2.74889,-1.17810,0.78540,2.74889,2.74889,-2.74889,-1.17810,-0.78540,1.57080,2.35619,-2.74889
25.14
0.39270,2.74889,1.96350,0.78540,3.14159,1.96350,-2.35619,0.00000,1.96350,2.74889,-1.96350,-1.17810,-0.78540,2.74889,0.78540,-2.35619,0.39270,-0.78540,-1.96350,0.78540,0.00000,-2.35619,-1.57080,-0.78540,1.57080,1.17810,3.14159,-2.74889,-1.57080,-0.39270,1.17810,3.14159
26.59
0.78540,1.17810,2.74889,-2.35619,-1.57080,-0.39270,2.35619,2.74889,-2.74889,-1.96350,-1.57080,-0.78540,0.78540,2.74889,2.74889,-2.74889,1.17810,1.96350,0.78540,0.00000,-1.96350,-2.74889,-0.78540,1.17810,0.78540,3.14159,-2.74889,-0.39270,1.17810,0.39270,2.35619,-2.74889
29.91
1.17810,1.57080,3.14159,-2.35619,3.14159,-1.96350,-0.39270,2.74889,-2.74889,-2.74889,-1.17810,0.00000,0.39270,3.14159,1.96350,-2.74889,-0.39270,0.00000,1.17810,3.14159,-2.74889,-2.35619,0.78540,1.17810,2.74889,3.14159,-2.74889,-1.57080,-0.39270,1.96350,2.74889,-2.74889
32.01
1.57080,1.57080,2.35619,-2.74889,2.35619,-1.96350,-0.39270,1.57080,-2.74889,-2.74889,-1.17810,0.00000,0.39270,2.74889,3.14159,-1.17810,-0.78540,1.17810,2.35619,3.14159,-2.74889,-2.74889,-1.57080,-0.78540,2.35619,1.57080,-2.74889,-2.74889,-1.96350,1.57080,2.35619,-2.74889
32.48
0.78540,1.17810,2.74889,-2.74889,0.39270,-1.57080,1.96350,1.96350,-2.74889,-2.74889,-1.57080,0.78540,0.78540,3.14159,3.14159,-2.74889,-0.39270,0.78540,2.74889,3.14159,-2.74889,-2.35619,-1.96350,0.39270,1.57080,2.74889,-2.74889,-2.74889,-1.17810,1.17810,2.35619,-2.74889
33.24
0.78540,-1.57080,2.74889,-2.74889,-0.78540,-0.39270,0.78540,2.74889,-2.74889,-2.74889,-1.96350,-0.39270,1.96350,3.14159,3.14159,-2.35619,-1.57080,2.35619,1.57080,1.96350,-2.74889,-2.74889,-1.17810,1.17810,1.96350,3.14159,-2.74889,-1.57080,-0.78540,0.39270,2.35619,-2.74889
33.43
1.57080,2.35619,2.74889,-2.74889,0.00000,-1.96350,2.74889,2.35619,-2.74889,-2.74889,-1.17810,-0.39270,2.35619,3.14159,3.14159,-2.35619,0.39270,2.74889,0.78540,3.14159,-2.74889,-2.74889,-1.57080,0.00000,0.39270,3.14159,-2.74889,-1.17810,0.00000,1.17810,2.74889,-2.74889
37.46
0.78540,1.96350,2.74889,-2.35619,-1.57080,-1.96350,1.96350,2.35619,-2.74889,-2.74889,-1.17810,0.00000,1.96350,3.14159,3.14159,-1.96350,0.78540,2.35619,0.78540,2.74889,-2.74889,-2.74889,-0.39270,0.00000,0.39270,3.14159,-2.74889,-1.96350,-0.39270,0.78540,2.35619,-2.74889
39.23
0.39270,2.74889,1.96350,-2.74889,3.14159,-0.39270,0.00000,1.57080,-2.74889,-2.74889,-1.17810,0.00000,1.17810,3.14159,3.14159,-2.74889,0.39270,1.96350,1.17810,3.14159,-2.74889,-2.74889,-1.96350,0.00000,1.57080,3.14159,-2.74889,-1.57080,-1.57080,0.78540,2.74889,-2.74889
39.65
1.57080,1.96350,3.14159,-2.35619,-1.57080,-0.39270,1.57080,0.78540,-2.74889,-2.74889,-1.57080,0.00000,0.78540,3.14159,3.14159,-2.74889,0.39270,2.35619,0.00000,3.14159,-2.74889,-2.74889,-1.57080,-0.39270,1.57080,3.14159,-2.74889,-0.78540,-0.39270,0.78540,1.96350,-2.74889
40.38
0.78540,2.35619,3.14159,-2.74889,-1.57080,-1.57080,1.17810,0.78540,-2.74889,-2.74889,-1.17810,0.39270,0.39270,3.14159,3.14159,-2.74889,0.78540,2.74889,1.57080,3.14159,-2.74889,-2.74889,-0.78540,0.00000,1.17810,3.14159,-2.74889,-0.78540,-0.78540,1.17810,2.35619,-2.74889
40.53
0.78540,1.96350,2.35619,-2.35619,-1.57080,-0.39270,0.78540,2.35619,-2.74889,-2.74889,-2.74889,0.00000,1.96350,3.14159,3.14159,-1.96350,0.00000,1.17810,2.35619,3.14159,-2.74889,-2.74889,-1.17810,0.39270,2.35619,3.14159,-2.74889,-0.39270,-0.39270,1.17810,2.74889,-2.74889
40.54
0.78540,2.74889,1.57080,-2.74889,3.14159,-0.78540,0.00000,1.96350,-2.74889,-2.74889,-1.57080,0.00000,1.57080,3.14159,2.74889,-2.35619,0.78540,1.57080,-0.78540,2.74889,-2.74889,-2.74889,-1.96350,0.78540,1.57080,3.14159,-2.74889,-0.78540,0.39270,1.17810,2.74889,-2.74889
42.21
0.39270,1.17810,2.35619,-2.35619,-1.17810,-1.96350,0.78540,2.35619,-2.74889,-2.74889,-1.17810,0.78540,0.78540,3.14159,3.14159,-1.96350,-0.39270,1.96350,1.57080,2.35619,-2.74889,-2.74889,-0.78540,0.00000,2.35619,3.14159,-2.74889,-1.17810,0.78540,1.57080,3.14159,-2.74889
43.73
1.17810,0.39270,3.14159,-2.74889,-2.74889,-1.17810,0.78540,1.57080,-2.74889,-2.74889,-1.57080,0.00000,1.57080,3.14159,3.14159,-1.57080,0.78540,1.96350,1.57080,2.74889,-2.74889,-2.74889,-1.96350,-0.39270,1.96350,3.14159,-2.74889,-1.57080,0.39270,1.17810,2.35619,-2.74889
44.35
1.17810,0.78540,3.14159,-1.96350,-2.74889,-1.17810,0.78540,1.17810,-2.74889,-2.74889,-2.35619,-0.39270,1.57080,3.14159,3.14159,-2.35619,0.00000,1.17810,1.57080,2.35619,-2.35619,-1.96350,-1.17810,0.00000,1.17810,3.14159,-2.74889,-1.17810,-0.78540,0.78540,2.35619,-2.74889
44.37
1.57080,2.74889,3.14159,-2.74889,3.14159,-1.17810,0.78540,2.35619,-2.74889,-2.74889,-1.17810,-0.39270,1.96350,3.14159,3.14159,-2.74889,0.00000,1.17810,1.57080,2.74889,-2.74889,-2.74889,-1.17810,0.39270,1.17810,3.14159,-2.74889,-1.17810,-0.39270,1.57080,3.14159,-2.74889
45.78
1.17810,2.35619,2.74889,-2.74889,3.14159,0.39270,0.78540,1.96350,-2.74889,-2.74889,-1.17810,0.39270,1.57080,3.14159,3.14159,-1.57080,-0.39270,0.78540,1.96350,3.14159,-2.74889,-2.74889,-1.57080,0.78540,1.57080,3.14159,-2.74889,-0.78540,-0.78540,1.57080,2.74889,-2.74889
47.83
1.17810,1.57080,3.14159,-2.74889,-2.74889,-1.17810,0.00000,1.57080,-2.74889,-2.74889,-1.96350,-0.39270,1.17810,3.14159,3.14159,-1.17810,0.00000,1.17810,1.17810,3.14159,-2.74889,-2.74889,-1.57080,0.00000,1.57080,3.14159,-2.74889,-1.57080,-0.39270,1.17810,3.14159,-2.74889
49.01
0.78540,1.17810,3.14159,-2.74889,-2.74889,-1.57080,0.39270,1.57080,2.74889,-2.74889,-1.57080,-0.39270,1.17810,3.14159,3.14159,-1.96350,0.39270,0.78540,1.96350,2.74889,-2.74889,-2.74889,-1.96350,0.39270,1.17810,3.14159,-2.74889,-1.57080,0.39270,0.78540,2.35619,-2.74889
49.50
1.17810,1.17810,3.14159,-2.35619,-2.35619,-0.78540,0.39270,1.17810,3.14159,-2.74889,-1.17810,0.00000,0.78540,3.14159,3.14159,-2.35619,0.00000,0.78540,1.17810,1.57080,3.14159,-1.17810,-1.57080,0.00000,1.57080,3.14159,-2.74889,-1.17810,0.39270,0.78540,2.74889,-2.74889
50.34
1.17810,1.57080,3.14159,-2.74889,-2.74889,-0.78540,0.78540,1.96350,2.74889,-2.74889,-1.17810,0.00000,1.17810,3.14159,3.14159,-2.35619,0.00000,1.17810,0.78540,2.74889,3.14159,-2.74889,-1.17810,0.39270,1.57080,3.14159,-2.74889,-0.78540,-0.39270,1.57080,2.74889,-2.74889
52.25
0.78540,1.96350,3.14159,-2.74889,-2.35619,-0.39270,0.78540,1.96350,3.14159,-2.74889,-0.78540,0.00000,1.17810,3.14159,3.14159,-1.96350,0.39270,0.39270,1.57080,2.74889,3.14159,-1.96350,-0.78540,0.00000,1.57080,3.14159,-2.74889,-1.17810,0.00000,1.57080,2.35619,-2.74889
52.36
1.17810,2.74889,3.14159,-2.74889,-2.74889,-0.78540,0.00000,1.17810,3.14159,-2.74889,-1.57080,0.00000,1.17810,2.74889,3.14159,-1.17810,0.00000,0.78540,1.57080,2.35619,3.14159,-2.74889,-1.57080,0.39270,1.57080,3.14159,-2.74889,-1.17810,0.39270,1.96350,2.74889,-2.74889
52.44
0.00000,2.35619,3.14159,-2.74889,-2.74889,-0.78540,0.39270,1.17810,2.74889,-2.74889,-1.17810,0.00000,1.17810,3.14159,3.14159,-1.57080,-0.39270,0.78540,1.57080,2.35619,-2.74889,-2.74889,-1.17810,0.39270,1.57080,3.14159,-2.74889,-1.17810,0.39270,1.17810,3.14159,-2.74889
52.77
1.17810,2.35619,3.14159,-2.74889,-2.74889,-0.78540,0.39270,1.57080,3.14159,-2.74889,-0.78540,0.00000,1.57080,3.14159,3.14159,-1.57080,0.00000,1.17810,1.96350,2.74889,3.14159,-2.35619,-0.78540,0.00000,1.57080,3.14159,-2.74889,-1.17810,0.39270,0.78540,2.74889,-2.74889
53.21
1.57080,1.96350,3.14159,-2.74889,-2.74889,-0.78540,0.00000,1.17810,3.14159,-2.74889,-1.17810,0.00000,1.17810,3.14159,3.14159,-1.96350,-0.39270,1.17810,1.57080,1.96350,3.14159,-2.74889,-0.78540,0.00000,1.57080,3.14159,-2.74889,-1.17810,0.00000,1.17810,2.35619,-2.74889
53.77
0.78540,1.96350,3.14159,-2.74889,-2.74889,-0.78540,0.39270,0.78540,3.14159,-2.74889,-1.17810,0.00000,1.17810,3.14159,3.14159,-1.17810,0.00000,0.78540,1.57080,1.96350,3.14159,-1.96350,-1.17810,0.00000,1.17810,3.14159,-2.74889,-1.57080,0.00000,1.17810,2.35619,-2.74889
53.82
1.17810,2.35619,3.14159,-2.74889,-2.74889,-0.78540,0.39270,1.57080,3.14159,-2.74889,-1.17810,0.00000,1.57080,3.14159,3.14159,-1.17810,0.00000,1.17810,1.57080,2.74889,3.14159,-2.35619,-1.17810,0.00000,1.57080,3.14159,-2.74889,-0.78540,0.00000,1.17810,2.74889,-2.74889
54.07
0.78540,2.74889,3.14159,-2.74889,-2.74889,-0.78540,0.39270,1.57080,3.14159,-2.74889,-1.17810,0.39270,1.17810,3.14159,3.14159,-1.17810,0.00000,1.17810,1.57080,2.35619,-2.74889,-1.96350,-0.78540,0.39270,1.57080,3.14159,-2.74889,-1.17810,0.39270,1.17810,2.74889,-2.74889
54.08
1.17810,2.35619,3.14159,-2.74889,-2.74889,-0.78540,0.00000,1.57080,3.14159,-2.74889,-1.17810,0.00000,1.17810,3.14159,3.14159,-1.57080,-0.39270,0.39270,1.17810,2.35619,2.74889,-2.35619,-0.78540,0.00000,1.57080,3.14159,-2.74889,-1.57080,0.00000,1.17810,2.35619,-2.74889
54.16
1.57080,1.96350,3.14159,-2.74889,-2.35619,-0.78540,0.39270,1.57080,3.14159,-2.74889,-1.17810,0.00000,1.17810,2.35619,3.14159,-1.17810,0.00000,0.78540,1.57080,2.35619,-2.74889,-2.74889,-0.39270,0.00000,1.57080,3.14159,-2.74889,-1.17810,0.00000,1.57080,2.35619,-2.74889
54.44
1.17810,2.35619,3.14159,-2.74889,-2.74889,-0.78540,0.39270,1.96350,3.14159,-2.74889,-1.17810,0.00000,1.57080,2.35619,3.14159,-1.17810,-0.39270,0.78540,1.17810,2.35619,-2.74889,-2.35619,-0.78540,0.39270,1.17810,3.14159,-2.74889,-1.17810,0.00000,1.57080,2.74889,-2.74889
54.52
1.17810,2.35619,2.74889,-2.74889,-2.74889,-0.78540,0.39270,1.57080,3.14159,-2.74889,-1.17810,0.00000,1.17810,2.74889,3.14159,-1.57080,-0.39270,0.78540,1.57080,2.35619,-2.74889,-2.74889,-1.17810,0.00000,1.57080,3.14159,-2.74889,-1.17810,0.00000,1.57080,2.74889,-2.74889
54.63
1.17810,1.96350,3.14159,-2.74889,-2.74889,-0.78540,0.00000,1.57080,3.14159,-2.74889,-1.17810,0.00000,1.17810,2.74889,3.14159,-1.17810,-0.39270,0.78540,1.57080,1.57080,-2.74889,-2.35619,-1.17810,0.00000,1.17810,3.14159,-2.74889,-1.57080,0.00000,1.17810,2.35619,-2.74889
54.71
1.57080,2.35619,3.14159,-2.35619,-2.74889,-0.78540,0.39270,1.17810,2.74889,-2.74889,-1.17810,0.00000,1.17810,3.14159,3.14159,-1.57080,-0.39270,0.39270,1.57080,1.96350,3.14159,-2.35619,-0.78540,0.00000,1.57080,3.14159,-2.74889,-1.17810,0.00000,1.17810,2.74889,-2.74889
54.80
0.78540,2.35619,3.14159,-2.74889,-2.74889,-1.17810,0.00000,1.17810,3.14159,-2.74889,-1.57080,0.00000,1.17810,3.14159,3.14159,-1.17810,-0.39270,0.39270,1.17810,1.96350,3.14159,-2.35619,-1.17810,0.39270,1.17810,2.74889,-2.74889,-1.17810,0.00000,1.17810,2.74889,-2.74889
54.82
1.17810,2.35619,3.14159,-2.74889,-2.74889,-0.78540,0.00000,1.17810,3.14159,-2.74889,-1.17810,0.00000,1.17810,3.14159,3.14159,-1.57080,-0.78540,0.39270,1.57080,2.35619,3.14159,-2.35619,-0.78540,0.39270,1.17810,2.74889,-2.74889,-1.17810,0.00000,1.17810,2.35619,-2.74889
54.93
0.78540,1.96350,3.14159,-2.74889,-2.35619,-1.57080,0.00000,1.17810,3.14159,-2.74889,-1.17810,0.00000,1.17810,3.14159,3.14159,-1.57080,-0.39270,0.78540,1.57080,1.96350,3.14159,-2.74889,-0.78540,0.00000,1.17810,2.74889,-2.74889,-1.17810,0.00000,1.17810,2.35619,-2.74889
54.93
1.17810,2.35619,3.14159,-2.74889,-2.74889,-1.17810,0.39270,1.57080,3.14159,-2.74889,-1.17810,0.00000,1.17810,2.74889,3.14159,-1.57080,-0.39270,0.78540,1.17810,2.35619,3.14159,-2.74889,-1.17810,0.39270,1.17810,3.14159,-2.74889,-1.17810,0.00000,1.17810,2.35619,-2.74889
54.96
0.78540,2.35619,3.14159,-2.74889,-2.35619,-1.17810,0.39270,1.17810,3.14159,-2.74889,-1.17810,0.00000,1.17810,3.14159,3.14159,-1.57080,-0.39270,1.17810,1.17810,1.96350,-2.74889,-1.96350,-0.78540,0.39270,1.17810,2.74889,-2.74889,-1.17810,0.00000,1.17810,2.74889,-2.74889
55.16
1.17810,2.35619,3.14159,-2.74889,-1.96350,-1.17810,0.00000,1.17810,2.74889,-2.74889,-1.17810,0.00000,1.17810,3.14159,3.14159,-1.17810,-0.39270,0.78540,1.17810,2.74889,-2.74889,-1.96350,-1.17810,0.00000,1.57080,2.74889,-2.74889,-1.57080,0.00000,1.57080,2.74889,-2.74889
55.17
0.78540,1.96350,3.14159,-2.74889,-2.74889,-1.17810,0.39270,1.57080,2.74889,-2.74889,-1.17810,0.00000,1.17810,3.14159,3.14159,-1.57080,-0.39270,0.78540,1.57080,1.96350,3.14159,-2.35619,-1.17810,0.39270,1.57080,3.14159,-2.74889,-1.17810,0.00000,1.17810,2.74889,-2.74889
55.39
1.17810,2.35619,3.14159,-2.74889,-2.35619,-1.17810,0.00000,1.17810,3.14159,-2.74889,-1.17810,0.00000,1.17810,2.74889,3.14159,-1.57080,-0.78540,0.78540,1.57080,1.57080,3.14159,-2.35619,-1.17810,0.00000,1.57080,3.14159,-2.74889,-1.17810,0.00000,1.17810,2.35619,-2.74889
55.68
0.78540,2.35619,3.14159,-2.74889,-1.96350,-1.17810,0.00000,1.57080,3.14159,-2.74889,-1.17810,0.39270,1.17810,2.35619,3.14159,-1.57080,-0.39270,0.39270,1.57080,1.96350,3.14159,-2.35619,-0.78540,0.00000,1.17810,3.14159,-2.74889,-1.17810,0.00000,1.17810,2.35619,-2.74889
55.81
0.78540,2.35619,2.74889,-2.74889,-1.57080,-0.78540,0.39270,1.57080,3.14159,-2.74889,-1.17810,0.00000,1.17810,2.74889,3.14159,-1.17810,-0.39270,1.17810,1.17810,2.35619,-2.74889,-2.35619,-0.78540,0.39270,1.57080,3.14159,-2.35619,-1.17810,0.00000,1.17810,2.35619,-2.74889
56.43
0.78540,2.35619,3.14159,-2.74889,-2.35619,-1.17810,0.00000,1.17810,2.74889,-2.74889,-1.17810,0.00000,1.17810,2.74889,3.14159,-1.57080,0.00000,0.78540,1.17810,1.96350,3.14159,-1.96350,-1.17810,0.00000,1.17810,3.14159,-2.74889,-1.17810,0.00000,1.17810,2.74889,-2.74889
56.50
0.78540,2.35619,3.14159,-2.74889,-2.35619,-1.17810,0.00000,1.57080,2.35619,-2.74889,-1.57080,0.00000,1.17810,2.35619,3.14159,-1.57080,-0.39270,0.78540,1.17810,2.35619,3.14159,-2.35619,-1.17810,0.00000,1.57080,3.14159,-2.74889,-1.57080,-0.39270,1.17810,2.35619,-2.74889
56.53
0.78540,2.35619,3.14159,-2.74889,-2.35619,-1.17810,-0.39270,1.57080,2.35619,-2.74889,-1.57080,0.00000,0.78540,2.35619,3.14159,-1.57080,-0.39270,0.78540,1.17810,1.96350,3.14159,-2.35619,-1.17810,0.00000,1.17810,3.14159,-2.74889,-1.17810,0.00000,1.17810,2.35619,-2.74889
56.69
0.78540,1.96350,3.14159,-2.74889,-2.35619,-1.17810,0.00000,1.57080,2.35619,-2.74889,-1.17810,0.00000,0.78540,2.35619,3.14159,-1.57080,-0.39270,0.39270,1.17810,2.35619,3.14159,-2.35619,-0.78540,0.00000,1.17810,3.14159,-2.74889,-1.17810,0.00000,1.17810,2.35619,-2.74889
57.80
1.17810,2.35619,3.14159,-2.74889,-2.35619,-0.78540,0.00000,1.17810,2.35619,-2.74889,-1.17810,0.00000,1.17810,2.35619,3.14159,-1.57080,-0.39270,0.78540,1.17810,1.96350,3.14159,-2.35619,-0.78540,0.00000,1.17810,2.74889,-2.74889,-1.17810,0.00000,1.17810,2.35619,-2.74889
57.89
0.78540,2.35619,3.14159,-2.74889,-2.35619,-1.17810,0.00000,1.17810,2.35619,-2.74889,-1.17810,0.00000,1.17810,2.35619,3.14159,-1.57080,-0.39270,0.39270,1.17810,1.96350,-2.74889,-2.35619,-1.17810,0.00000,1.17810,2.74889,-2.74889,-1.17810,0.00000,1.17810,2.35619,-2.74889
57.91
0.78540,2.35619,2.74889,-2.74889,-1.96350,-1.17810,0.00000,1.17810,2.35619,-2.74889,-1.17810,0.00000,1.17810,2.35619,3.14159,-1.57080,-0.39270,0.39270,1.17810,1.96350,-2.74889,-2.35619,-1.17810,0.00000,1.17810,2.74889,-2.74889,-1.17810,0.00000,1.17810,2.35619,-2.74889
57.93
0.78540,1.96350,3.14159,-2.74889,-2.35619,-1.17810,0.00000,1.17810,2.35619,-2.74889,-1.17810,0.00000,1.17810,2.35619,3.14159,-1.57080,-0.39270,0.39270,1.17810,1.96350,-2.74889,-2.35619,-1.17810,0.00000,1.17810,2.35619,-2.74889,-1.17810,-0.39270,1.17810,2.35619,-2.74889
57.97
0.78540,1.96350,2.74889,-2.74889,-1.96350,-1.17810,0.00000,1.17810,2.35619,-2.74889,-1.57080,-0.39270,1.17810,2.35619,3.14159,-1.57080,-0.39270,0.39270,1.17810,1.96350,-2.74889,-2.35619,-1.17810,0.00000,1.17810,2.35619,-2.74889,-1.17810,0.00000,1.17810,2.35619,-2.74889
57.99
0.78540,1.96350,2.74889,-2.74889,-2.35619,-1.17810,0.00000,1.17810,2.35619,-2.74889,-1.57080,0.00000,1.17810,2.35619,3.14159,-1.57080,-0.39270,0.39270,1.17810,1.96350,-2.74889,-2.35619,-1.17810,0.00000,1.17810,2.74889,-2.74889,-1.17810,0.00000,1.17810,2.35619,-2.74889
