1.41
0.00000,0.00000,0.00000,0.00000,0.00000,0.00000,0.00000,0.00000,0.00000,0.00000,0.00000,0.00000,0.00000,0.00000,0.00000,0.00000,0.00000,0.00000,0.00000,0.00000,0.00000,0.00000,0.00000,0.00000,0.00000,0.00000,0.00000,0.00000,0.00000,0.00000,0.00000,0.00000
3.24
0.39270,-0.39270,-0.39270,1.96350,-0.78540,-0.39270,0.78540,0.78540,-0.78540,0.00000,0.00000,-0.39270,-0.78540,-0.39270,0.00000,0.00000,-1.57080,2.35619,-2.35619,0.39270,-0.39270,-0.78540,1.17810,1.17810,1.57080,-1.57080,0.00000,-2.74889,-0.39270,2.74889,1.57080,-0.39270
4.16
-0.39270,0.00000,-1.57080,1.96350,0.39270,1.57080,1.17810,0.39270,-0.39270,-0.39270,2.35619,-1.96350,-0.78540,0.00000,0.39270,-1.17810,-0.39270,3.14159,-2.35619,-0.39270,-1.96350,0.00000,0.78540,1.96350,0.78540,-1.96350,0.78540,-1.57080,-1.17810,2.74889,0.78540,0.39270
4.25
0.78540,1.17810,-1.96350,1.17810,1.17810,1.17810,-0.39270,0.39270,0.00000,0.39270,2.35619,-2.74889,0.78540,-0.78540,0.00000,0.39270,0.39270,2.74889,-2.74889,0.39270,-1.17810,0.39270,-0.78540,2.35619,1.96350,-1.57080,0.39270,-2.74889,-0.78540,1.96350,1.57080,0.78540
6.61
1.96350,0.78540,-1.57080,1.17810,1.96350,1.17810,2.74889,-1.96350,0.00000,0.39270,2.35619,-2.74889,-0.78540,-0.39270,1.57080,-0.78540,-0.78540,3.14159,-2.74889,0.00000,-0.39270,0.00000,-2.74889,1.17810,2.74889,0.00000,1.57080,-0.39270,-0.39270,1.96350,1.17810,-1.17810
7.13
3.14159,0.39270,-2.35619,-2.74889,-2.35619,-0.39270,1.96350,-0.39270,-0.78540,-0.78540,1.96350,-1.57080,-0.78540,-0.39270,0.39270,-2.74889,-0.39270,-2.74889,-0.78540,0.00000,-1.17810,0.39270,1.57080,3.14159,-2.35619,-1.17810,3.14159,-2.74889,-2.74889,2.74889,-2.74889,-2.74889
8.09
1.17810,-0.78540,-1.96350,-0.39270,0.00000,-0.39270,0.78540,1.57080,2.35619,-0.39270,2.35619,-1.17810,3.14159,1.57080,-1.17810,-1.17810,-0.78540,0.39270,-0.78540,-1.57080,0.78540,-2.74889,0.39270,0.00000,0.00000,0.39270,1.96350,-0.78540,-1.96350,0.00000,-0.78540,3.14159
10.71
-0.78540,3.14159,-0.39270,-2.35619,-0.78540,-2.74889,0.00000,-2.74889,-1.17810,1.17810,-2.35619,0.78540,-1.57080,-1.57080,0.00000,1.57080,-1.57080,-1.96350,-2.74889,-0.78540,0.39270,0.39270,-1.57080,1.17810,2.74889,0.39270,0.39270,0.78540,1.17810,-2.74889,-2.74889,0.00000
10.74
-2.74889,3.14159,0.78540,-2.74889,3.14159,3.14159,3.14159,0.78540,3.14159,-1.17810,0.78540,1.96350,3.14159,3.14159,-1.96350,2.74889,-1.17810,2.35619,-2.74889,1.57080,-1.96350,-2.74889,0.00000,1.96350,3.14159,3.14159,-2.74889,2.74889,1.57080,1.17810,2.74889,1.17810
12.54
-2.74889,-1.57080,2.35619,0.00000,1.57080,1.17810,3.14159,3.14159,2.35619,2.35619,2.35619,-2.74889,3.14159,3.14159,-2.74889,1.17810,1.17810,-0.78540,-2.74889,-2.74889,-1.57080,-1.17810,1.17810,3.14159,1.96350,-2.74889,0.00000,-0.78540,3.14159,1.57080,-2.74889,-2.74889
12.60
0.39270,0.00000,-2.74889,-2.35619,1.96350,2.74889,-0.39270,-1.57080,0.78540,1.96350,1.17810,-2.74889,-2.35619,3.14159,1.96350,-2.74889,1.57080,-0.78540,0.00000,-1.57080,-1.57080,2.35619,0.00000,2.35619,3.14159,-2.74889,-0.78540,0.00000,1.57080,3.14159,-2.35619,1.57080
13.67
-2.74889,-2.74889,-2.74889,1.17810,1.96350,1.57080,0.00000,-2.74889,3.14159,-1.96350,3.14159,-2.74889,3.14159,3.14159,-1.96350,-1.96350,0.00000,-1.96350,-2.74889,-2.74889,-2.74889,0.39270,0.78540,0.39270,1.96350,-2.74889,-0.39270,-0.78540,-0.39270,3.14159,-2.74889,-2.74889
14.15
-1.96350,3.14159,-2.74889,-2.74889,3.14159,3.14159,2.35619,-2.74889,2.74889,1.96350,0.78540,0.00000,-1.57080,3.14159,-0.78540,2.35619,1.57080,1.57080,1.57080,3.14159,-2.35619,-0.78540,-0.39270,2.74889,2.74889,-2.35619,-1.96350,-0.78540,1.17810,2.74889,-1.96350,2.35619
18.27
-2.74889,-0.78540,-2.74889,3.14159,-1.96350,2.35619,2.35619,-2.35619,-2.74889,-0.39270,2.35619,-2.74889,2.74889,-2.74889,0.78540,-2.35619,1.57080,-2.74889,-2.74889,-2.74889,-1.57080,2.35619,1.17810,2.74889,3.14159,-2.74889,-0.78540,-0.78540,0.39270,3.14159,-1.17810,-2.74889
18.53
0.39270,0.00000,0.39270,0.78540,-0.78540,1.57080,-2.74889,-2.74889,-2.35619,0.00000,-2.74889,-2.74889,3.14159,-2.74889,-0.78540,2.74889,3.14159,0.39270,2.35619,-2.74889,-0.39270,1.57080,1.57080,2.74889,3.14159,-2.74889,-0.39270,-0.39270,0.00000,3.14159,-2.74889,-2.74889
18.94
-0.78540,3.14159,-2.74889,-2.74889,-1.17810,0.00000,1.17810,2.35619,3.14159,-1.57080,0.00000,0.39270,2.74889,2.74889,-2.74889,2.74889,3.14159,1.96350,2.74889,1.57080,0.00000,1.17810,-0.39270,0.78540,2.74889,1.96350,2.35619,-0.39270,-0.39270,0.78540,0.39270,2.35619
26.10
-2.74889,-2.35619,0.00000,1.57080,1.57080,1.96350,2.74889,2.35619,-1.17810,-0.78540,0.39270,1.17810,2.74889,0.00000,-2.74889,0.00000,1.96350,-2.35619,-2.74889,-0.39270,-2.74889,-1.57080,2.35619,1.57080,2.35619,-2.74889,-1.96350,1.17810,0.39270,2.74889,-2.74889,-2.35619
27.89
2.35619,1.57080,-0.39270,-1.57080,0.39270,1.57080,2.35619,-2.74889,-2.74889,-1.57080,0.39270,-2.74889,3.14159,-2.74889,-0.39270,1.57080,1.57080,0.00000,-2.74889,-2.74889,-2.74889,-1.17810,-1.17810,1.57080,2.74889,-2.74889,-2.74889,-1.17810,1.17810,2.74889,3.14159,0.00000
28.35
-2.74889,-2.74889,0.39270,-1.96350,1.57080,2.74889,-0.39270,3.14159,-1.96350,-0.39270,2.35619,-2.74889,3.14159,0.39270,-2.35619,0.00000,3.14159,-2.35619,-2.74889,-2.74889,-1.17810,-0.39270,0.78540,2.35619,3.14159,-2.74889,-1.57080,0.00000,1.17810,1.57080,-2.74889,-1.57080
28.46
-2.74889,0.39270,0.39270,-1.57080,1.96350,3.14159,2.74889,3.14159,-0.78540,-0.39270,1.57080,-2.74889,3.14159,-1.57080,-2.74889,-1.96350,3.14159,-1.96350,-2.74889,-2.74889,-2.74889,-0.39270,0.78540,2.74889,2.74889,-2.74889,-1.17810,0.78540,2.35619,2.74889,-2.74889,-2.74889
30.82
-1.96350,-1.96350,0.00000,0.39270,2.74889,2.74889,-2.35619,-2.74889,-2.35619,0.78540,1.96350,-2.74889,-1.96350,2.74889,0.78540,0.39270,2.35619,-2.35619,-2.35619,-2.74889,-0.39270,0.39270,1.96350,0.39270,3.14159,-2.74889,-0.78540,-0.39270,0.39270,1.96350,-2.74889,-1.17810
34.01
-2.74889,-1.96350,-0.39270,-1.17810,0.00000,2.74889,1.57080,1.96350,-2.74889,0.00000,1.96350,-2.74889,3.14159,-2.74889,-0.78540,0.00000,2.74889,-2.74889,-2.74889,-2.74889,-2.74889,-0.78540,1.57080,1.57080,3.14159,-2.74889,-1.57080,1.17810,1.17810,2.74889,-2.74889,-1.96350
34.03
-2.74889,-2.35619,1.96350,0.00000,0.00000,3.14159,3.14159,2.74889,-2.35619,-0.78540,0.78540,-2.74889,3.14159,-2.74889,-1.17810,-0.78540,3.14159,-2.74889,-2.74889,-2.74889,-2.74889,-1.17810,0.78540,1.96350,3.14159,-2.74889,-1.96350,-0.39270,1.96350,3.14159,-2.74889,-2.74889
35.03
-2.74889,-2.35619,0.39270,-1.96350,1.57080,3.14159,2.35619,-1.96350,-2.74889,-0.39270,1.96350,-2.74889,3.14159,-2.74889,-0.78540,0.78540,2.74889,-2.74889,-2.74889,-2.74889,-2.74889,-1.57080,1.17810,2.35619,3.14159,-2.74889,-1.96350,0.39270,0.39270,3.14159,-2.74889,-1.17810
35.47
-2.74889,-1.96350,1.57080,-0.39270,0.78540,3.14159,3.14159,2.74889,-2.74889,-0.39270,-0.78540,-2.74889,3.14159,-2.74889,-0.78540,0.78540,3.14159,-2.74889,-2.74889,-2.74889,-2.74889,-0.78540,0.78540,1.57080,3.14159,-2.74889,-1.96350,-0.78540,1.17810,2.74889,-2.74889,-2.35619
35.86
-2.35619,-1.96350,0.39270,-1.96350,0.00000,2.74889,2.74889,-2.74889,-2.35619,-0.78540,0.39270,-2.74889,3.14159,-2.74889,-1.57080,0.00000,1.96350,-1.17810,-2.74889,-2.74889,-2.74889,-1.96350,0.78540,2.35619,3.14159,-2.74889,-2.35619,0.00000,0.78540,3.14159,-2.74889,-1.17810
43.20
-2.35619,-1.96350,0.00000,0.39270,1.96350,2.74889,2.74889,-1.96350,-2.35619,0.00000,0.78540,-2.74889,-2.74889,-2.74889,0.78540,0.78540,0.78540,-2.74889,-2.74889,-2.74889,-2.74889,-0.78540,1.57080,1.96350,3.14159,-2.74889,-1.17810,0.00000,0.78540,2.35619,-2.74889,-2.74889
44.09
-2.74889,-1.17810,-0.78540,0.00000,2.35619,2.74889,3.14159,-2.74889,-1.57080,0.78540,0.78540,-2.74889,-2.74889,-2.74889,0.00000,0.39270,1.96350,-2.74889,-2.74889,-2.74889,-2.74889,0.00000,0.39270,2.35619,3.14159,-2.74889,-1.96350,0.00000,1.57080,3.14159,-2.74889,-2.74889
45.36
-2.74889,-2.35619,0.39270,0.00000,1.96350,2.74889,3.14159,-2.74889,-0.78540,0.00000,1.17810,-2.74889,-2.74889,-2.74889,-1.57080,0.78540,2.35619,-2.74889,-2.74889,-2.74889,-2.74889,-0.39270,1.17810,1.57080,3.14159,-2.74889,-1.17810,0.39270,1.57080,3.14159,-2.74889,-2.74889
45.58
-2.74889,-2.35619,0.39270,0.00000,1.96350,2.74889,3.14159,-2.74889,-1.17810,0.00000,0.78540,-2.74889,-2.74889,-2.74889,-1.17810,0.78540,1.17810,-2.74889,-2.74889,-2.74889,-2.74889,-0.78540,0.78540,1.96350,3.14159,-2.74889,-1.17810,0.39270,1.96350,3.14159,-2.74889,-2.74889
45.85
-2.74889,-1.17810,0.78540,0.78540,1.57080,2.74889,3.14159,-2.74889,-1.17810,0.39270,1.17810,-2.74889,-2.74889,-2.74889,-0.78540,0.39270,1.57080,-2.74889,-2.74889,-2.74889,-2.74889,0.00000,1.17810,1.96350,3.14159,-2.74889,-1.96350,0.00000,1.96350,3.14159,-2.74889,-2.74889
47.59
-2.74889,-2.35619,-0.78540,0.00000,1.57080,2.74889,3.14159,-2.74889,-1.57080,-0.39270,0.78540,-2.74889,-2.74889,-2.74889,-0.39270,1.17810,1.57080,-2.74889,-2.74889,-2.74889,-2.74889,-1.17810,0.39270,1.96350,3.14159,-2.74889,-0.78540,0.00000,1.17810,3.14159,-2.74889,-2.74889
48.16
-2.74889,-1.57080,-0.39270,0.39270,1.57080,2.74889,3.14159,-2.74889,-1.17810,0.00000,1.57080,-2.74889,-2.74889,-2.74889,-0.78540,1.17810,1.96350,-2.74889,-2.74889,-2.74889,-2.74889,0.00000,1.17810,2.35619,3.14159,-2.74889,-1.17810,-0.39270,1.17810,3.14159,-2.74889,-2.74889
49.38
-2.74889,-0.78540,-0.39270,0.39270,1.17810,1.96350,3.14159,-2.74889,-0.78540,0.39270,1.57080,-2.74889,-2.74889,-2.74889,-0.39270,0.39270,2.35619,-2.74889,-2.74889,-2.74889,-2.74889,-0.39270,0.78540,2.35619,3.14159,-2.74889,-1.57080,0.39270,1.57080,3.14159,-2.74889,-2.74889
49.97
-2.35619,-0.78540,-0.39270,0.78540,1.57080,1.57080,3.14159,-2.74889,-1.57080,-0.78540,1.57080,-2.74889,-2.74889,-1.96350,-1.57080,0.78540,1.96350,-2.74889,-2.74889,-2.74889,-2.74889,-0.78540,0.00000,1.17810,3.14159,-2.74889,-1.96350,0.00000,0.78540,2.74889,-2.74889,-2.74889
51.08
-2.35619,-1.17810,-0.78540,0.39270,1.17810,0.78540,2.74889,-2.74889,-1.17810,-1.17810,1.17810,-2.74889,-2.74889,-2.35619,-1.17810,1.17810,1.17810,-2.74889,-2.74889,-2.74889,-2.74889,-0.78540,0.78540,1.57080,3.14159,-2.74889,-1.57080,0.00000,0.78540,2.35619,-2.74889,-2.74889
52.56
-2.74889,-1.57080,0.39270,0.00000,1.96350,1.96350,3.14159,-2.74889,-1.17810,0.39270,1.57080,-2.74889,-2.74889,-2.35619,-0.78540,1.17810,1.96350,-2.74889,-2.74889,-2.74889,-1.96350,0.00000,1.17810,1.57080,3.14159,-2.74889,-1.57080,0.00000,1.57080,2.74889,-2.74889,-2.74889
53.21
-2.74889,-1.17810,0.00000,-0.39270,1.57080,1.96350,3.14159,-2.74889,-1.17810,0.00000,1.57080,-2.74889,-2.74889,-1.96350,-0.39270,0.78540,2.35619,-2.74889,-2.74889,-2.74889,-2.74889,0.00000,0.78540,1.57080,3.14159,-2.74889,-1.17810,0.78540,1.57080,2.74889,-2.74889,-2.74889
57.06
-2.74889,-1.96350,1.17810,0.00000,1.17810,1.96350,2.74889,-2.74889,-1.57080,0.00000,1.17810,2.35619,3.14159,-2.74889,-0.78540,0.78540,1.96350,-2.74889,-2.74889,-2.74889,-2.74889,-0.78540,0.39270,1.57080,2.74889,-2.74889,-1.17810,-0.39270,1.17810,2.74889,-2.74889,-2.35619
59.03
-2.74889,-0.78540,-0.78540,0.39270,1.57080,1.96350,3.14159,-2.74889,-1.17810,0.39270,1.17810,-2.74889,-2.74889,-1.57080,-0.39270,0.78540,2.35619,-2.74889,-2.74889,-2.74889,-2.35619,0.00000,0.39270,1.57080,3.14159,-2.35619,-1.17810,0.39270,1.17810,2.35619,-2.74889,-1.57080
59.21
-2.74889,-0.39270,0.78540,0.39270,1.17810,1.57080,3.14159,-2.74889,-1.17810,0.00000,1.57080,-2.74889,-2.74889,-1.17810,-0.78540,1.17810,2.35619,-2.74889,-2.74889,-2.74889,-1.96350,-0.39270,0.78540,1.96350,3.14159,-1.96350,-0.78540,0.39270,1.57080,2.74889,-2.74889,-1.57080
59.45
-2.74889,-1.17810,-0.78540,0.00000,0.78540,2.35619,3.14159,-2.74889,-1.17810,0.39270,1.17810,3.14159,-2.74889,-1.57080,-0.78540,1.17810,1.57080,-2.74889,-2.74889,-2.74889,-1.17810,-0.39270,0.39270,1.96350,3.14159,-2.74889,-0.78540,0.39270,0.78540,1.96350,-2.74889,-1.17810
60.62
-2.74889,-0.39270,-0.39270,0.39270,0.78540,1.96350,3.14159,-2.74889,-0.78540,0.00000,1.17810,3.14159,-2.74889,-1.57080,-0.39270,0.78540,1.96350,-2.74889,-2.74889,-2.74889,-1.17810,-0.39270,0.78540,1.96350,3.14159,-2.74889,-0.78540,0.00000,1.17810,3.14159,-2.74889,-1.96350
60.68
-2.74889,-1.17810,0.00000,0.39270,0.78540,1.96350,3.14159,-2.74889,-1.17810,0.39270,1.57080,3.14159,-2.74889,-1.57080,0.00000,1.17810,1.96350,-2.74889,-2.74889,-2.74889,-1.17810,0.00000,1.17810,1.96350,3.14159,-2.74889,-0.78540,0.00000,1.57080,2.35619,-2.74889,-1.17810
60.96
-2.74889,-0.39270,0.00000,0.39270,0.39270,2.35619,3.14159,-2.74889,-1.17810,0.00000,1.57080,3.14159,-2.74889,-1.17810,-0.39270,0.39270,1.96350,-2.74889,-2.74889,-2.74889,-1.17810,-0.39270,0.78540,1.96350,3.14159,-2.74889,-1.17810,0.00000,1.17810,2.74889,-2.74889,-1.57080
61.08
-2.74889,-1.17810,0.00000,-0.39270,0.78540,2.35619,3.14159,-2.74889,-1.17810,-0.39270,1.17810,2.74889,-2.74889,-1.96350,-1.17810,0.78540,1.57080,-2.74889,-2.74889,-2.74889,-1.17810,-1.17810,0.39270,1.96350,3.14159,-2.74889,-1.17810,0.00000,1.17810,2.35619,-2.74889,-1.57080
61.34
-2.74889,-1.17810,0.39270,0.39270,0.78540,1.96350,3.14159,-2.74889,-1.17810,0.00000,1.17810,3.14159,-2.74889,-1.57080,-0.39270,0.78540,2.35619,-2.74889,-2.74889,-2.74889,-1.57080,0.00000,0.78540,1.57080,3.14159,-2.74889,-1.17810,0.39270,1.17810,2.74889,-2.74889,-1.57080
61.45
-2.74889,-0.78540,-0.39270,0.39270,1.17810,1.96350,3.14159,-2.74889,-1.17810,0.00000,1.57080,3.14159,-2.74889,-1.17810,-0.39270,0.78540,1.96350,-2.74889,-2.74889,-2.74889,-1.57080,-0.39270,0.39270,1.96350,3.14159,-2.74889,-0.78540,0.39270,1.57080,2.74889,-2.74889,-1.57080
61.48
-2.74889,-0.78540,0.39270,0.00000,0.78540,2.35619,3.14159,-2.74889,-1.17810,0.00000,1.17810,3.14159,-2.74889,-1.57080,-0.39270,0.78540,1.96350,-2.74889,-2.74889,-2.74889,-1.96350,-0.78540,0.39270,1.57080,3.14159,-2.74889,-1.17810,0.39270,1.17810,2.35619,-2.74889,-1.57080
61.56
-2.74889,-0.78540,-0.39270,0.00000,0.78540,1.96350,3.14159,-2.74889,-1.17810,-0.39270,1.17810,3.14159,-2.74889,-1.96350,-0.39270,0.78540,1.96350,-2.74889,-2.74889,-2.74889,-1.17810,-0.39270,0.78540,1.57080,3.14159,-2.74889,-1.17810,0.00000,1.17810,2.35619,-2.74889,-1.17810
61.86
-2.74889,-1.17810,-0.39270,0.00000,1.17810,1.96350,3.14159,-2.74889,-1.17810,0.00000,1.17810,3.14159,-2.74889,-1.57080,-0.39270,0.78540,1.96350,-2.74889,-2.74889,-2.74889,-1.57080,-0.39270,0.39270,1.57080,3.14159,-2.74889,-0.78540,0.39270,1.17810,1.96350,-2.74889,-1.57080
61.90
-2.74889,-0.78540,-0.78540,0.39270,1.17810,1.57080,3.14159,-2.74889,-1.17810,0.00000,1.17810,3.14159,-2.74889,-1.57080,-0.39270,0.78540,1.96350,-2.74889,-2.74889,-2.74889,-1.57080,-0.78540,0.78540,1.57080,3.14159,-2.74889,-1.17810,0.39270,1.17810,2.35619,-2.74889,-1.57080
62.07
-2.74889,-1.17810,0.00000,-0.39270,0.78540,1.96350,3.14159,-2.74889,-1.17810,0.00000,1.17810,3.14159,-2.74889,-1.96350,-0.78540,0.78540,1.96350,-2.74889,-2.74889,-2.74889,-1.57080,-0.39270,0.39270,1.96350,3.14159,-2.74889,-1.17810,0.00000,1.17810,2.35619,-2.74889,-1.96350
62.09
-2.74889,-1.17810,-0.39270,0.39270,0.78540,1.57080,3.14159,-2.74889,-1.17810,0.00000,1.17810,3.14159,-2.74889,-1.57080,-0.39270,0.78540,1.96350,-2.74889,-2.74889,-2.74889,-1.17810,-0.39270,0.39270,1.57080,3.14159,-2.74889,-0.78540,0.00000,1.17810,1.96350,-2.74889,-1.57080
62.09
-2.74889,-0.78540,-0.39270,0.00000,1.17810,2.35619,3.14159,-2.74889,-1.17810,0.00000,1.17810,3.14159,-2.74889,-1.96350,-0.39270,0.78540,1.96350,-2.74889,-2.74889,-2.74889,-1.57080,-0.39270,0.78540,1.96350,3.14159,-2.74889,-1.17810,0.00000,1.17810,2.35619,-2.74889,-1.57080
62.15
-2.74889,-1.17810,-0.39270,0.00000,0.78540,1.96350,3.14159,-2.74889,-1.17810,0.00000,1.17810,3.14159,-2.74889,-1.57080,-0.39270,0.39270,1.96350,-2.74889,-2.74889,-2.74889,-1.17810,-0.39270,0.78540,1.96350,3.14159,-2.74889,-0.78540,0.39270,1.17810,2.35619,-2.74889,-1.57080
62.21
-2.74889,-0.78540,-0.78540,-0.39270,1.17810,1.96350,3.14159,-2.74889,-1.17810,0.00000,1.17810,3.14159,-2.74889,-1.57080,-0.39270,0.78540,1.96350,-2.74889,-2.74889,-2.74889,-1.17810,-0.78540,0.78540,1.57080,3.14159,-2.74889,-1.17810,0.00000,1.17810,2.35619,-2.74889,-1.57080
62.32
-2.74889,-1.17810,-0.39270,0.39270,0.78540,1.96350,3.14159,-2.74889,-1.17810,0.39270,1.17810,3.14159,-2.74889,-1.57080,-0.39270,0.78540,1.96350,-2.74889,-2.74889,-2.74889,-1.57080,-0.39270,0.78540,1.96350,3.14159,-2.74889,-1.17810,0.00000,1.17810,2.35619,-2.74889,-1.96350
62.32
-2.74889,-0.78540,-0.39270,0.00000,0.78540,1.96350,3.14159,-2.74889,-1.17810,0.00000,1.17810,3.14159,-2.74889,-1.57080,-0.39270,0.78540,1.57080,-2.74889,-2.74889,-2.74889,-1.57080,-0.78540,0.78540,1.96350,3.14159,-2.74889,-0.78540,0.00000,1.17810,2.35619,-2.74889,-1.57080
62.35
-2.74889,-0.78540,-0.39270,0.00000,1.17810,1.96350,3.14159,-2.74889,-1.17810,0.00000,1.57080,3.14159,-2.74889,-1.57080,-0.39270,0.78540,1.96350,-2.74889,-2.74889,-2.74889,-1.17810,-0.39270,0.39270,1.96350,3.14159,-2.74889,-0.78540,0.00000,1.17810,2.35619,-2.74889,-1.57080
62.44
-2.74889,-1.17810,-0.39270,0.39270,1.17810,1.96350,3.14159,-2.74889,-1.17810,0.00000,1.17810,3.14159,-2.74889,-1.57080,-0.39270,0.78540,1.96350,-2.74889,-2.74889,-2.74889,-1.17810,-0.39270,0.78540,1.57080,3.14159,-2.74889,-0.78540,0.00000,1.17810,2.35619,-2.74889,-1.96350
62.71
-2.74889,-0.78540,0.00000,0.39270,1.17810,1.96350,3.14159,-2.74889,-1.17810,0.00000,1.17810,3.14159,-2.74889,-1.57080,-0.39270,0.78540,1.96350,-2.74889,-2.74889,-2.74889,-1.57080,-0.39270,0.78540,1.96350,3.14159,-2.74889,-1.17810,0.00000,1.17810,2.35619,-2.74889,-1.57080
63.15
-2.74889,-1.17810,-0.39270,0.00000,1.17810,1.96350,3.14159,-2.35619,-1.17810,0.00000,1.17810,3.14159,-2.74889,-1.57080,-0.39270,0.39270,1.57080,-2.74889,-2.74889,-2.35619,-1.57080,-0.39270,0.78540,1.57080,3.14159,-2.74889,-0.78540,0.00000,1.17810,2.35619,-2.74889,-1.57080
63.45
-2.74889,-0.78540,0.00000,0.00000,1.17810,1.96350,3.14159,-2.74889,-1.17810,0.00000,1.57080,2.74889,-2.74889,-1.57080,-0.39270,0.78540,1.57080,-2.74889,-2.74889,-2.74889,-1.17810,-0.39270,0.39270,1.96350,3.14159,-2.74889,-1.17810,0.00000,1.17810,2.35619,-2.74889,-1.57080
63.89
-2.74889,-1.17810,-0.39270,0.39270,0.78540,1.57080,3.14159,-2.74889,-1.17810,0.00000,1.57080,2.74889,-2.74889,-1.57080,-0.39270,0.78540,1.96350,-2.74889,-2.74889,-2.74889,-1.17810,-0.39270,0.78540,1.96350,3.14159,-2.35619,-0.78540,0.00000,1.17810,2.35619,-2.74889,-1.96350
64.13
-2.74889,-0.78540,0.00000,0.00000,1.17810,1.96350,3.14159,-2.74889,-1.17810,0.00000,1.57080,2.74889,-2.74889,-1.57080,-0.39270,0.78540,1.57080,-2.74889,-2.74889,-2.74889,-1.17810,-0.39270,0.39270,1.96350,3.14159,-2.35619,-1.17810,0.00000,1.17810,2.35619,-2.74889,-1.96350
64.37
-2.74889,-0.78540,-0.39270,0.39270,0.78540,1.96350,3.14159,-2.74889,-1.17810,0.00000,1.17810,2.74889,-2.74889,-1.57080,-0.39270,0.78540,1.96350,-2.74889,-2.74889,-2.74889,-1.57080,-0.39270,0.39270,1.96350,3.14159,-1.96350,-0.78540,0.00000,1.17810,2.35619,-2.74889,-1.57080
64.45
-2.74889,-1.17810,0.00000,0.39270,0.78540,1.57080,3.14159,-2.74889,-1.17810,0.00000,1.17810,2.35619,-2.74889,-1.57080,-0.39270,0.39270,1.96350,-2.74889,-2.74889,-2.74889,-1.17810,-0.39270,0.39270,1.57080,3.14159,-2.35619,-1.17810,0.00000,1.17810,1.96350,-2.74889,-1.57080
64.67
-2.74889,-1.17810,0.00000,0.00000,0.78540,1.96350,3.14159,-2.74889,-1.17810,0.00000,1.17810,2.35619,-2.74889,-1.57080,-0.39270,0.39270,1.96350,-2.74889,-2.74889,-2.74889,-1.57080,-0.39270,0.39270,1.57080,3.14159,-2.35619,-1.17810,0.00000,1.17810,1.96350,-2.74889,-1.57080
64.73
-2.74889,-0.78540,0.00000,0.39270,0.78540,1.96350,3.14159,-2.74889,-1.17810,0.00000,1.17810,2.35619,-2.74889,-1.57080,-0.39270,0.78540,1.96350,-2.74889,-2.74889,-2.74889,-1.17810,-0.39270,0.39270,1.96350,3.14159,-1.96350,-1.17810,0.00000,1.17810,2.35619,-2.74889,-1.57080
64.86
-2.35619,-1.17810,-0.39270,0.39270,0.78540,1.96350,3.14159,-2.74889,-1.17810,0.00000,1.17810,2.35619,-2.74889,-1.57080,-0.78540,0.78540,1.96350,-2.74889,-2.74889,-2.74889,-1.57080,-0.78540,0.39270,1.57080,3.14159,-2.35619,-0.78540,0.00000,1.17810,2.35619,-2.74889,-1.96350
65.15
-2.35619,-0.78540,0.00000,0.00000,1.17810,1.57080,3.14159,-2.74889,-1.17810,0.00000,1.17810,2.35619,-2.74889,-1.57080,-0.39270,0.78540,1.57080,-2.74889,-2.74889,-2.74889,-1.17810,-0.39270,0.39270,1.96350,3.14159,-2.35619,-1.17810,0.00000,1.17810,2.35619,-2.74889,-1.57080
65.33
-2.35619,-1.17810,0.00000,0.00000,1.17810,1.57080,3.14159,-2.74889,-1.17810,0.00000,1.17810,2.35619,-2.74889,-1.57080,-0.39270,0.78540,1.96350,-2.74889,-2.74889,-2.74889,-1.17810,-0.39270,0.39270,1.57080,3.14159,-2.35619,-1.17810,0.00000,1.17810,2.35619,-2.74889,-1.57080
65.55
-1.96350,-1.17810,-0.39270,0.00000,0.78540,1.57080,3.14159,-2.74889,-0.78540,0.00000,1.17810,2.35619,-2.74889,-1.57080,-0.39270,0.78540,1.57080,3.14159,-2.74889,-2.74889,-1.57080,-0.39270,0.78540,1.57080,3.14159,-2.35619,-0.78540,0.00000,1.17810,2.35619,-2.74889,-1.57080
65.78
-2.35619,-1.17810,-0.39270,0.39270,0.78540,1.57080,3.14159,-2.74889,-1.17810,0.00000,1.17810,2.35619,-2.74889,-1.96350,-0.39270,0.39270,1.57080,3.14159,-2.74889,-2.74889,-1.17810,-0.78540,0.39270,1.57080,2.74889,-2.35619,-1.17810,0.00000,1.17810,1.96350,-2.74889,-1.96350
66.09
-2.35619,-0.78540,-0.39270,0.39270,0.78540,1.96350,3.14159,-2.74889,-1.17810,0.00000,1.17810,2.35619,-2.74889,-1.57080,-0.39270,0.78540,1.57080,3.14159,-2.74889,-2.74889,-1.57080,-0.39270,0.78540,1.96350,2.74889,-2.35619,-1.17810,0.00000,1.17810,2.35619,-2.74889,-1.57080
66.54
-1.96350,-1.17810,-0.39270,0.00000,0.78540,1.96350,3.14159,-2.74889,-1.17810,0.00000,1.17810,2.35619,-2.74889,-1.57080,-0.39270,0.78540,1.57080,3.14159,-2.74889,-2.74889,-1.57080,-0.39270,0.39270,1.57080,2.74889,-2.35619,-1.17810,0.00000,1.17810,2.35619,-2.74889,-1.57080
66.63
-2.35619,-0.78540,-0.39270,0.00000,0.78540,1.96350,3.14159,-2.74889,-1.17810,0.00000,1.17810,2.35619,-2.74889,-1.57080,-0.39270,0.78540,1.57080,3.14159,-2.74889,-2.35619,-1.57080,-0.39270,0.39270,1.57080,2.74889,-2.35619,-1.17810,0.00000,1.17810,2.35619,-2.74889,-1.57080
66.65
-2.35619,-1.17810,-0.39270,0.00000,0.78540,1.96350,3.14159,-2.74889,-1.17810,0.00000,1.17810,2.35619,-2.74889,-1.57080,-0.39270,0.78540,1.96350,3.14159,-2.74889,-2.35619,-1.57080,-0.39270,0.39270,1.57080,2.74889,-2.35619,-1.17810,0.00000,1.17810,2.35619,-2.74889,-1.57080
66.65
-2.35619,-1.17810,-0.39270,0.39270,0.78540,1.96350,3.14159,-2.74889,-1.17810,0.00000,1.17810,2.35619,-2.74889,-1.57080,-0.39270,0.78540,1.57080,3.14159,-2.74889,-2.35619,-1.57080,-0.39270,0.39270,1.57080,2.74889,-2.35619,-1.17810,0.00000,1.17810,2.35619,-2.74889,-1.57080
66.84
-2.35619,-1.17810,-0.39270,0.00000,0.78540,1.96350,3.14159,-2.35619,-1.17810,0.00000,1.17810,2.35619,-2.74889,-1.57080,-0.39270,0.78540,1.57080,3.14159,-2.74889,-2.35619,-1.17810,-0.39270,0.39270,1.57080,3.14159,-2.35619,-1.17810,0.00000,1.17810,2.35619,-2.74889,-1.57080
67.04
-2.35619,-0.78540,-0.39270,0.00000,0.78540,1.96350,3.14159,-2.35619,-1.17810,0.00000,1.17810,2.35619,-2.74889,-1.57080,-0.39270,0.78540,1.57080,3.14159,-2.74889,-2.35619,-1.57080,-0.39270,0.39270,1.57080,2.74889,-2.35619,-1.17810,0.00000,1.17810,2.35619,-2.74889,-1.57080
