1.44
0.00000,0.00000,0.00000,0.00000,0.00000,0.00000,0.00000,0.00000,0.00000,0.00000,0.00000,0.00000,0.00000,0.00000,0.00000,0.00000,0.00000,0.00000,0.00000,0.00000,0.00000,0.00000,0.00000,0.00000,0.00000,0.00000,0.00000,0.00000,0.00000,0.00000,0.00000,0.00000
1.45
0.78540,-1.57080,0.00000,-0.78540,-0.39270,0.00000,0.39270,-0.39270,-0.39270,0.00000,1.57080,-0.39270,-0.39270,0.39270,0.39270,-0.39270,0.39270,0.00000,-0.39270,-1.57080,-1.57080,0.00000,2.74889,1.57080,0.00000,0.39270,0.78540,0.00000,0.39270,0.78540,0.00000,-1.17810
4.35
1.57080,-1.57080,0.78540,-2.74889,-0.78540,-0.78540,-1.17810,0.00000,-1.57080,-0.78540,1.57080,-1.96350,-0.39270,-0.78540,0.39270,-0.39270,0.78540,0.39270,-1.96350,0.00000,-1.17810,1.17810,2.74889,1.57080,-1.96350,0.78540,-0.39270,-0.39270,1.96350,0.00000,-0.78540,0.78540
5.82
2.74889,-0.78540,-0.39270,-2.35619,0.39270,0.39270,0.00000,1.57080,-1.57080,-0.78540,1.17810,-2.74889,-1.57080,-0.78540,-0.78540,-0.39270,1.57080,1.96350,-1.96350,0.78540,-0.39270,0.39270,2.35619,0.78540,-2.74889,0.78540,0.78540,0.00000,0.78540,-0.78540,-0.39270,1.17810
6.85
-2.35619,-1.17810,2.35619,2.35619,0.78540,-0.78540,0.39270,0.78540,0.39270,-2.35619,-0.39270,0.39270,1.17810,-0.39270,-1.96350,-2.74889,-0.78540,2.35619,1.17810,1.57080,3.14159,2.74889,-1.57080,0.00000,0.39270,0.00000,0.39270,-0.78540,-0.78540,-2.74889,-0.39270,1.96350
8.51
3.14159,-2.74889,-2.74889,-2.74889,0.78540,-2.74889,3.14159,-2.74889,-2.35619,0.39270,0.78540,-2.74889,3.14159,-2.74889,-1.17810,-2.74889,3.14159,0.00000,-1.57080,3.14159,-2.74889,-2.35619,2.35619,2.35619,-2.35619,3.14159,2.35619,1.96350,2.74889,-2.74889,-2.74889,-1.57080
10.99
-2.74889,-1.96350,3.14159,-2.74889,-2.74889,-2.74889,2.35619,1.17810,-2.74889,-1.17810,-2.74889,0.78540,1.57080,2.35619,-2.74889,-2.74889,-2.74889,3.14159,2.35619,-2.74889,3.14159,-2.74889,-2.74889,-0.39270,3.14159,2.35619,-2.74889,-0.39270,-0.39270,-2.74889,3.14159,3.14159
13.60
-1.57080,-1.96350,0.78540,-2.35619,-2.35619,-0.78540,0.78540,1.57080,-2.35619,-1.57080,-0.78540,0.00000,0.78540,-0.39270,-0.39270,-0.39270,-1.57080,1.17810,1.17810,-1.17810,1.57080,1.17810,-1.17810,-0.39270,0.39270,2.35619,-1.96350,-1.57080,0.39270,-1.17810,1.17810,1.96350
13.79
-2.35619,-2.35619,-0.39270,-2.74889,-2.74889,0.78540,1.17810,1.96350,-2.74889,-1.57080,-0.39270,-1.57080,0.39270,0.78540,-0.78540,1.17810,-1.96350,1.96350,1.57080,-1.57080,2.35619,1.96350,-1.57080,-0.39270,0.78540,2.74889,-2.74889,-2.35619,-1.17810,-0.78540,1.96350,2.35619
14.93
-0.39270,-1.57080,1.96350,-2.74889,1.57080,3.14159,1.96350,-2.74889,-2.74889,2.74889,3.14159,-2.35619,-1.57080,0.78540,1.17810,3.14159,3.14159,3.14159,-2.35619,-2.74889,-2.74889,1.57080,2.35619,-1.96350,-0.78540,-2.35619,1.57080,2.74889,3.14159,-1.57080,0.39270,-0.39270
15.50
-2.74889,-1.96350,-2.74889,-2.35619,-0.78540,3.14159,0.78540,-2.74889,-1.96350,-2.74889,1.57080,3.14159,2.74889,3.14159,0.39270,-1.17810,3.14159,2.35619,-1.96350,3.14159,3.14159,-0.39270,0.78540,1.17810,1.17810,3.14159,-1.96350,0.78540,0.39270,3.14159,3.14159,0.00000
16.46
-2.35619,-2.74889,-2.74889,-0.78540,-2.74889,1.96350,1.57080,3.14159,-2.74889,-2.74889,-1.57080,0.39270,0.00000,2.35619,-0.39270,-0.78540,-0.39270,-2.35619,2.35619,0.78540,3.14159,-0.78540,1.17810,0.39270,2.74889,3.14159,-2.74889,-2.35619,0.39270,1.96350,3.14159,-1.96350
18.74
-2.74889,-2.74889,-2.74889,-1.96350,-2.74889,1.57080,3.14159,3.14159,-2.74889,-2.74889,0.39270,1.57080,1.96350,3.14159,-0.39270,-1.17810,1.17810,0.39270,2.74889,2.35619,3.14159,-1.96350,-2.74889,0.39270,2.74889,3.14159,-2.74889,-2.74889,-1.96350,2.35619,3.14159,-2.35619
22.58
-1.96350,-1.96350,-2.74889,-1.17810,-2.74889,1.57080,2.74889,2.74889,-2.74889,-2.74889,1.17810,0.78540,2.35619,3.14159,-2.74889,-1.57080,0.00000,1.17810,0.78540,3.14159,3.14159,0.78540,-1.17810,-1.17810,1.17810,3.14159,-2.74889,-2.74889,0.39270,0.39270,1.96350,-2.74889
24.42
1.17810,1.57080,-2.74889,-1.57080,-2.74889,0.00000,-0.78540,3.14159,-2.74889,-2.74889,-1.17810,-0.78540,-2.74889,3.14159,-1.96350,-0.78540,0.00000,0.78540,1.17810,3.14159,3.14159,2.35619,-2.74889,-0.78540,1.96350,3.14159,-2.74889,-1.96350,-1.57080,1.57080,1.57080,3.14159
24.83
2.74889,-2.74889,-2.74889,0.00000,-2.74889,0.78540,1.57080,3.14159,-2.74889,0.00000,0.00000,1.57080,2.35619,3.14159,-0.78540,-2.74889,1.17810,-1.17810,3.14159,2.35619,-0.39270,-1.57080,0.39270,0.39270,2.35619,3.14159,-1.57080,-2.74889,1.57080,2.74889,2.74889,-2.35619
24.89
3.14159,-2.74889,-2.74889,-2.74889,-2.35619,-1.17810,3.14159,2.74889,-2.74889,-2.35619,-1.57080,-2.35619,1.57080,2.35619,-2.35619,-1.57080,-2.74889,1.57080,2.74889,3.14159,3.14159,-1.57080,-1.96350,-0.39270,1.17810,3.14159,-2.74889,-0.78540,-0.78540,0.39270,0.78540,-2.74889
27.87
2.35619,-1.96350,-2.35619,-1.96350,-1.17810,2.74889,0.00000,-2.74889,-2.74889,-0.39270,0.78540,0.78540,3.14159,3.14159,-1.96350,-1.17810,-1.96350,3.14159,1.96350,-2.74889,-1.96350,-1.17810,0.00000,1.96350,-2.74889,-2.74889,-2.74889,-1.17810,0.78540,1.96350,-2.74889,-2.35619
28.04
2.74889,2.74889,-2.74889,-2.74889,-1.96350,-0.39270,0.78540,2.74889,-2.74889,-1.17810,-0.39270,-0.39270,2.35619,2.74889,-1.96350,-1.96350,0.00000,2.35619,2.74889,-1.17810,1.96350,2.74889,1.17810,0.39270,2.35619,2.74889,-2.35619,-0.39270,-0.78540,2.35619,2.74889,-2.74889
29.06
1.96350,2.74889,-1.96350,-2.74889,-2.74889,-0.78540,3.14159,2.74889,-2.74889,-2.35619,-0.39270,1.17810,2.74889,3.14159,-2.74889,-1.17810,-0.78540,2.74889,2.35619,-2.35619,1.96350,-1.57080,-1.17810,1.57080,3.14159,3.14159,-2.35619,0.00000,0.39270,1.96350,3.14159,-2.74889
29.79
-2.74889,-1.17810,0.39270,-1.57080,-2.74889,1.17810,1.17810,2.74889,-2.74889,-1.57080,0.00000,2.35619,2.74889,3.14159,-1.17810,-1.17810,0.39270,1.17810,2.74889,-2.35619,1.57080,-2.35619,-0.39270,1.96350,3.14159,3.14159,-2.74889,-1.17810,0.39270,0.39270,2.35619,-2.74889
32.07
-2.35619,-2.74889,-2.74889,-2.35619,-1.57080,0.78540,1.57080,3.14159,-2.74889,-1.57080,-0.39270,1.96350,3.14159,3.14159,-1.96350,-2.74889,1.17810,-2.74889,3.14159,2.74889,3.14159,1.17810,-0.39270,0.78540,2.74889,3.14159,-2.35619,-1.57080,0.39270,1.57080,3.14159,-2.74889
32.19
-2.74889,-2.74889,-2.74889,0.00000,-2.74889,1.17810,3.14159,3.14159,-2.74889,-2.35619,0.00000,1.57080,3.14159,3.14159,-1.96350,0.00000,0.39270,-1.96350,3.14159,1.96350,3.14159,-1.96350,0.00000,1.57080,3.14159,3.14159,-2.35619,-1.57080,0.39270,1.57080,3.14159,-2.74889
33.97
-2.74889,-2.74889,-2.74889,-2.74889,0.39270,1.17810,2.74889,3.14159,-2.74889,-1.96350,0.00000,2.35619,3.14159,3.14159,-1.96350,-1.96350,0.78540,0.78540,3.14159,2.35619,3.14159,-1.57080,-0.78540,0.00000,2.74889,3.14159,-2.74889,-1.57080,0.39270,2.35619,3.14159,-2.74889
34.53
-2.74889,-2.74889,-2.74889,-1.57080,-1.17810,0.39270,2.74889,3.14159,-2.74889,-1.96350,0.78540,2.35619,3.14159,3.14159,-2.74889,-1.17810,0.39270,1.17810,3.14159,3.14159,3.14159,-1.96350,-0.78540,0.78540,3.14159,3.14159,-2.74889,-1.57080,-0.39270,1.57080,3.14159,-2.74889
35.38
-2.74889,-2.74889,-2.35619,-1.96350,-1.57080,-0.39270,3.14159,1.57080,-2.74889,-1.57080,-0.39270,1.57080,3.14159,3.14159,-1.96350,-1.17810,0.78540,0.39270,3.14159,2.35619,2.74889,-2.35619,-1.17810,1.17810,3.14159,3.14159,-2.74889,-0.39270,0.00000,1.96350,3.14159,-2.74889
36.37
-2.74889,-2.74889,-2.35619,-0.39270,-0.78540,0.00000,2.74889,3.14159,-2.74889,-1.96350,0.39270,1.57080,3.14159,3.14159,-1.96350,-1.57080,0.78540,1.96350,3.14159,2.35619,2.74889,-2.35619,-1.17810,1.17810,3.14159,3.14159,-2.74889,-0.39270,0.78540,2.35619,3.14159,-2.74889
39.15
-2.35619,-2.74889,-2.74889,-2.35619,-1.17810,0.39270,1.96350,2.35619,-2.74889,-2.35619,-0.39270,1.17810,3.14159,3.14159,-1.96350,-1.17810,-0.39270,1.17810,3.14159,1.96350,3.14159,-2.35619,-1.17810,1.17810,2.74889,3.14159,-2.74889,-1.57080,0.00000,1.96350,3.14159,-2.74889
39.26
-2.74889,-2.74889,-2.74889,-1.96350,-0.78540,0.39270,1.17810,3.14159,-2.74889,-1.17810,1.17810,2.35619,3.14159,3.14159,-0.78540,-0.39270,0.39270,2.35619,2.74889,2.74889,-2.74889,-2.35619,-0.39270,1.57080,1.96350,3.14159,-2.74889,-1.57080,0.39270,1.17810,2.74889,-2.74889
39.62
-2.74889,-2.35619,-2.74889,-1.96350,-1.96350,0.39270,2.35619,3.14159,-2.74889,-1.57080,-0.39270,0.78540,3.14159,3.14159,-1.57080,-0.39270,1.17810,0.78540,3.14159,3.14159,3.14159,-1.57080,-0.78540,1.57080,2.74889,3.14159,-2.74889,-1.57080,0.39270,2.35619,1.96350,-2.74889
39.87
-2.74889,-1.96350,-2.74889,-0.78540,-2.35619,1.17810,2.74889,3.14159,-2.74889,-1.17810,0.39270,1.17810,3.14159,3.14159,-1.57080,-1.57080,0.39270,1.17810,2.35619,-2.74889,3.14159,-0.78540,-1.17810,0.39270,2.74889,3.14159,-2.35619,-1.57080,0.39270,1.17810,2.74889,-2.74889
40.70
-2.74889,-2.74889,-1.57080,-2.74889,-1.17810,0.00000,2.35619,2.35619,-2.74889,-1.17810,0.00000,0.78540,3.14159,2.74889,-1.96350,-1.17810,0.39270,1.96350,2.74889,-1.57080,3.14159,-0.78540,-0.39270,0.78540,1.96350,3.14159,-2.74889,-0.39270,1.17810,0.78540,3.14159,-2.74889
43.97
-2.74889,-2.74889,-1.57080,0.00000,-0.39270,0.78540,1.57080,3.14159,-2.74889,-1.17810,-0.39270,0.39270,3.14159,3.14159,-2.35619,-1.17810,0.78540,2.35619,2.74889,-2.74889,3.14159,-1.96350,-1.17810,0.39270,1.96350,3.14159,-1.96350,-0.39270,0.39270,2.35619,2.35619,-2.74889
44.39
-2.74889,-2.74889,-2.74889,-1.57080,-0.78540,0.39270,2.35619,3.14159,-2.74889,-1.57080,0.00000,1.57080,3.14159,3.14159,-1.96350,-0.78540,1.17810,2.35619,1.96350,2.74889,3.14159,-0.78540,0.00000,0.78540,2.74889,3.14159,-2.74889,-1.17810,0.78540,1.17810,3.14159,-2.74889
44.74
-2.74889,-2.74889,-2.74889,-1.57080,-1.57080,0.78540,0.78540,3.14159,-2.74889,-1.96350,-0.39270,1.57080,3.14159,3.14159,-2.35619,-1.17810,0.78540,0.78540,1.96350,3.14159,3.14159,-1.17810,-0.39270,1.17810,1.96350,3.14159,-2.74889,-1.17810,0.78540,1.57080,2.74889,-2.74889
46.37
-2.74889,-2.74889,-2.74889,-1.96350,-1.96350,0.78540,1.96350,3.14159,-2.74889,-1.96350,0.00000,1.17810,2.74889,3.14159,-2.35619,-0.78540,0.78540,1.57080,2.35619,3.14159,3.14159,-0.78540,-0.39270,0.78540,1.57080,3.14159,-2.74889,-1.17810,0.39270,1.17810,3.14159,-2.74889
48.32
-2.74889,-2.74889,-2.35619,-1.96350,-1.57080,0.78540,1.17810,3.14159,-2.74889,-1.17810,0.00000,1.17810,2.74889,3.14159,-1.96350,-0.78540,1.17810,1.17810,1.96350,3.14159,3.14159,-1.96350,-0.78540,0.39270,1.96350,3.14159,-2.74889,-1.17810,0.78540,1.57080,3.14159,-2.74889
48.41
-2.74889,-2.74889,-2.74889,-1.17810,0.00000,0.00000,1.96350,3.14159,-2.74889,-1.17810,0.00000,1.57080,3.14159,3.14159,-1.57080,-0.39270,1.17810,1.57080,2.74889,3.14159,3.14159,-1.57080,-0.39270,0.78540,2.35619,3.14159,-2.74889,-0.78540,0.39270,1.57080,3.14159,-2.74889
49.36
-2.74889,-2.74889,-2.74889,-1.17810,-0.39270,-0.39270,1.96350,3.14159,-2.74889,-1.57080,0.00000,1.17810,2.35619,3.14159,-1.57080,-0.78540,0.78540,1.17810,2.35619,3.14159,3.14159,-1.17810,-0.39270,0.39270,2.35619,3.14159,-2.74889,-0.78540,0.39270,1.57080,3.14159,-2.74889
49.42
3.14159,-2.74889,-2.74889,-0.78540,0.00000,0.78540,1.57080,3.14159,-2.74889,-1.17810,0.00000,0.78540,2.35619,3.14159,-1.57080,-0.78540,1.17810,1.17810,2.74889,3.14159,3.14159,-1.17810,-0.39270,0.39270,1.96350,3.14159,-2.74889,-0.78540,0.00000,1.96350,3.14159,-2.74889
49.56
3.14159,-2.74889,-2.74889,-1.96350,-0.78540,0.39270,1.57080,3.14159,-2.74889,-1.57080,0.00000,1.57080,2.35619,3.14159,-1.96350,-0.39270,0.78540,2.35619,2.35619,3.14159,3.14159,-1.57080,-0.78540,1.17810,1.96350,3.14159,-2.74889,-0.78540,0.39270,1.96350,3.14159,-2.74889
50.18
3.14159,-2.74889,-2.74889,-0.78540,-0.78540,0.39270,1.96350,3.14159,-2.74889,-1.57080,0.00000,1.17810,2.35619,3.14159,-1.96350,-0.39270,0.78540,1.57080,2.74889,3.14159,3.14159,-1.96350,-0.39270,0.78540,1.96350,3.14159,-2.74889,-1.17810,0.78540,1.57080,3.14159,-2.74889
50.29
3.14159,-2.74889,-2.74889,-1.17810,0.00000,0.39270,1.57080,3.14159,-2.74889,-1.17810,0.00000,1.17810,1.96350,3.14159,-1.96350,-0.39270,0.78540,1.17810,1.96350,3.14159,3.14159,-1.17810,-1.17810,0.78540,1.96350,3.14159,-2.74889,-0.78540,0.39270,1.17810,3.14159,-2.74889
50.39
3.14159,-2.74889,-2.74889,-0.78540,-0.78540,0.78540,1.57080,3.14159,-2.74889,-1.17810,0.00000,1.17810,2.35619,3.14159,-1.17810,-0.39270,0.78540,1.57080,2.35619,3.14159,3.14159,-1.57080,-0.39270,1.17810,2.35619,3.14159,-2.74889,-0.39270,0.39270,1.57080,3.14159,-2.74889
50.54
3.14159,-2.74889,-2.74889,-1.96350,-1.17810,0.78540,1.96350,3.14159,-2.74889,-1.57080,0.00000,1.17810,2.35619,3.14159,-1.96350,-0.78540,0.39270,1.57080,2.35619,3.14159,3.14159,-1.17810,-0.78540,0.78540,1.96350,3.14159,-2.74889,-0.78540,0.00000,1.57080,3.14159,-2.74889
51.32
3.14159,-2.74889,-2.74889,-1.17810,-0.39270,0.39270,1.17810,3.14159,-2.74889,-1.17810,0.00000,0.78540,2.35619,3.14159,-1.96350,-0.39270,0.78540,1.57080,1.57080,3.14159,3.14159,-1.57080,-0.78540,0.78540,1.96350,3.14159,-2.74889,-0.78540,0.39270,1.57080,3.14159,-2.74889
51.70
3.14159,-2.74889,-2.74889,-1.17810,-0.78540,0.00000,1.57080,3.14159,-2.74889,-1.17810,0.00000,1.17810,2.35619,3.14159,-1.57080,-0.39270,0.78540,1.57080,2.35619,-2.74889,-2.74889,-1.57080,-0.39270,0.78540,1.57080,3.14159,-2.74889,-0.78540,0.39270,1.57080,3.14159,-2.74889
51.73
3.14159,-2.74889,-2.35619,-1.57080,-0.78540,0.39270,1.57080,3.14159,-2.74889,-1.57080,-0.39270,1.17810,2.35619,3.14159,-1.57080,-0.39270,0.78540,1.57080,2.35619,-2.74889,-2.74889,-1.57080,-0.39270,0.78540,2.35619,3.14159,-2.74889,-0.78540,0.39270,1.57080,3.14159,-2.74889
52.10
3.14159,-2.74889,-1.96350,-1.57080,-0.78540,0.78540,1.57080,3.14159,-2.74889,-1.57080,0.00000,1.17810,2.35619,3.14159,-1.57080,-0.39270,0.78540,1.57080,1.57080,-2.74889,-2.74889,-1.17810,-0.39270,0.78540,1.96350,3.14159,-2.74889,-0.78540,0.39270,1.57080,3.14159,-2.74889
52.16
3.14159,-2.74889,-1.96350,-1.57080,-0.78540,0.78540,1.96350,3.14159,-2.74889,-1.17810,0.00000,0.78540,2.35619,3.14159,-1.57080,-0.39270,0.78540,1.57080,1.57080,-2.74889,-2.74889,-1.57080,-0.78540,0.39270,1.96350,3.14159,-2.35619,-0.78540,0.00000,1.57080,3.14159,-2.74889
52.40
2.35619,-2.74889,-1.96350,-1.17810,-0.78540,0.39270,1.57080,3.14159,-2.74889,-1.57080,0.00000,0.78540,2.35619,3.14159,-1.57080,-0.78540,0.39270,1.57080,1.96350,-2.74889,-2.74889,-1.57080,-0.78540,0.78540,1.96350,3.14159,-2.74889,-0.78540,0.39270,1.17810,3.14159,-2.74889
52.52
3.14159,-2.74889,-2.35619,-1.96350,-1.17810,0.39270,1.57080,3.14159,-2.74889,-1.17810,-0.39270,0.78540,2.35619,3.14159,-1.57080,-0.39270,0.39270,1.57080,2.35619,-2.74889,-2.74889,-1.57080,-0.78540,0.78540,1.96350,3.14159,-2.35619,-0.78540,0.39270,1.57080,3.14159,-2.74889
52.78
3.14159,-2.74889,-1.96350,-1.17810,-0.78540,0.39270,1.57080,3.14159,-2.74889,-1.57080,0.00000,0.78540,2.35619,3.14159,-1.96350,-0.39270,0.39270,1.17810,2.35619,-2.74889,-2.74889,-1.57080,-0.39270,0.78540,1.57080,3.14159,-2.35619,-0.78540,0.00000,1.57080,3.14159,-2.74889
53.02
3.14159,-2.74889,-1.17810,-1.96350,-0.39270,0.39270,1.57080,3.14159,-2.74889,-1.17810,0.00000,1.17810,2.35619,3.14159,-1.96350,-0.39270,1.17810,1.17810,1.96350,-2.74889,-2.74889,-1.57080,-0.78540,0.78540,1.96350,3.14159,-1.96350,-0.78540,0.39270,1.57080,3.14159,-2.74889
53.03
3.14159,-2.74889,-1.57080,-1.96350,-0.78540,0.00000,1.96350,3.14159,-2.74889,-1.17810,0.00000,1.17810,2.35619,3.14159,-1.96350,-0.39270,0.78540,1.17810,2.35619,-2.74889,-2.74889,-1.57080,-0.78540,0.78540,1.96350,3.14159,-1.96350,-0.78540,0.39270,1.57080,3.14159,-2.74889
53.23
3.14159,-2.74889,-1.96350,-1.57080,-0.39270,0.00000,1.57080,3.14159,-2.74889,-1.17810,0.00000,1.17810,2.35619,3.14159,-1.57080,-0.39270,0.39270,1.57080,2.35619,-2.74889,-2.74889,-1.57080,-0.39270,0.78540,1.96350,3.14159,-1.96350,-0.39270,0.39270,1.17810,3.14159,-2.74889
53.64
3.14159,-2.74889,-1.96350,-0.78540,-0.39270,0.39270,1.57080,3.14159,-2.74889,-1.57080,0.00000,1.17810,2.35619,3.14159,-1.96350,-0.39270,0.78540,1.17810,1.96350,-2.74889,-2.74889,-1.57080,-0.39270,0.78540,1.96350,3.14159,-1.96350,-0.78540,0.39270,1.57080,3.14159,-2.74889
53.68
2.35619,-2.74889,-1.96350,-1.57080,-0.78540,0.78540,1.57080,2.74889,-2.74889,-1.57080,0.00000,1.17810,1.96350,3.14159,-1.57080,-0.39270,0.39270,1.17810,2.35619,-2.74889,-2.74889,-1.57080,-0.39270,0.78540,1.96350,3.14159,-2.35619,-0.78540,0.00000,1.57080,3.14159,-2.74889
53.69
2.74889,-2.35619,-1.57080,-1.57080,-0.78540,0.39270,1.57080,3.14159,-2.74889,-1.17810,0.00000,1.17810,2.35619,3.14159,-1.57080,-0.39270,0.39270,1.17810,2.35619,-2.74889,-2.74889,-1.57080,-0.39270,0.39270,1.96350,3.14159,-1.57080,-0.78540,0.39270,1.57080,3.14159,-2.74889
54.02
2.35619,-2.74889,-1.57080,-1.57080,-0.39270,0.00000,1.57080,2.74889,-2.74889,-1.57080,0.00000,1.17810,1.96350,3.14159,-1.57080,-0.39270,0.39270,1.57080,1.96350,-2.74889,-2.74889,-1.57080,-0.78540,0.78540,1.96350,3.14159,-1.96350,-0.78540,0.39270,1.57080,3.14159,-2.74889
54.05
2.74889,-2.74889,-1.57080,-1.57080,-0.78540,0.39270,1.57080,3.14159,-2.74889,-1.57080,0.00000,1.17810,1.96350,3.14159,-1.57080,-0.39270,0.78540,1.57080,2.35619,-2.74889,-2.74889,-1.57080,-0.39270,0.78540,1.96350,3.14159,-1.96350,-0.78540,0.39270,1.57080,3.14159,-2.74889
54.07
3.14159,-2.74889,-1.17810,-1.17810,-0.39270,0.39270,1.17810,2.74889,-2.74889,-1.17810,0.00000,1.17810,2.35619,3.14159,-1.57080,-0.39270,0.39270,1.17810,2.35619,-2.74889,-2.74889,-1.17810,-0.39270,0.78540,1.96350,3.14159,-1.96350,-0.78540,0.39270,1.57080,3.14159,-2.74889
54.14
2.74889,-2.74889,-1.57080,-1.17810,-0.78540,0.39270,1.17810,2.74889,-2.74889,-1.57080,0.00000,1.17810,1.96350,3.14159,-1.57080,-0.39270,0.39270,1.57080,1.96350,-2.74889,-2.74889,-1.57080,-0.78540,0.78540,1.96350,3.14159,-1.96350,-0.78540,0.39270,1.57080,3.14159,-2.74889
54.55
2.74889,-2.74889,-1.96350,-0.78540,-0.39270,0.39270,1.17810,3.14159,-2.74889,-1.17810,0.00000,1.17810,2.35619,3.14159,-1.57080,-0.39270,0.78540,1.57080,2.35619,-2.74889,-2.74889,-1.57080,-0.39270,0.78540,1.96350,3.14159,-1.96350,-0.78540,0.39270,1.57080,2.74889,-2.74889
54.88
2.74889,-2.74889,-1.96350,-1.17810,-0.78540,0.39270,1.57080,2.74889,-2.74889,-1.17810,0.00000,1.17810,2.35619,3.14159,-1.57080,-0.39270,0.78540,1.57080,1.96350,-2.74889,-2.74889,-1.57080,-0.39270,0.78540,1.96350,3.14159,-1.96350,-0.78540,0.39270,1.57080,3.14159,-2.74889
55.00
2.74889,-2.74889,-1.96350,-1.17810,-0.39270,0.00000,1.57080,2.74889,-2.74889,-1.17810,0.00000,1.17810,2.35619,3.14159,-1.57080,-0.39270,0.39270,1.57080,2.35619,-2.74889,-2.74889,-1.57080,-0.39270,0.78540,1.96350,3.14159,-1.96350,-0.78540,0.39270,1.57080,2.74889,-2.74889
55.06
2.74889,-2.74889,-1.96350,-1.57080,-0.39270,0.39270,1.57080,2.74889,-2.74889,-1.17810,0.00000,1.17810,2.35619,3.14159,-1.57080,-0.39270,0.78540,1.96350,1.96350,-2.74889,-2.74889,-1.57080,-0.39270,0.78540,1.96350,3.14159,-1.96350,-0.78540,0.39270,1.57080,2.74889,-2.74889
55.09
2.35619,-2.35619,-1.96350,-1.57080,-0.39270,0.39270,1.57080,3.14159,-2.74889,-1.17810,0.00000,1.17810,2.35619,3.14159,-1.57080,-0.39270,0.39270,1.17810,1.96350,3.14159,-2.74889,-1.57080,-0.39270,0.78540,1.96350,3.14159,-1.96350,-0.78540,0.39270,1.57080,2.74889,-2.35619
55.40
2.74889,-2.74889,-1.96350,-1.17810,-0.39270,0.39270,1.57080,2.74889,-2.35619,-1.17810,0.00000,1.17810,2.35619,3.14159,-1.57080,-0.39270,0.78540,1.57080,1.96350,-2.74889,-2.74889,-1.57080,-0.39270,0.78540,1.96350,3.14159,-1.96350,-0.78540,0.39270,1.57080,2.74889,-2.74889
