1.41
0.00000,0.00000,0.00000,0.00000,0.00000,0.00000,0.00000,0.00000,0.00000,0.00000,0.00000,0.00000,0.00000,0.00000,0.00000,0.00000,0.00000,0.00000,0.00000,0.00000,0.00000,0.00000,0.00000,0.00000,0.00000,0.00000,0.00000,0.00000,0.00000,0.00000,0.00000,0.00000
2.67
0.00000,0.39270,0.39270,1.17810,-0.39270,0.00000,0.39270,0.78540,0.78540,-0.39270,-0.78540,0.00000,1.17810,0.39270,-1.57080,-0.39270,0.39270,0.39270,-0.39270,1.57080,-1.57080,0.00000,0.39270,1.57080,0.39270,-1.17810,1.17810,1.17810,-0.39270,0.78540,0.78540,0.00000
3.44
3.14159,0.39270,-1.17810,0.78540,1.57080,-1.17810,-1.96350,0.78540,3.14159,1.57080,-2.74889,-1.57080,3.14159,1.57080,0.78540,-2.74889,1.17810,-0.39270,-2.35619,1.17810,0.78540,-1.17810,-0.78540,-0.39270,-2.74889,-0.78540,1.96350,-1.57080,-1.57080,1.96350,0.78540,0.39270
6.55
1.96350,-0.78540,0.00000,0.39270,2.74889,-1.96350,-2.74889,-0.78540,3.14159,1.96350,-2.74889,-1.57080,3.14159,2.35619,0.78540,-2.74889,1.17810,-0.39270,-1.96350,1.17810,1.17810,-1.17810,-1.17810,-1.96350,0.39270,-1.57080,1.57080,-1.57080,-2.35619,1.17810,0.00000,1.17810
7.35
1.57080,3.14159,0.39270,3.14159,1.57080,-1.57080,-1.57080,-1.57080,1.17810,0.78540,-2.74889,0.00000,2.74889,3.14159,-2.74889,-2.74889,-0.78540,-1.57080,-2.74889,1.57080,-2.74889,3.14159,3.14159,-1.17810,2.35619,1.96350,2.35619,2.74889,-2.74889,1.96350,0.78540,3.14159
8.90
0.00000,2.74889,-2.74889,3.14159,-0.78540,-0.39270,-2.35619,3.14159,-1.96350,-1.57080,1.17810,1.96350,-2.74889,3.14159,-1.96350,-1.17810,0.78540,-2.74889,-2.74889,-0.78540,3.14159,-1.17810,1.96350,2.35619,3.14159,-2.74889,0.39270,3.14159,-1.96350,-1.96350,3.14159,3.14159
11.31
1.57080,3.14159,-1.17810,-1.96350,-2.74889,0.39270,3.14159,-2.74889,3.14159,0.00000,0.00000,1.17810,-1.17810,-2.74889,-2.74889,0.00000,1.17810,-2.74889,2.74889,-2.74889,0.00000,-2.74889,0.00000,-0.39270,-2.74889,-1.17810,-2.74889,-2.74889,0.78540,1.57080,-2.74889,-1.57080
11.39
-1.57080,-1.57080,-2.35619,-1.57080,1.57080,-2.35619,-2.74889,-2.74889,0.39270,0.39270,-2.74889,-2.74889,-2.35619,3.14159,-1.57080,-2.74889,-2.74889,-2.74889,-2.74889,-1.96350,0.78540,-2.74889,3.14159,-2.74889,-1.17810,0.39270,3.14159,2.74889,3.14159,-1.96350,3.14159,-0.39270
12.61
2.35619,-1.17810,-0.78540,2.74889,0.78540,1.17810,0.39270,-0.78540,1.57080,1.96350,-2.74889,-1.57080,-1.17810,2.35619,0.78540,-1.96350,-2.35619,-1.96350,-2.74889,-0.39270,0.00000,1.96350,3.14159,-1.57080,-1.57080,-0.78540,2.35619,3.14159,2.74889,-0.39270,2.35619,-0.39270
15.15
3.14159,1.17810,-0.78540,3.14159,-2.35619,3.14159,0.00000,-0.78540,3.14159,2.35619,-2.74889,3.14159,-2.74889,-0.78540,1.57080,1.57080,-2.74889,-2.35619,0.00000,1.17810,-1.57080,3.14159,3.14159,-2.74889,-1.17810,1.17810,3.14159,3.14159,-1.57080,-0.78540,-0.78540,1.96350
18.00
3.14159,-1.57080,0.78540,-2.74889,-2.35619,3.14159,1.96350,-2.74889,-2.74889,0.00000,1.57080,2.35619,-2.74889,-2.74889,-1.57080,0.39270,3.14159,-0.39270,-2.74889,-2.35619,0.78540,-1.17810,1.17810,-2.74889,-2.35619,3.14159,0.39270,3.14159,1.17810,3.14159,-1.57080,-0.78540
18.80
2.35619,3.14159,2.74889,-2.74889,-1.57080,0.78540,0.78540,2.35619,-2.74889,-2.74889,-2.74889,0.39270,-2.74889,-2.74889,-1.17810,-0.39270,-0.39270,1.57080,1.17810,0.78540,3.14159,-2.74889,0.00000,2.35619,0.00000,2.74889,-2.74889,-0.39270,1.57080,3.14159,2.74889,-2.74889
19.75
1.96350,2.74889,-2.74889,-1.57080,-1.17810,-0.39270,2.35619,-2.74889,-2.74889,-2.74889,0.39270,2.74889,-2.74889,-2.74889,-1.17810,-0.78540,0.39270,2.74889,-2.74889,-2.74889,-0.78540,-2.74889,2.74889,3.14159,-2.74889,-1.96350,-1.96350,1.17810,1.96350,-1.96350,-2.74889,-2.74889
19.91
-2.74889,-1.96350,-2.74889,2.74889,3.14159,-1.57080,-2.74889,-0.39270,1.57080,2.74889,-2.74889,-1.96350,0.78540,0.78540,2.74889,-2.74889,-2.74889,-2.35619,-0.39270,1.57080,-2.74889,2.74889,2.35619,-1.57080,0.00000,2.74889,3.14159,3.14159,-1.57080,2.35619,1.96350,1.17810
20.53
2.35619,3.14159,-1.17810,-1.17810,-2.35619,2.35619,2.74889,-2.74889,-2.74889,-2.74889,0.00000,2.74889,-2.74889,-2.74889,-2.74889,1.96350,1.17810,2.35619,-2.74889,-2.74889,3.14159,-2.35619,1.57080,2.35619,-2.74889,-2.74889,-1.57080,0.00000,1.96350,-2.74889,-2.74889,-2.74889
22.71
0.39270,2.74889,2.74889,-2.35619,3.14159,-1.96350,-0.39270,0.00000,3.14159,3.14159,-2.74889,0.00000,2.35619,2.35619,3.14159,3.14159,-2.35619,0.78540,0.78540,3.14159,-2.74889,-2.74889,-0.39270,0.78540,2.74889,-2.74889,-2.35619,-0.78540,-1.17810,3.14159,3.14159,3.14159
22.95
2.74889,-2.35619,0.39270,-1.17810,-2.35619,3.14159,3.14159,-1.17810,-2.35619,0.39270,0.78540,2.74889,-2.35619,-2.35619,0.39270,0.39270,3.14159,-2.74889,-2.74889,-1.96350,-0.39270,-1.96350,1.96350,-2.74889,-2.74889,3.14159,1.17810,1.17810,1.57080,2.74889,-1.96350,-0.39270
23.76
2.74889,2.74889,3.14159,-2.74889,1.57080,-1.57080,0.78540,3.14159,3.14159,3.14159,-0.78540,1.17810,1.96350,3.14159,3.14159,3.14159,-0.39270,1.57080,1.17810,0.78540,-2.74889,-2.74889,-0.39270,1.57080,2.74889,-2.74889,-2.74889,-1.96350,-0.39270,2.74889,3.14159,3.14159
24.73
-1.57080,2.74889,3.14159,-1.96350,1.96350,-0.78540,1.57080,0.78540,3.14159,3.14159,0.00000,0.39270,2.35619,3.14159,3.14159,2.74889,0.78540,0.78540,-2.74889,1.17810,-2.74889,-1.17810,0.00000,0.39270,3.14159,-1.96350,-1.96350,-1.17810,0.78540,2.35619,2.74889,3.14159
25.50
-2.74889,-2.74889,-2.74889,2.35619,-2.74889,1.17810,2.35619,-2.35619,-2.74889,-1.57080,1.17810,2.35619,-2.74889,-2.74889,-2.74889,0.78540,2.35619,2.35619,-2.74889,-2.35619,1.17810,0.39270,1.57080,2.74889,-2.35619,-1.96350,-0.39270,2.35619,2.35619,-2.74889,-1.96350,-2.74889
28.41
2.35619,3.14159,3.14159,-2.35619,1.17810,-1.57080,1.57080,1.57080,3.14159,3.14159,-1.57080,0.00000,1.96350,3.14159,3.14159,3.14159,-2.35619,0.00000,2.35619,3.14159,-2.74889,-2.74889,-1.96350,0.39270,2.35619,-2.74889,-2.74889,-1.57080,-0.39270,1.96350,3.14159,3.14159
30.38
1.96350,3.14159,3.14159,-2.74889,-1.96350,-1.17810,2.35619,2.74889,3.14159,3.14159,-1.17810,1.57080,-0.39270,3.14159,3.14159,0.00000,-0.39270,1.17810,1.17810,0.00000,-2.74889,-1.96350,-0.39270,1.17810,1.96350,-2.74889,-2.35619,-0.39270,0.00000,2.74889,3.14159,-1.96350
31.33
1.57080,3.14159,3.14159,-2.74889,-1.96350,-1.17810,0.78540,2.74889,3.14159,3.14159,-1.57080,0.78540,1.57080,3.14159,3.14159,-1.17810,0.00000,0.39270,1.17810,0.78540,-2.74889,-2.35619,-0.78540,2.35619,2.35619,-2.35619,-2.35619,-1.17810,0.39270,2.74889,3.14159,1.17810
31.66
-0.39270,1.96350,3.14159,-1.17810,1.57080,-0.78540,0.78540,0.39270,3.14159,2.74889,-1.17810,1.17810,0.39270,2.74889,3.14159,-0.78540,0.00000,0.78540,-2.35619,-2.74889,-2.74889,-2.35619,-0.78540,-0.39270,1.96350,-2.74889,-2.35619,-1.17810,-0.78540,1.17810,3.14159,2.74889
32.87
1.57080,2.35619,0.00000,-2.74889,-1.96350,0.00000,1.57080,-2.35619,-2.74889,-1.96350,-0.78540,1.57080,-2.74889,-2.74889,-2.35619,-0.78540,2.74889,1.96350,-2.74889,-2.74889,-2.74889,-1.57080,0.39270,1.17810,-2.74889,-2.74889,-1.17810,0.00000,0.00000,2.35619,-2.74889,-2.74889
34.19
-2.35619,-1.17810,-2.74889,-2.35619,-0.39270,1.57080,1.17810,-2.74889,-2.74889,-1.57080,0.00000,2.74889,-2.74889,-2.74889,-1.57080,-0.39270,1.57080,1.57080,-2.74889,-2.74889,2.74889,-0.39270,1.17810,1.57080,-2.74889,-2.74889,-0.39270,1.17810,2.35619,-2.74889,-2.74889,-1.57080
35.33
-2.74889,-2.35619,-2.74889,-2.74889,0.00000,2.35619,2.74889,-2.74889,-2.74889,-1.17810,-0.39270,1.96350,-2.74889,-2.74889,-1.17810,-0.39270,0.78540,1.96350,-2.74889,-1.96350,3.14159,0.39270,0.78540,1.57080,-2.74889,-1.17810,-0.39270,0.78540,2.35619,-2.74889,-2.74889,-2.35619
35.42
1.57080,-2.74889,-1.96350,-2.35619,-1.17810,1.57080,2.74889,-2.74889,-2.74889,-1.17810,0.39270,1.57080,-2.74889,-2.74889,-1.57080,-0.39270,1.57080,2.35619,-2.74889,-2.74889,3.14159,-1.96350,-0.78540,1.57080,-2.74889,-2.74889,0.00000,1.17810,1.57080,-2.74889,-2.74889,-1.96350
36.43
-0.39270,-1.57080,-1.17810,-2.74889,-0.39270,0.78540,2.74889,-2.74889,-2.74889,-1.17810,0.39270,1.96350,-2.74889,-2.74889,-1.17810,0.78540,1.96350,1.96350,-2.74889,-2.74889,3.14159,-0.39270,1.17810,1.96350,-2.74889,-2.74889,-0.39270,0.78540,1.96350,-2.74889,-2.74889,-2.35619
36.57
1.57080,-2.74889,-2.74889,-2.74889,-1.57080,0.78540,1.17810,-2.74889,-2.74889,-1.57080,0.78540,1.57080,-2.74889,-2.74889,-1.57080,-0.78540,1.57080,0.78540,-2.74889,-1.96350,3.14159,-1.57080,1.17810,2.35619,-2.74889,-2.74889,-0.39270,0.78540,1.17810,-2.74889,-2.74889,-1.96350
38.14
1.17810,-2.74889,-1.96350,-2.74889,0.00000,0.78540,1.96350,-2.74889,-2.74889,-0.39270,1.17810,2.35619,-2.74889,-2.74889,-1.17810,0.78540,0.78540,1.57080,-2.74889,-2.74889,3.14159,-0.78540,0.78540,1.57080,-2.74889,-2.74889,0.00000,1.17810,1.17810,-2.74889,-2.74889,-1.17810
38.51
2.35619,-2.35619,-0.39270,-2.74889,0.39270,0.78540,3.14159,-2.74889,-2.74889,-1.17810,0.00000,1.17810,-2.74889,-2.74889,0.00000,0.00000,0.78540,1.96350,-2.74889,-2.74889,3.14159,-0.78540,0.39270,1.57080,-2.74889,-2.74889,-0.39270,0.00000,0.78540,-2.74889,-2.74889,-1.17810
38.54
2.35619,-2.74889,-1.17810,-2.74889,-0.78540,0.39270,1.96350,-2.74889,-2.74889,-0.39270,0.39270,1.57080,-2.74889,-2.74889,-1.96350,0.39270,1.96350,0.39270,-2.74889,-1.57080,2.74889,-0.78540,0.78540,1.57080,-2.74889,-2.74889,0.00000,0.39270,1.17810,-2.74889,-2.74889,-0.39270
40.74
1.96350,3.14159,-2.35619,-2.74889,0.39270,0.78540,2.74889,-2.74889,-2.74889,-1.17810,0.00000,1.96350,-2.74889,-2.74889,-1.96350,0.00000,2.35619,2.35619,-2.74889,-2.74889,-2.74889,-0.78540,0.39270,1.96350,-2.74889,-2.74889,-0.39270,0.39270,1.57080,3.14159,-2.74889,-2.35619
41.98
1.57080,-2.74889,-2.74889,-1.17810,-1.17810,1.17810,1.96350,-2.74889,-2.74889,-1.57080,-0.39270,1.57080,-2.74889,-2.74889,-1.57080,-0.39270,1.17810,2.35619,-2.74889,-1.96350,2.74889,-1.17810,0.39270,1.57080,-2.74889,-2.74889,-1.17810,0.39270,1.17810,-2.74889,-2.74889,-0.39270
43.04
2.74889,3.14159,-2.74889,-2.35619,-0.39270,1.17810,2.35619,-2.74889,-2.74889,-0.78540,0.00000,1.57080,-2.74889,-2.74889,-0.78540,0.00000,2.35619,2.35619,-2.74889,-2.74889,-1.96350,-1.57080,0.39270,1.17810,-2.74889,-2.74889,-1.57080,0.39270,1.57080,3.14159,-2.74889,-1.96350
46.67
2.35619,3.14159,-2.74889,-1.96350,0.39270,0.39270,2.35619,-2.74889,-2.74889,-0.78540,0.00000,1.57080,-2.74889,-2.74889,-0.78540,0.39270,1.96350,2.74889,-2.74889,-2.74889,-1.57080,-0.39270,0.39270,1.57080,-2.74889,-2.74889,-1.17810,0.00000,1.57080,3.14159,-2.74889,-1.57080
46.88
1.96350,3.14159,-2.74889,-1.57080,-1.57080,0.39270,1.17810,-2.74889,-2.74889,-1.17810,0.39270,0.78540,-2.74889,-2.74889,-1.96350,-0.39270,1.57080,2.35619,-2.74889,-2.74889,-1.57080,-0.78540,0.39270,1.96350,-2.74889,-2.74889,-0.78540,0.00000,1.57080,3.14159,-2.74889,-1.57080
46.96
1.57080,3.14159,-2.74889,-0.78540,-0.78540,-0.78540,1.17810,3.14159,-2.74889,-1.57080,0.00000,1.17810,2.35619,-2.74889,-1.57080,-0.39270,0.78540,1.96350,2.74889,2.35619,-2.74889,-1.17810,0.00000,0.78540,3.14159,-2.74889,-1.96350,0.00000,0.39270,3.14159,3.14159,-2.35619
47.18
1.57080,3.14159,-2.74889,-1.96350,-1.57080,0.00000,1.57080,3.14159,-2.74889,-1.57080,-0.39270,0.78540,2.35619,-2.74889,-1.96350,0.39270,0.78540,1.96350,2.35619,3.14159,-2.74889,-1.17810,0.00000,0.39270,3.14159,-2.74889,-1.17810,0.78540,1.17810,3.14159,3.14159,-0.78540
47.19
1.96350,3.14159,-2.74889,-2.35619,-2.35619,0.00000,0.78540,2.74889,-2.74889,-1.17810,-0.39270,1.17810,1.57080,-2.74889,-1.17810,0.00000,0.78540,1.57080,2.35619,1.96350,-2.74889,-1.17810,0.00000,0.78540,3.14159,-2.74889,-0.78540,0.39270,1.17810,3.14159,3.14159,-1.96350
47.68
1.96350,3.14159,-2.74889,-1.96350,-1.96350,0.00000,1.57080,3.14159,-2.74889,-1.57080,0.00000,0.39270,2.74889,-2.74889,-1.17810,-0.39270,0.78540,1.96350,2.74889,2.74889,-2.74889,-1.17810,0.00000,0.78540,3.14159,-2.74889,-1.17810,0.39270,0.78540,3.14159,3.14159,-2.35619
49.97
1.57080,3.14159,-2.74889,-2.35619,-1.57080,0.39270,1.57080,3.14159,-2.74889,-1.57080,0.00000,0.78540,2.74889,-2.74889,-1.17810,0.00000,0.39270,2.35619,2.74889,2.74889,-2.74889,-0.39270,0.00000,1.17810,3.14159,-2.74889,-1.17810,0.00000,1.17810,3.14159,3.14159,-1.57080
51.17
2.35619,3.14159,-2.74889,-1.57080,-1.17810,0.00000,1.57080,3.14159,-2.74889,-1.57080,0.00000,0.78540,2.35619,-2.74889,-1.17810,0.39270,1.17810,1.96350,2.74889,3.14159,-2.74889,-1.17810,0.39270,1.57080,3.14159,-2.74889,-1.17810,0.39270,1.57080,3.14159,3.14159,-1.17810
51.66
2.35619,3.14159,-2.74889,-1.57080,-0.78540,0.39270,1.17810,3.14159,-2.74889,-1.17810,0.00000,0.78540,2.35619,-2.74889,-1.57080,0.00000,0.78540,1.57080,2.74889,3.14159,-2.74889,-0.39270,0.00000,1.57080,3.14159,-2.74889,-0.78540,0.00000,1.17810,3.14159,3.14159,-1.57080
52.10
2.35619,3.14159,-2.74889,-2.35619,-0.78540,0.00000,1.17810,3.14159,-2.74889,-1.57080,0.00000,0.78540,2.35619,-2.74889,-1.96350,-0.39270,0.78540,1.96350,2.74889,3.14159,-2.74889,-1.17810,0.00000,1.17810,3.14159,-2.74889,-1.17810,0.00000,1.17810,3.14159,3.14159,-1.17810
52.10
2.35619,3.14159,-2.74889,-1.96350,-0.39270,0.39270,1.17810,3.14159,-2.74889,-1.57080,-0.39270,1.17810,2.35619,-2.74889,-1.57080,-0.39270,0.78540,1.96350,3.14159,3.14159,-2.74889,-1.17810,0.00000,1.57080,3.14159,-2.74889,-1.17810,0.00000,1.17810,3.14159,3.14159,-1.17810
52.20
1.96350,3.14159,-2.74889,-1.57080,-0.78540,0.00000,1.17810,3.14159,-2.74889,-1.17810,-0.39270,0.78540,2.35619,-2.74889,-1.57080,-0.39270,0.78540,2.35619,2.74889,3.14159,-2.74889,-0.78540,0.39270,1.57080,3.14159,-2.74889,-1.17810,0.00000,1.17810,3.14159,3.14159,-1.57080
52.72
1.57080,3.14159,-2.74889,-1.57080,-0.78540,0.00000,1.17810,3.14159,-2.74889,-1.57080,-0.39270,1.17810,2.35619,-2.74889,-1.57080,-0.39270,0.78540,1.96350,2.74889,3.14159,-2.74889,-1.17810,0.00000,1.17810,3.14159,-2.74889,-1.17810,0.00000,1.17810,3.14159,3.14159,-1.57080
52.75
1.96350,3.14159,-2.74889,-1.57080,-0.78540,0.00000,1.17810,3.14159,-2.74889,-1.17810,0.00000,1.17810,2.35619,-2.74889,-1.57080,0.00000,0.78540,1.96350,2.74889,3.14159,-2.74889,-1.17810,0.39270,1.17810,3.14159,-2.74889,-1.17810,0.00000,1.17810,3.14159,3.14159,-1.17810
53.18
1.96350,3.14159,-2.74889,-1.57080,-0.78540,0.39270,1.17810,3.14159,-2.74889,-1.57080,0.00000,0.78540,2.35619,-2.74889,-1.57080,0.00000,0.78540,1.96350,2.74889,3.14159,-2.74889,-1.17810,0.00000,1.57080,2.74889,-2.74889,-1.17810,0.00000,1.17810,3.14159,3.14159,-1.57080
53.35
1.96350,3.14159,-2.74889,-1.96350,-1.17810,0.39270,1.57080,2.74889,-2.74889,-1.57080,0.00000,1.17810,2.35619,-2.74889,-1.57080,0.00000,0.78540,1.96350,2.74889,3.14159,-2.74889,-0.78540,0.39270,1.17810,3.14159,-2.74889,-1.17810,0.00000,1.17810,3.14159,3.14159,-1.57080
53.61
1.96350,3.14159,-2.74889,-2.35619,-0.78540,0.00000,1.17810,3.14159,-2.74889,-1.17810,-0.39270,1.17810,2.35619,-2.74889,-1.57080,-0.39270,0.78540,1.96350,3.14159,3.14159,-2.35619,-1.17810,0.00000,1.57080,3.14159,-2.74889,-1.17810,0.00000,1.17810,2.74889,3.14159,-1.17810
53.84
1.96350,3.14159,-2.74889,-1.96350,-0.78540,0.39270,1.17810,2.74889,-2.74889,-1.17810,-0.39270,1.17810,2.74889,-2.74889,-1.57080,0.00000,1.17810,1.57080,2.74889,3.14159,-2.74889,-1.17810,0.00000,1.17810,3.14159,-2.74889,-1.17810,0.00000,1.17810,2.35619,3.14159,-1.57080
54.15
1.96350,3.14159,-2.74889,-1.96350,-0.78540,0.00000,1.17810,2.74889,-2.74889,-1.57080,0.00000,1.17810,2.35619,-2.74889,-1.17810,0.00000,1.17810,1.96350,2.74889,3.14159,-2.74889,-1.17810,0.39270,1.17810,3.14159,-2.74889,-1.17810,0.00000,1.17810,2.35619,3.14159,-1.57080
54.42
1.96350,3.14159,-2.74889,-1.96350,-0.78540,0.39270,1.17810,2.74889,-2.74889,-1.17810,0.00000,1.17810,2.35619,-2.74889,-1.57080,-0.39270,0.78540,1.96350,2.74889,3.14159,-2.74889,-1.17810,0.39270,1.17810,2.74889,-2.74889,-1.57080,0.00000,1.17810,2.74889,3.14159,-1.96350
54.55
2.35619,3.14159,-2.74889,-1.96350,-0.78540,0.39270,1.17810,2.74889,-2.74889,-1.17810,0.00000,1.17810,2.35619,-2.74889,-1.57080,-0.39270,0.78540,1.96350,2.74889,3.14159,-2.74889,-1.17810,0.39270,1.17810,2.74889,-2.74889,-1.17810,0.00000,1.17810,2.74889,3.14159,-1.96350
54.66
2.35619,3.14159,-2.74889,-1.57080,-1.17810,0.00000,1.17810,2.74889,-2.74889,-1.17810,-0.39270,1.17810,2.35619,-2.74889,-1.57080,0.00000,0.78540,1.96350,2.74889,3.14159,-2.74889,-1.17810,0.39270,1.17810,2.74889,-2.74889,-1.17810,0.00000,1.17810,2.74889,3.14159,-1.17810
54.71
1.96350,3.14159,-2.74889,-1.96350,-0.78540,0.00000,1.17810,3.14159,-2.74889,-1.17810,0.00000,1.17810,2.74889,-2.74889,-1.17810,0.00000,0.78540,1.96350,3.14159,3.14159,-1.96350,-0.78540,0.39270,1.57080,2.74889,-2.35619,-1.17810,0.00000,1.17810,2.35619,3.14159,-1.17810
54.74
1.96350,3.14159,-2.74889,-1.96350,-0.78540,0.00000,1.17810,3.14159,-2.74889,-1.17810,0.00000,1.17810,2.74889,-2.74889,-1.57080,-0.39270,1.17810,1.96350,3.14159,3.14159,-1.96350,-1.17810,0.39270,1.57080,2.74889,-2.35619,-1.17810,0.00000,1.17810,2.35619,3.14159,-1.17810
54.78
1.96350,3.14159,-2.74889,-1.17810,-0.78540,0.39270,1.17810,3.14159,-2.74889,-1.57080,0.00000,1.17810,2.35619,-2.35619,-1.57080,0.00000,0.78540,1.57080,2.74889,3.14159,-1.96350,-1.17810,0.39270,1.17810,2.74889,-2.35619,-1.17810,0.00000,1.17810,2.35619,3.14159,-1.17810
54.87
2.35619,3.14159,-2.74889,-1.57080,-1.17810,0.00000,1.17810,3.14159,-2.74889,-1.57080,0.00000,1.17810,2.35619,-2.74889,-1.17810,-0.39270,0.78540,1.96350,3.14159,3.14159,-1.96350,-0.78540,0.39270,1.17810,2.74889,-2.35619,-1.17810,0.00000,1.17810,2.35619,3.14159,-1.17810
54.90
1.96350,3.14159,-2.74889,-1.57080,-0.78540,0.39270,1.17810,3.14159,-2.74889,-1.17810,-0.39270,1.17810,2.35619,-2.74889,-1.57080,-0.39270,0.78540,1.96350,3.14159,3.14159,-1.96350,-0.78540,0.39270,1.57080,2.74889,-2.35619,-1.17810,0.00000,1.17810,2.74889,3.14159,-1.57080
54.90
1.96350,3.14159,-2.74889,-1.57080,-0.78540,0.00000,1.17810,3.14159,-2.74889,-1.17810,-0.39270,1.17810,2.35619,-2.74889,-1.57080,-0.39270,0.78540,1.96350,3.14159,3.14159,-1.96350,-0.78540,0.39270,1.57080,2.74889,-2.35619,-1.17810,0.00000,1.17810,2.74889,3.14159,-1.17810
54.93
1.96350,3.14159,-2.74889,-1.96350,-0.78540,0.00000,1.17810,3.14159,-2.74889,-1.17810,0.00000,1.17810,2.35619,-2.74889,-1.17810,-0.39270,1.17810,1.96350,2.74889,3.14159,-1.57080,-0.78540,0.39270,1.17810,2.74889,-2.35619,-1.17810,0.00000,1.17810,2.74889,3.14159,-1.17810
55.08
1.96350,3.14159,-2.74889,-1.57080,-0.78540,0.00000,1.17810,3.14159,-2.74889,-1.17810,0.00000,1.17810,2.35619,-2.74889,-1.57080,-0.39270,0.78540,1.96350,3.14159,3.14159,-1.96350,-0.78540,0.39270,1.17810,2.74889,-2.35619,-1.17810,0.00000,1.17810,2.74889,3.14159,-1.17810
55.14
2.35619,3.14159,-2.74889,-1.57080,-0.78540,0.00000,1.17810,3.14159,-2.74889,-1.17810,0.00000,1.17810,2.35619,-2.74889,-1.17810,-0.39270,0.78540,1.57080,2.74889,3.14159,-1.96350,-0.78540,0.39270,1.57080,2.74889,-2.35619,-1.17810,0.00000,1.17810,2.35619,3.14159,-1.17810
55.35
1.96350,3.14159,-2.35619,-1.57080,-1.17810,0.00000,1.17810,3.14159,-2.74889,-1.17810,0.00000,1.17810,2.35619,-2.74889,-1.57080,-0.39270,0.78540,2.35619,2.74889,3.14159,-1.96350,-0.78540,0.39270,1.17810,2.74889,-2.35619,-1.17810,0.00000,1.17810,2.35619,3.14159,-1.17810
55.57
1.96350,3.14159,-2.35619,-1.57080,-1.17810,0.39270,1.57080,2.35619,-2.74889,-1.17810,0.00000,1.17810,2.35619,-2.74889,-1.17810,0.00000,0.78540,1.96350,2.74889,3.14159,-1.57080,-0.78540,0.39270,1.17810,2.74889,-2.35619,-1.17810,0.39270,1.17810,2.74889,3.14159,-1.17810
55.62
1.96350,3.14159,-2.74889,-1.57080,-0.78540,0.00000,1.17810,2.35619,-2.74889,-1.17810,0.00000,1.17810,2.74889,-2.74889,-1.57080,0.00000,1.17810,1.57080,2.74889,3.14159,-1.96350,-0.78540,0.39270,1.17810,2.74889,-2.35619,-1.17810,0.00000,1.17810,2.74889,3.14159,-1.57080
55.85
1.96350,3.14159,-1.96350,-1.96350,-0.39270,0.00000,1.17810,2.74889,-2.74889,-1.57080,0.00000,1.17810,2.35619,-2.74889,-1.57080,-0.39270,0.78540,1.57080,2.74889,3.14159,-1.96350,-1.17810,0.39270,1.17810,2.35619,-2.74889,-1.17810,0.00000,1.17810,2.35619,3.14159,-1.17810
55.89
1.96350,3.14159,-2.74889,-1.57080,-0.78540,0.00000,1.17810,2.74889,-2.74889,-1.17810,0.00000,1.17810,2.35619,-2.74889,-1.57080,0.00000,0.78540,1.96350,2.74889,3.14159,-1.96350,-1.17810,0.39270,1.57080,2.74889,-2.35619,-1.17810,0.00000,1.17810,2.74889,3.14159,-1.57080
55.91
2.35619,3.14159,-2.74889,-1.57080,-1.17810,0.00000,1.17810,2.74889,-2.74889,-1.57080,0.00000,1.17810,2.35619,-2.74889,-1.57080,-0.39270,0.78540,1.96350,2.74889,3.14159,-1.96350,-0.78540,0.39270,1.17810,2.74889,-2.35619,-1.17810,0.00000,1.17810,2.74889,3.14159,-1.17810
56.11
1.96350,3.14159,-2.74889,-1.96350,-1.17810,0.00000,1.17810,2.74889,-2.74889,-1.17810,0.00000,1.17810,2.35619,-2.74889,-1.57080,-0.39270,0.78540,1.96350,2.74889,3.14159,-1.96350,-0.78540,0.39270,1.17810,2.74889,-2.35619,-1.17810,0.00000,1.17810,2.35619,3.14159,-1.17810
56.13
1.96350,-2.74889,-2.74889,-1.96350,-1.17810,0.00000,1.17810,2.35619,-2.74889,-1.57080,-0.39270,1.17810,2.35619,-2.74889,-1.57080,-0.39270,0.78540,1.57080,2.74889,3.14159,-1.96350,-0.78540,0.00000,1.17810,2.74889,-2.74889,-1.17810,0.00000,1.17810,2.74889,3.14159,-1.57080
56.35
1.96350,-2.74889,-2.74889,-1.96350,-0.78540,0.00000,1.17810,2.35619,-2.74889,-1.57080,0.00000,1.17810,2.35619,-2.74889,-1.57080,0.00000,0.78540,1.57080,2.74889,3.14159,-1.96350,-1.17810,0.00000,1.17810,2.74889,-2.35619,-1.17810,0.00000,1.17810,2.35619,3.14159,-1.57080
56.39
1.57080,-2.74889,-2.74889,-1.57080,-1.17810,0.00000,1.17810,2.35619,-2.74889,-1.57080,0.00000,1.17810,2.35619,-2.74889,-1.57080,-0.39270,0.78540,1.96350,2.74889,3.14159,-1.96350,-1.17810,0.00000,1.17810,2.35619,-2.35619,-1.17810,0.00000,1.17810,2.35619,3.14159,-1.57080
56.47
1.96350,-2.74889,-2.74889,-1.96350,-0.78540,0.00000,1.17810,2.35619,-2.74889,-1.57080,0.00000,1.17810,2.35619,-2.74889,-1.57080,-0.39270,0.78540,1.96350,2.35619,3.14159,-1.96350,-1.17810,0.39270,1.17810,2.74889,-2.35619,-1.17810,0.00000,1.17810,2.35619,3.14159,-1.57080
56.53
1.96350,-2.74889,-2.74889,-1.96350,-0.78540,0.00000,1.17810,1.96350,-2.74889,-1.57080,-0.39270,1.17810,2.35619,-2.74889,-1.57080,-0.39270,0.78540,1.57080,2.35619,3.14159,-1.96350,-1.17810,0.00000,1.17810,2.35619,-2.74889,-1.17810,0.00000,1.17810,2.35619,3.14159,-1.57080
56.59
1.96350,-2.74889,-2.74889,-1.57080,-0.78540,0.00000,1.17810,2.35619,-2.74889,-1.57080,-0.39270,1.17810,2.35619,-2.74889,-1.57080,-0.39270,0.78540,1.57080,2.74889,3.14159,-1.96350,-1.17810,0.00000,1.17810,2.35619,-2.35619,-1.17810,0.00000,1.17810,2.35619,3.14159,-1.57080
56.65
1.96350,-2.74889,-2.74889,-1.57080,-0.78540,0.00000,1.17810,2.35619,-2.74889,-1.57080,-0.39270,1.17810,2.35619,-2.74889,-1.57080,-0.39270,0.78540,1.57080,2.35619,3.14159,-1.96350,-1.17810,0.00000,1.17810,2.35619,-2.74889,-1.17810,0.00000,1.17810,2.35619,3.14159,-1.57080
56.65
1.96350,-2.74889,-2.74889,-1.57080,-0.78540,0.00000,1.17810,2.35619,-2.74889,-1.57080,0.00000,1.17810,2.35619,-2.74889,-1.57080,-0.39270,0.78540,1.57080,2.35619,3.14159,-1.96350,-1.17810,0.00000,1.17810,2.35619,-2.35619,-1.17810,0.00000,1.17810,2.35619,3.14159,-1.57080
56.71
1.96350,-2.74889,-2.74889,-1.96350,-0.78540,0.00000,1.17810,2.35619,-2.74889,-1.57080,-0.39270,1.17810,2.35619,-2.74889,-1.57080,-0.39270,0.78540,1.57080,2.35619,3.14159,-1.96350,-1.17810,0.00000,1.17810,2.35619,-2.74889,-1.17810,0.00000,1.17810,2.35619,3.14159,-1.57080
56.71
1.96350,-2.74889,-1.96350,-1.96350,-0.78540,0.00000,1.17810,2.35619,-2.74889,-1.57080,-0.39270,1.17810,2.35619,-2.74889,-1.57080,-0.39270,0.78540,1.57080,2.35619,3.14159,-1.96350,-0.78540,0.00000,1.17810,2.35619,-2.35619,-1.17810,0.00000,1.17810,2.35619,3.14159,-1.57080
56.74
1.96350,-2.74889,-2.35619,-1.96350,-0.78540,0.00000,1.17810,2.35619,-2.74889,-1.57080,-0.39270,1.17810,2.35619,-2.74889,-1.57080,-0.39270,0.78540,1.96350,2.35619,3.14159,-1.96350,-1.17810,0.00000,1.17810,2.74889,-2.35619,-1.17810,0.00000,1.17810,2.35619,3.14159,-1.57080
56.75
1.96350,-2.74889,-2.35619,-1.96350,-0.78540,0.00000,1.17810,2.35619,-2.74889,-1.57080,0.00000,1.17810,2.35619,-2.74889,-1.57080,-0.39270,0.78540,1.57080,2.74889,3.14159,-1.96350,-1.17810,0.00000,1.17810,2.35619,-2.35619,-1.17810,0.00000,1.17810,2.35619,3.14159,-1.57080
56.77
1.96350,-2.74889,-2.35619,-1.57080,-1.17810,0.00000,1.17810,2.35619,-2.74889,-1.57080,0.00000,1.17810,2.35619,-2.74889,-1.57080,-0.39270,0.78540,1.57080,2.35619,3.14159,-1.96350,-1.17810,0.00000,1.17810,2.74889,-2.35619,-1.17810,0.00000,1.17810,2.35619,3.14159,-1.57080
56.86
1.96350,-2.74889,-2.35619,-1.96350,-0.78540,0.00000,1.17810,2.35619,-2.74889,-1.57080,-0.39270,1.17810,2.35619,-2.74889,-1.57080,-0.39270,0.78540,1.57080,2.35619,3.14159,-1.96350,-1.17810,0.00000,1.17810,2.35619,-2.35619,-1.17810,0.00000,1.17810,2.35619,3.14159,-1.57080
56.86
1.96350,-2.74889,-2.35619,-1.96350,-1.17810,0.00000,1.17810,2.35619,-2.74889,-1.57080,-0.39270,1.17810,2.35619,-2.74889,-1.57080,-0.39270,0.78540,1.57080,2.35619,3.14159,-2.35619,-1.17810,0.00000,1.17810,2.35619,-2.74889,-1.17810,0.00000,1.17810,2.35619,3.14159,-1.57080
56.90
1.96350,-2.74889,-2.35619,-1.96350,-1.17810,0.00000,1.17810,2.35619,-2.74889,-1.57080,-0.39270,1.17810,2.35619,-2.74889,-1.57080,-0.39270,0.78540,1.57080,2.35619,3.14159,-1.96350,-1.17810,0.00000,1.17810,2.35619,-2.74889,-1.17810,0.00000,1.17810,2.35619,3.14159,-1.57080
