1.49
0.00000,0.00000,0.00000,0.00000,0.00000,0.00000,0.00000,0.00000,0.00000,0.00000,0.00000,0.00000,0.00000,0.00000,0.00000,0.00000,0.00000,0.00000,0.00000,0.00000,0.00000,0.00000,0.00000,0.00000,0.00000,0.00000,0.00000,0.00000,0.00000,0.00000,0.00000,0.00000
4.49
-0.78540,0.00000,1.17810,2.35619,0.39270,0.00000,-0.39270,1.17810,0.39270,1.17810,1.17810,3.14159,0.78540,-1.57080,1.57080,-2.74889,0.00000,0.39270,-0.78540,-1.96350,0.39270,1.57080,0.00000,-0.78540,0.00000,0.39270,-0.78540,-2.74889,1.17810,0.00000,0.39270,0.39270
4.78
0.00000,0.00000,0.78540,2.74889,0.39270,0.00000,-2.35619,3.14159,0.00000,0.00000,0.00000,3.14159,0.39270,-1.96350,0.00000,-2.74889,-1.17810,1.17810,-0.78540,-0.39270,0.00000,1.96350,1.96350,1.57080,-0.39270,1.17810,0.39270,-2.35619,0.00000,-1.57080,-0.78540,0.00000
5.48
0.00000,-1.57080,0.39270,2.74889,-1.17810,0.00000,0.78540,-2.35619,-0.78540,0.00000,-0.78540,1.57080,0.78540,0.39270,-1.17810,-1.57080,-1.17810,0.78540,-0.39270,2.74889,-2.74889,-1.17810,0.39270,0.78540,-1.17810,3.14159,-2.74889,-2.74889,0.78540,3.14159,-1.17810,-1.96350
5.90
0.39270,0.00000,-1.96350,1.17810,-1.96350,0.39270,0.00000,-0.78540,1.17810,-1.96350,-0.39270,3.14159,-0.78540,2.35619,-2.35619,-1.17810,0.39270,-0.78540,-1.96350,3.14159,-2.74889,-0.39270,0.00000,1.17810,1.17810,1.96350,-2.74889,-1.96350,-2.74889,3.14159,-1.57080,-1.57080
5.92
3.14159,-1.17810,-0.39270,3.14159,-2.74889,-2.74889,-2.74889,3.14159,3.14159,-1.17810,0.78540,3.14159,2.74889,3.14159,-1.57080,-2.74889,-1.96350,-2.74889,3.14159,-1.57080,0.78540,1.96350,1.96350,0.00000,3.14159,3.14159,-0.39270,-1.96350,-2.74889,-2.74889,-2.74889,-0.78540
7.27
-2.74889,-0.78540,2.74889,0.78540,0.78540,-1.57080,3.14159,3.14159,3.14159,1.57080,0.78540,-2.74889,3.14159,-1.17810,-0.39270,-2.74889,-2.74889,3.14159,-2.74889,-2.74889,1.96350,1.96350,1.17810,-1.17810,3.14159,-0.78540,0.78540,-2.74889,1.57080,-2.74889,-2.74889,3.14159
10.29
3.14159,-0.39270,1.17810,3.14159,3.14159,3.14159,-0.39270,0.39270,-0.39270,1.17810,-2.74889,-1.57080,3.14159,1.17810,3.14159,-2.74889,3.14159,-1.96350,0.00000,0.78540,1.96350,1.17810,3.14159,3.14159,3.14159,3.14159,2.74889,-2.74889,-2.74889,-1.57080,-0.39270,-2.74889
10.61
0.39270,1.96350,0.00000,3.14159,3.14159,3.14159,-0.78540,-2.74889,3.14159,2.74889,-2.74889,-1.57080,0.00000,2.74889,3.14159,-2.74889,-2.74889,2.35619,1.17810,0.00000,1.57080,-2.74889,2.35619,-2.74889,3.14159,1.57080,-2.74889,-2.74889,-1.57080,-1.17810,-1.17810,-2.74889
10.88
-1.57080,1.57080,-0.39270,3.14159,2.35619,3.14159,0.39270,-1.57080,3.14159,3.14159,-2.74889,-1.57080,0.78540,1.57080,3.14159,-2.74889,-2.74889,1.96350,0.00000,-2.74889,3.14159,-2.74889,-0.78540,-2.35619,3.14159,0.00000,-2.35619,-2.74889,-0.78540,-0.78540,0.39270,-2.74889
11.18
-2.74889,1.57080,-0.39270,3.14159,2.35619,2.74889,-1.96350,-0.39270,-2.74889,3.14159,-2.35619,3.14159,0.39270,3.14159,3.14159,-2.74889,-2.74889,0.39270,-2.35619,1.57080,1.96350,-0.78540,3.14159,1.17810,1.57080,3.14159,-2.74889,-2.74889,-0.78540,1.17810,1.17810,-2.74889
12.76
-2.74889,3.14159,-1.57080,-1.57080,-2.74889,1.17810,3.14159,3.14159,3.14159,-0.78540,-0.39270,2.35619,-2.74889,3.14159,-1.17810,0.00000,-1.96350,0.00000,3.14159,-2.74889,-2.74889,0.00000,-0.39270,-0.39270,-1.96350,-1.57080,-1.57080,-2.74889,-0.39270,3.14159,-2.35619,-2.74889
13.11
-1.96350,2.35619,0.78540,-1.17810,-2.35619,0.00000,0.39270,1.17810,-2.74889,-1.57080,-1.17810,-0.78540,0.39270,3.14159,1.17810,2.74889,0.78540,0.39270,2.74889,3.14159,-2.74889,-2.35619,0.00000,0.39270,-2.74889,3.14159,-0.78540,0.39270,0.78540,3.14159,-0.78540,-2.74889
13.98
-2.74889,3.14159,2.35619,-0.39270,-1.17810,1.17810,2.74889,1.96350,-2.74889,-1.96350,0.39270,-2.74889,1.17810,3.14159,1.57080,2.35619,1.17810,0.78540,1.57080,2.74889,-2.35619,-0.78540,1.57080,1.17810,-2.35619,3.14159,-1.96350,0.39270,2.35619,3.14159,-1.57080,-2.74889
14.31
-2.74889,3.14159,1.17810,1.57080,-2.74889,-0.39270,0.78540,1.57080,-2.74889,-2.74889,-0.78540,1.57080,-2.35619,2.74889,2.74889,-2.35619,-0.39270,1.96350,1.96350,-2.35619,-2.35619,-1.57080,-1.96350,0.39270,2.35619,2.35619,-0.39270,1.57080,0.00000,3.14159,-1.96350,-2.35619
16.27
1.57080,2.35619,0.39270,3.14159,-2.74889,0.39270,-2.74889,2.74889,2.74889,-2.74889,-0.78540,1.17810,1.96350,3.14159,-2.74889,-2.74889,2.74889,-2.35619,3.14159,2.35619,-2.74889,-2.35619,-2.74889,1.57080,-2.74889,3.14159,-1.17810,0.00000,2.35619,2.35619,-2.35619,-2.74889
18.53
3.14159,3.14159,3.14159,3.14159,-2.74889,-2.35619,2.74889,0.78540,-2.74889,-2.74889,-0.78540,2.74889,3.14159,2.74889,-2.74889,-1.57080,-0.39270,1.17810,3.14159,3.14159,-2.74889,-2.35619,-2.74889,-0.78540,2.35619,3.14159,-2.74889,-0.78540,0.39270,3.14159,-2.74889,-2.74889
18.54
1.57080,-2.35619,2.74889,2.74889,0.78540,-2.35619,-1.17810,0.00000,2.35619,-2.74889,-2.74889,0.78540,1.96350,3.14159,-2.74889,-2.74889,-2.74889,1.57080,1.96350,2.74889,-2.35619,2.35619,-0.78540,0.78540,2.35619,3.14159,-2.35619,-0.39270,-1.96350,1.17810,2.74889,-1.96350
20.80
2.35619,2.35619,-2.35619,-2.74889,-2.74889,1.17810,2.74889,3.14159,1.96350,-2.74889,-1.17810,1.96350,1.96350,2.74889,-2.35619,-2.35619,1.96350,1.57080,3.14159,3.14159,-2.74889,0.78540,-1.96350,0.78540,3.14159,-2.74889,-0.78540,0.00000,1.96350,2.74889,-2.74889,-1.96350
25.46
1.57080,1.96350,-2.74889,-2.74889,-2.74889,0.39270,2.74889,3.14159,2.35619,-2.74889,-1.57080,1.57080,1.17810,2.35619,-2.74889,-1.17810,1.17810,2.35619,2.74889,3.14159,-2.74889,-1.96350,-1.57080,0.00000,2.74889,-2.74889,-1.17810,0.39270,1.57080,3.14159,-2.35619,-1.57080
30.74
0.00000,2.74889,-2.35619,-2.35619,-1.96350,-1.17810,0.00000,2.74889,2.74889,-2.74889,0.00000,1.96350,2.35619,3.14159,-2.35619,-2.35619,0.00000,1.17810,2.74889,2.74889,-2.74889,-1.17810,-1.17810,-0.39270,3.14159,-2.74889,-1.57080,-0.78540,0.39270,3.14159,-2.74889,-2.74889
31.26
1.57080,3.14159,-2.35619,-2.74889,-1.57080,-0.39270,1.17810,3.14159,-2.74889,-2.74889,1.17810,1.57080,2.35619,3.14159,-2.74889,-0.78540,0.00000,2.35619,2.74889,3.14159,-2.74889,-1.96350,1.17810,0.39270,3.14159,3.14159,-2.74889,-0.39270,1.17810,2.74889,-2.74889,-0.39270
31.78
1.57080,3.14159,-1.57080,-2.35619,-2.35619,-0.39270,0.78540,3.14159,-2.74889,-2.74889,0.39270,0.78540,1.57080,3.14159,-2.74889,-0.78540,0.39270,1.96350,3.14159,3.14159,-2.74889,-1.96350,0.78540,0.39270,3.14159,3.14159,-2.74889,0.39270,0.78540,2.74889,-2.74889,0.39270
34.38
1.57080,3.14159,-2.74889,-2.74889,-2.74889,0.78540,1.17810,3.14159,-2.74889,-2.74889,0.00000,1.96350,3.14159,3.14159,-2.74889,0.00000,0.78540,1.57080,2.74889,2.74889,-2.74889,-1.96350,-0.78540,0.78540,3.14159,3.14159,-2.74889,-0.39270,1.17810,2.74889,-2.74889,-2.35619
36.85
2.35619,3.14159,-2.74889,-2.74889,-2.74889,0.39270,0.00000,3.14159,-2.74889,-2.74889,-1.17810,1.17810,2.35619,3.14159,-2.74889,0.00000,0.78540,2.35619,2.74889,2.74889,-2.74889,-1.57080,-0.39270,1.17810,3.14159,3.14159,-2.74889,-0.39270,1.17810,2.35619,-2.74889,-2.74889
37.51
1.96350,3.14159,-2.74889,-2.74889,-1.17810,0.00000,1.96350,3.14159,-2.74889,-2.74889,0.00000,1.17810,3.14159,3.14159,-2.74889,-0.78540,0.78540,1.57080,3.14159,2.74889,-2.74889,-1.17810,0.00000,1.17810,3.14159,3.14159,-2.74889,-0.78540,1.17810,2.74889,-2.74889,-2.74889
38.05
1.96350,3.14159,-2.74889,-1.17810,-1.96350,0.00000,0.78540,3.14159,-2.74889,-2.74889,-0.39270,1.17810,3.14159,3.14159,-2.74889,0.00000,0.39270,1.57080,3.14159,2.74889,-2.74889,-1.57080,0.00000,1.17810,3.14159,3.14159,-2.74889,-0.39270,1.17810,2.74889,-2.74889,-2.74889
38.16
1.96350,3.14159,-2.74889,-2.74889,-1.57080,0.00000,1.17810,3.14159,-2.74889,-2.74889,0.00000,0.78540,3.14159,3.14159,-2.74889,-0.78540,1.17810,1.17810,3.14159,2.74889,-2.74889,-1.57080,0.00000,1.17810,3.14159,3.14159,-2.74889,-0.78540,0.78540,2.74889,-2.74889,-2.74889
38.75
2.35619,3.14159,-2.74889,-2.74889,-1.96350,0.00000,0.39270,3.14159,-2.74889,-2.74889,-0.39270,0.39270,2.74889,3.14159,-2.74889,-1.17810,0.78540,1.17810,3.14159,3.14159,-2.74889,-1.96350,0.39270,0.78540,3.14159,3.14159,-2.74889,-0.78540,0.78540,2.35619,-2.74889,-2.74889
38.80
2.35619,3.14159,-2.74889,-1.96350,-1.96350,0.39270,0.39270,3.14159,-2.74889,-2.74889,0.00000,0.78540,2.74889,3.14159,-2.74889,-1.17810,0.78540,0.78540,3.14159,3.14159,-2.74889,-1.57080,0.00000,0.78540,3.14159,3.14159,-2.74889,0.00000,0.78540,2.35619,-2.74889,-2.74889
38.94
1.57080,3.14159,-2.74889,-2.74889,-1.17810,0.39270,0.39270,3.14159,-2.74889,-2.35619,-0.78540,0.78540,2.74889,3.14159,-2.74889,-0.39270,0.78540,1.96350,2.74889,2.35619,-2.74889,-0.78540,0.78540,1.57080,3.14159,3.14159,-2.74889,-0.39270,1.17810,2.35619,-2.74889,-2.74889
39.10
1.57080,3.14159,-2.74889,-2.74889,-1.96350,0.00000,0.78540,3.14159,-2.74889,-2.74889,-0.78540,0.78540,2.74889,3.14159,-2.74889,-1.17810,1.17810,1.17810,3.14159,3.14159,-2.74889,-1.57080,0.00000,0.78540,3.14159,3.14159,-2.74889,-0.78540,0.78540,2.74889,-2.74889,-2.74889
39.18
2.74889,2.74889,-2.74889,-2.35619,-2.35619,0.39270,1.57080,3.14159,-2.74889,-2.74889,0.00000,1.57080,3.14159,-2.74889,-1.96350,-1.17810,0.78540,2.35619,1.57080,3.14159,-2.74889,-1.96350,0.39270,1.17810,3.14159,-2.74889,-1.96350,0.00000,1.17810,2.74889,-2.74889,-2.74889
40.31
1.17810,2.35619,-2.74889,-2.74889,-1.57080,-0.39270,0.78540,3.14159,-2.74889,-2.74889,-0.78540,0.00000,2.35619,3.14159,-2.74889,-0.78540,1.17810,0.78540,3.14159,3.14159,-2.74889,-1.17810,-0.39270,0.39270,3.14159,3.14159,-2.74889,-0.39270,0.39270,1.96350,-2.74889,-2.74889
41.90
1.96350,1.57080,-2.74889,-2.74889,-1.57080,-0.78540,1.57080,2.74889,-2.74889,-2.74889,-0.39270,0.78540,1.57080,3.14159,-2.74889,-0.78540,0.39270,1.96350,3.14159,2.74889,-2.74889,-1.57080,0.00000,0.78540,3.14159,-2.74889,-2.35619,-1.17810,0.78540,1.96350,-2.74889,-2.74889
41.94
1.96350,2.74889,-2.74889,-2.74889,-1.57080,-0.39270,1.17810,2.35619,-2.74889,-2.74889,-0.78540,0.78540,2.74889,3.14159,-2.74889,-0.78540,0.39270,1.17810,3.14159,3.14159,-2.74889,-1.57080,0.00000,0.78540,3.14159,3.14159,-2.74889,0.00000,0.39270,2.35619,-2.74889,-2.74889
42.34
2.74889,2.35619,-2.74889,-2.74889,-1.17810,-0.78540,1.17810,2.74889,-2.74889,-2.74889,-0.39270,0.78540,2.35619,3.14159,-2.74889,-0.78540,0.78540,0.78540,3.14159,3.14159,-2.74889,-1.17810,-0.39270,0.39270,3.14159,-2.74889,-1.57080,-0.39270,1.57080,1.96350,-2.74889,-2.74889
43.46
1.96350,2.35619,-2.74889,-2.74889,-1.57080,-0.39270,1.17810,3.14159,-2.74889,-2.74889,-0.78540,0.00000,2.35619,3.14159,-2.74889,-1.57080,0.00000,0.78540,3.14159,3.14159,-2.74889,-1.17810,-0.78540,1.17810,1.57080,3.14159,-1.96350,-0.78540,0.78540,2.35619,-2.74889,-2.74889
44.92
1.96350,2.74889,-2.74889,-2.74889,-1.57080,-0.78540,1.57080,2.74889,-2.74889,-2.74889,0.00000,0.78540,2.74889,3.14159,-2.74889,-0.78540,0.78540,0.78540,3.14159,3.14159,-2.74889,-1.17810,0.00000,1.17810,2.35619,3.14159,-1.96350,-0.39270,0.78540,1.96350,-2.74889,-2.74889
45.17
1.96350,3.14159,-2.74889,-2.35619,-1.57080,-0.78540,1.17810,2.35619,-2.74889,-2.74889,-0.39270,0.78540,2.74889,3.14159,-2.74889,0.00000,1.17810,0.78540,3.14159,3.14159,-2.74889,-1.57080,0.00000,0.78540,2.35619,3.14159,-1.96350,-0.39270,0.78540,1.57080,-2.74889,-2.74889
46.13
2.74889,2.35619,-2.74889,-2.74889,-1.57080,-0.78540,0.39270,1.96350,-2.74889,-2.74889,-0.39270,0.78540,1.96350,3.14159,-2.74889,-0.39270,0.78540,1.17810,3.14159,3.14159,-2.74889,-1.57080,0.00000,1.17810,1.57080,-2.74889,-1.96350,-0.39270,0.78540,1.96350,-2.74889,-2.74889
46.50
2.35619,2.74889,-2.74889,-2.74889,-1.17810,-0.78540,0.39270,1.96350,-2.74889,-2.74889,-0.39270,0.78540,1.57080,3.14159,-2.74889,-0.39270,0.78540,1.57080,3.14159,3.14159,-2.74889,-1.57080,0.00000,1.17810,1.96350,-2.74889,-1.57080,0.00000,0.78540,1.57080,-2.74889,-2.74889
46.54
2.35619,2.35619,-2.74889,-2.74889,-1.57080,-0.39270,0.78540,2.35619,-2.74889,-2.74889,-0.78540,0.39270,1.96350,3.14159,-2.74889,-0.39270,0.78540,1.57080,3.14159,3.14159,-2.74889,-1.96350,-0.39270,1.17810,1.96350,-2.74889,-2.35619,-0.39270,0.78540,1.57080,-2.74889,-2.74889
47.00
2.35619,2.35619,-2.74889,-2.74889,-0.78540,-0.39270,0.78540,1.96350,-2.74889,-2.74889,-0.39270,0.78540,2.35619,3.14159,-2.74889,-0.39270,0.39270,1.17810,1.96350,3.14159,-2.74889,-2.35619,-0.78540,0.78540,1.96350,-2.74889,-1.96350,-0.39270,1.17810,1.96350,-2.74889,-2.74889
47.49
1.57080,3.14159,-2.74889,-2.35619,-0.78540,0.00000,0.39270,2.35619,-2.74889,-1.96350,-0.39270,0.39270,1.96350,3.14159,-2.74889,-0.78540,0.00000,1.17810,3.14159,3.14159,-2.74889,-2.74889,-0.39270,0.78540,1.96350,-2.74889,-2.35619,-0.78540,0.39270,1.57080,-2.74889,-2.74889
47.70
1.96350,2.35619,-2.74889,-2.74889,-1.57080,-0.39270,0.39270,2.35619,-2.74889,-2.35619,-0.78540,1.17810,2.35619,3.14159,-2.74889,-0.78540,0.39270,1.57080,2.74889,3.14159,-2.74889,-1.57080,-0.39270,0.39270,2.74889,-2.74889,-1.96350,-0.39270,0.78540,1.57080,-2.74889,-2.74889
48.63
1.57080,3.14159,-2.74889,-2.35619,-0.78540,-0.39270,0.78540,1.96350,-2.74889,-1.96350,-0.78540,0.78540,2.35619,3.14159,-2.74889,-0.78540,-0.39270,1.17810,2.74889,3.14159,-2.74889,-1.96350,-0.39270,0.39270,2.35619,-2.74889,-1.96350,-1.17810,0.78540,1.57080,-2.74889,-2.74889
49.76
2.35619,3.14159,-2.74889,-2.35619,-1.17810,0.39270,0.78540,2.35619,-2.74889,-1.96350,0.00000,0.78540,1.57080,3.14159,-2.35619,-0.78540,0.39270,1.17810,1.96350,3.14159,-2.74889,-1.17810,0.39270,0.78540,2.74889,-2.74889,-1.57080,-0.39270,0.78540,1.96350,-2.74889,-2.74889
50.40
1.96350,3.14159,-2.74889,-2.74889,-1.57080,-0.39270,1.17810,2.35619,-2.74889,-1.96350,-0.78540,0.78540,1.96350,3.14159,-2.35619,-1.17810,0.78540,1.96350,2.35619,3.14159,-2.74889,-2.35619,-0.39270,0.78540,1.96350,3.14159,-1.96350,-0.78540,0.39270,1.96350,-2.74889,-2.74889
50.52
1.57080,3.14159,-2.74889,-2.74889,-1.17810,-0.39270,0.39270,1.96350,-2.74889,-1.57080,-0.39270,0.78540,1.57080,3.14159,-1.96350,-0.39270,0.39270,1.57080,2.74889,3.14159,-2.74889,-1.57080,0.39270,0.78540,2.35619,-2.74889,-1.57080,-0.39270,1.17810,2.35619,-2.74889,-2.74889
51.09
1.96350,3.14159,-2.74889,-2.74889,-0.78540,-0.39270,0.78540,1.57080,-2.74889,-1.96350,-0.39270,0.78540,1.57080,3.14159,-1.96350,-0.39270,0.39270,1.17810,1.96350,3.14159,-2.74889,-1.96350,0.00000,0.78540,1.96350,-2.74889,-1.96350,-0.78540,0.78540,1.57080,-2.74889,-2.74889
51.81
1.96350,3.14159,-2.74889,-2.74889,-1.17810,0.00000,1.17810,1.96350,-2.74889,-1.96350,-0.39270,1.17810,1.96350,3.14159,-1.57080,-0.39270,0.39270,1.96350,2.74889,3.14159,-2.74889,-1.17810,-0.39270,1.17810,1.96350,-2.74889,-1.57080,-0.39270,0.78540,1.96350,-2.74889,-2.74889
52.09
1.57080,3.14159,-2.74889,-2.35619,-1.57080,-0.39270,1.17810,2.35619,-2.74889,-1.17810,0.00000,1.17810,2.35619,-2.74889,-1.57080,-0.78540,1.17810,1.57080,2.74889,3.14159,-2.74889,-1.17810,0.00000,1.17810,2.35619,-2.74889,-1.96350,-0.39270,1.17810,2.35619,-2.74889,-1.57080
52.12
2.35619,3.14159,-2.74889,-2.35619,-1.57080,0.00000,0.78540,2.35619,-2.74889,-1.57080,0.00000,1.17810,2.35619,-2.74889,-1.96350,-0.39270,0.78540,1.57080,2.35619,3.14159,-2.74889,-1.57080,-0.39270,1.57080,2.74889,-2.74889,-1.17810,-0.39270,0.78540,2.35619,-2.74889,-1.96350
52.35
1.57080,3.14159,-2.74889,-2.74889,-1.17810,-0.39270,1.17810,2.35619,-2.74889,-1.57080,0.00000,0.78540,1.96350,-2.74889,-1.57080,-0.39270,0.00000,1.96350,2.35619,3.14159,-2.74889,-1.57080,0.00000,0.78540,2.35619,-2.74889,-1.57080,0.00000,1.17810,1.96350,-2.74889,-1.57080
52.46
2.35619,3.14159,-2.74889,-2.35619,-0.78540,0.00000,1.17810,2.35619,-2.74889,-1.57080,-0.39270,0.78540,2.35619,-2.74889,-1.57080,-0.39270,0.39270,1.57080,2.74889,3.14159,-1.96350,-1.17810,-0.39270,1.17810,2.35619,-2.74889,-1.57080,-0.39270,0.78540,2.35619,-2.74889,-2.74889
53.18
1.96350,3.14159,-2.74889,-2.35619,-1.17810,0.00000,1.17810,1.96350,-2.74889,-1.57080,-0.39270,0.78540,2.35619,-2.74889,-1.57080,-1.17810,0.39270,1.17810,2.74889,3.14159,-2.74889,-1.57080,0.00000,0.78540,2.35619,-2.74889,-1.57080,-0.39270,0.78540,1.96350,-2.74889,-1.96350
54.21
1.96350,3.14159,-2.74889,-1.96350,-1.17810,0.39270,1.17810,1.96350,-2.74889,-1.57080,-0.39270,0.78540,1.96350,-2.74889,-1.57080,-0.39270,0.39270,1.57080,1.96350,3.14159,-2.35619,-1.17810,0.00000,1.17810,2.35619,-2.74889,-1.57080,-0.39270,1.17810,1.96350,-2.74889,-1.57080
54.42
1.96350,3.14159,-2.74889,-1.96350,-1.17810,0.00000,1.17810,2.35619,-2.74889,-1.57080,-0.39270,1.17810,2.35619,-2.74889,-1.57080,-0.39270,0.78540,1.96350,1.96350,3.14159,-2.35619,-1.17810,0.00000,1.17810,2.35619,-2.74889,-1.57080,0.00000,0.78540,2.35619,-2.74889,-1.96350
54.53
1.96350,3.14159,-2.74889,-1.96350,-0.78540,0.00000,1.17810,2.35619,-2.74889,-1.57080,-0.39270,0.78540,1.96350,-2.74889,-1.57080,-0.39270,0.78540,1.57080,2.35619,3.14159,-2.35619,-1.17810,-0.39270,1.17810,2.35619,-2.74889,-1.57080,-0.39270,0.78540,2.35619,-2.74889,-1.96350
54.55
1.96350,3.14159,-2.74889,-1.57080,-1.17810,0.00000,1.17810,2.35619,-2.74889,-1.57080,-0.39270,1.17810,2.35619,-2.74889,-1.57080,-0.78540,0.78540,1.57080,2.35619,3.14159,-2.35619,-1.17810,0.00000,1.17810,2.35619,-2.74889,-1.57080,-0.39270,0.78540,1.96350,-2.74889,-1.57080
54.56
1.96350,3.14159,-2.74889,-1.96350,-0.78540,0.00000,1.17810,2.35619,-2.74889,-1.57080,-0.39270,0.78540,2.35619,-2.74889,-1.57080,-0.39270,0.78540,1.57080,2.35619,3.14159,-2.35619,-1.17810,-0.39270,1.17810,2.35619,-2.74889,-1.57080,-0.39270,0.78540,1.96350,-2.74889,-1.57080
