131.29
1.17810,-2.74889,-2.74889,-2.35619,-1.17810,0.00000,1.17810,2.35619,-2.74889,-1.57080,0.00000,1.17810,2.35619,-2.74889,-1.57080,-0.39270,0.78540,1.57080,2.35619,3.14159,-1.57080,-0.39270,0.78540,1.96350,3.14159,-1.57080,-0.39270,0.78540,1.96350,3.14159,-1.96350,-0.78540,1.57080,2.35619,-2.74889,3.14159,-0.39270,0.78540,1.96350,-2.74889,-1.57080,-0.39270,0.78540,1.96350,3.14159,-1.96350,-0.78540,0.39270,0.78540,2.35619,-2.74889,-1.96350,-0.78540,0.39270,1.96350,3.14159,-1.96350,-0.39270,0.78540,1.96350,-2.74889,-1.96350,-0.78540,0.00000
166.53
1.57080,-2.35619,-2.35619,-1.96349,-0.78540,0.39270,1.57080,2.74889,-2.35619,-1.17810,0.39270,1.57080,2.74889,-2.35619,-1.17810,-0.00000,1.17810,1.96350,2.74889,3.53429,-1.17810,-0.00000,1.17810,2.35620,3.53429,-1.17810,-0.00000,1.17810,2.35620,3.53429,-1.57080,-0.39270,1.57080,2.35619,-2.74889,3.14159,-0.39270,0.78540,1.96350,-2.74889,-1.57080,-0.39270,0.78540,1.96350,3.14159,-1.96350,-0.78540,0.39270,0.78540,2.35619,-2.74889,-1.96350,-0.78540,0.39270,1.96350,3.14159,-1.96350,-0.39270,0.78540,1.96350,-2.74889,-1.96350,-0.78540,0.00000
194.66
1.96350,-1.96349,-1.96349,-1.57079,-0.39270,0.78540,1.96350,3.14159,-1.96349,-0.78540,0.78540,1.96350,3.14159,-1.96349,-0.78540,0.39270,1.57080,2.35620,3.14159,3.92699,-0.78540,0.39270,1.57080,2.74890,3.92699,-0.78540,0.39270,1.57080,2.74890,3.92699,-1.17810,-0.00000,1.57080,2.35619,-2.74889,3.14159,-0.39270,0.78540,1.96350,-2.74889,-1.57080,-0.39270,0.78540,1.96350,3.14159,-1.96350,-0.78540,0.39270,0.78540,2.35619,-2.74889,-1.96350,-0.78540,0.39270,1.96350,3.14159,-1.96350,-0.39270,0.78540,1.96350,-2.74889,-1.96350,-0.78540,0.00000
211.40
2.35620,-1.57079,-1.57079,-1.17809,-0.00000,1.17810,2.35620,3.53429,-1.57079,-0.39270,1.17810,2.35620,3.53429,-1.57079,-0.39270,0.78540,1.96350,2.74890,3.53429,4.31969,-0.39270,0.78540,1.96350,3.14160,4.31969,-0.39270,0.78540,1.96350,3.14160,4.31969,-0.78540,0.39270,1.57080,2.35619,-2.74889,3.14159,-0.39270,0.78540,1.96350,-2.74889,-1.57080,-0.39270,0.78540,1.96350,3.14159,-1.96350,-0.78540,0.39270,0.78540,2.35619,-2.74889,-1.96350,-0.78540,0.39270,1.96350,3.14159,-1.96350,-0.39270,0.78540,1.96350,-2.74889,-1.96350,-0.78540,0.00000
214.19
2.74890,-1.17809,-1.17809,-0.78539,0.39270,1.57080,2.74890,3.92699,-1.17809,-0.00000,1.57080,2.74890,3.92699,-1.17809,-0.00000,1.17810,2.35620,3.14160,3.92699,4.71239,-0.00000,1.17810,2.35620,3.53430,4.71239,-0.00000,1.17810,2.35620,3.53430,4.71239,-0.39270,0.78540,1.57080,2.35619,-2.74889,3.14159,-0.39270,0.78540,1.96350,-2.74889,-1.57080,-0.39270,0.78540,1.96350,3.14159,-1.96350,-0.78540,0.39270,0.78540,2.35619,-2.74889,-1.96350,-0.78540,0.39270,1.96350,3.14159,-1.96350,-0.39270,0.78540,1.96350,-2.74889,-1.96350,-0.78540,0.00000
214.19
4.31969,0.39270,0.39270,0.78540,1.96349,3.14159,4.31969,5.49778,0.39270,1.57079,3.14159,4.31969,5.49778,0.39270,1.57079,2.74889,3.92699,4.71239,5.49778,6.28318,1.57079,2.74889,3.92699,5.10509,6.28318,1.57079,2.74889,3.92699,5.10509,6.28318,1.17809,2.35619,3.14160,3.92699,-1.17809,4.71239,1.17810,2.35620,3.53430,-1.17809,-0.00000,1.17810,2.35620,3.53430,4.71239,-0.39270,0.78540,1.96350,2.35620,3.92699,-1.17809,-0.39270,0.78540,1.96350,3.53430,4.71239,-0.39270,1.17810,2.35620,3.53430,-1.17809,-0.39270,0.78540,1.57080
