64.72
1.17810,2.35619,3.14159,-2.74889,-1.57080,-0.39270,0.78540,1.96350,-2.74889,-1.96350,-0.78540,0.39270,1.57080,2.74889,-2.74889,-1.17810,-0.39270,0.39270,1.17810,2.35619,3.14159,-1.57080,-0.39270,0.78540,1.96350,3.14159,-1.96350,-0.78540,0.39270,1.57080,2.74889,-2.74889,0.39270,1.17810,-2.74889,3.14159,-1.57080,-0.39270,0.78540,1.96350,3.14159,-1.96350,-0.78540,0.39270,1.57080,2.74889,-2.74889,-1.57080,-0.78540,0.39270,1.17810,2.35619,-2.74889,-1.57080,-0.39270,0.78540,1.96350,3.14159,-1.96350,-0.78540,0.39270,1.57080,2.74889,-2.74889
81.65
1.17810,2.35619,3.14159,-2.74889,-1.57080,-0.39270,0.78540,1.96350,-2.74889,-1.96350,-0.78540,0.39270,1.57080,2.74889,-2.74889,-1.17810,-0.39270,0.39270,1.17810,2.35619,3.14159,-1.57080,-0.39270,0.78540,1.96350,3.14159,-1.96350,-0.78540,0.39270,1.57080,2.74889,-2.74889,2.35620,3.14160,-0.78539,5.10509,0.39270,1.57080,2.74890,3.92700,5.10509,-0.00000,1.17810,2.35620,3.53430,4.71239,-0.78539,0.39270,1.17810,2.35620,3.14160,4.31969,-0.78539,0.39270,1.57080,2.74890,3.92700,5.10509,-0.00000,1.17810,2.35620,3.53430,4.71239,-0.78539
120.36
1.17810,2.35619,3.14159,-2.74889,-1.57080,-0.39270,0.78540,1.96350,-2.74889,-1.96350,-0.78540,0.39270,1.57080,2.74889,-2.74889,-1.17810,-0.39270,0.39270,1.17810,2.35619,3.14159,-1.57080,-0.39270,0.78540,1.96350,3.14159,-1.96350,-0.78540,0.39270,1.57080,2.74889,-2.74889,2.74889,3.53429,-0.39270,5.49778,0.78539,1.96349,3.14159,4.31969,5.49778,0.39269,1.57079,2.74889,3.92699,5.10508,-0.39270,0.78539,1.57079,2.74889,3.53429,4.71238,-0.39270,0.78539,1.96349,3.14159,4.31969,5.49778,0.39269,1.57079,2.74889,3.92699,5.10508,-0.39270
160.61
1.17810,2.35619,3.14159,-2.74889,-1.57080,-0.39270,0.78540,1.96350,-2.74889,-1.96350,-0.78540,0.39270,1.57080,2.74889,-2.74889,-1.17810,-0.39270,0.39270,1.17810,2.35619,3.14159,-1.57080,-0.39270,0.78540,1.96350,3.14159,-1.96350,-0.78540,0.39270,1.57080,2.74889,-2.74889,3.14159,3.92699,0.00000,5.89048,1.17809,2.35619,3.53429,4.71239,5.89048,0.78539,1.96349,3.14159,4.31969,5.49778,0.00000,1.17809,1.96349,3.14159,3.92699,5.10508,0.00000,1.17809,2.35619,3.53429,4.71239,5.89048,0.78539,1.96349,3.14159,4.31969,5.49778,0.00000
196.28
1.17810,2.35619,3.14159,-2.74889,-1.57080,-0.39270,0.78540,1.96350,-2.74889,-1.96350,-0.78540,0.39270,1.57080,2.74889,-2.74889,-1.17810,-0.39270,0.39270,1.17810,2.35619,3.14159,-1.57080,-0.39270,0.78540,1.96350,3.14159,-1.96350,-0.78540,0.39270,1.57080,2.74889,-2.74889,3.53429,4.31969,0.39270,6.28318,1.57079,2.74889,3.92699,5.10509,6.28318,1.17809,2.35619,3.53429,4.71239,5.89048,0.39270,1.57079,2.35619,3.53429,4.31969,5.49778,0.39270,1.57079,2.74889,3.92699,5.10509,6.28318,1.17809,2.35619,3.53429,4.71239,5.89048,0.39270
210.62
2.74890,3.92699,4.71239,-1.17809,-0.00000,1.17810,2.35620,3.53430,-1.17809,-0.39270,0.78540,1.96350,3.14160,4.31969,-1.17809,0.39270,1.17810,1.96350,2.74890,3.92699,4.71239,-0.00000,1.17810,2.35620,3.53430,4.71239,-0.39270,0.78540,1.96350,3.14160,4.31969,-1.17809,0.39270,1.17810,-2.74889,3.14159,-1.57080,-0.39270,0.78540,1.96350,3.14159,-1.96350,-0.78540,0.39270,1.57080,2.74889,-2.74889,-1.57080,-0.78540,0.39270,1.17810,2.35619,-2.74889,-1.57080,-0.39270,0.78540,1.96350,3.14159,-1.96350,-0.78540,0.39270,1.57080,2.74889,-2.74889
229.69
3.14160,4.31969,5.10509,-0.78539,0.39270,1.57080,2.74890,3.92700,-0.78539,-0.00000,1.17810,2.35620,3.53430,4.71239,-0.78539,0.78540,1.57080,2.35620,3.14160,4.31969,5.10509,0.39270,1.57080,2.74890,3.92700,5.10509,-0.00000,1.17810,2.35620,3.53430,4.71239,-0.78539,0.39270,1.17810,-2.74889,3.14159,-1.57080,-0.39270,0.78540,1.96350,3.14159,-1.96350,-0.78540,0.39270,1.57080,2.74889,-2.74889,-1.57080,-0.78540,0.39270,1.17810,2.35619,-2.74889,-1.57080,-0.39270,0.78540,1.96350,3.14159,-1.96350,-0.78540,0.39270,1.57080,2.74889,-2.74889
233.67
3.53429,4.71238,5.49778,-0.39270,0.78539,1.96349,3.14159,4.31969,-0.39270,0.39269,1.57079,2.74889,3.92699,5.10508,-0.39270,1.17809,1.96349,2.74889,3.53429,4.71238,5.49778,0.78539,1.96349,3.14159,4.31969,5.49778,0.39269,1.57079,2.74889,3.92699,5.10508,-0.39270,0.39270,1.17810,-2.74889,3.14159,-1.57080,-0.39270,0.78540,1.96350,3.14159,-1.96350,-0.78540,0.39270,1.57080,2.74889,-2.74889,-1.57080,-0.78540,0.39270,1.17810,2.35619,-2.74889,-1.57080,-0.39270,0.78540,1.96350,3.14159,-1.96350,-0.78540,0.39270,1.57080,2.74889,-2.74889
