33.24
3.14159,-2.74889,-1.57080,-0.78540,0.00000,1.17810,1.96350,-2.74889,-1.57080,-0.39270,0.78540,1.96350,3.14159,-1.96350,-1.17810,0.00000,1.17810,1.96350,2.74889,-2.74889,-1.57080,-0.39270,0.78540,1.96350,-2.74889,-1.96350,-0.78540,0.39270,1.57080,2.74889,-2.74889,-1.57080,3.14159,-2.74889,-1.57080,-0.39270,0.39270,1.57080,2.74889,3.14159,-0.78540,0.00000,1.17810,2.35619,-2.74889,-1.57080,-0.39270,0.39270,1.17810,1.96350,3.14159,-1.96350,-0.78540,0.39270,1.57080,-2.74889,-2.35619,-1.17810,0.00000,1.17810,-2.74889,-2.74889,-1.96350,3.14159
51.30
3.14159,-2.74889,-1.57080,-0.78540,0.00000,1.17810,1.96350,-2.74889,-1.57080,-0.39270,0.78540,1.96350,3.14159,-1.96350,-1.17810,0.00000,1.17810,1.96350,2.74889,-2.74889,-1.57080,-0.39270,0.78540,1.96350,-2.74889,-1.96350,-0.78540,0.39270,1.57080,2.74889,-2.74889,-1.57080,3.53429,-2.35619,-1.17810,-0.00000,0.78540,1.96350,3.14159,3.53429,-0.39270,0.39270,1.57080,2.74889,-2.35619,-1.17810,-0.00000,0.78540,1.57080,2.35620,3.53429,-1.57080,-0.39270,0.78540,1.96350,-2.35619,-1.96349,-0.78540,0.39270,1.57080,-2.35619,-2.35619,-1.57080,3.53429
80.74
3.14159,-2.74889,-1.57080,-0.78540,0.00000,1.17810,1.96350,-2.74889,-1.57080,-0.39270,0.78540,1.96350,3.14159,-1.96350,-1.17810,0.00000,1.17810,1.96350,2.74889,-2.74889,-1.57080,-0.39270,0.78540,1.96350,-2.74889,-1.96350,-0.78540,0.39270,1.57080,2.74889,-2.74889,-1.57080,3.92699,-1.96349,-0.78540,0.39270,1.17810,2.35620,3.53429,3.92699,-0.00000,0.78540,1.96350,3.14159,-1.96349,-0.78540,0.39270,1.17810,1.96350,2.74890,3.92699,-1.17810,-0.00000,1.17810,2.35620,-1.96349,-1.57079,-0.39270,0.78540,1.96350,-1.96349,-1.96349,-1.17810,3.92699
117.09
3.14159,-2.74889,-1.57080,-0.78540,0.00000,1.17810,1.96350,-2.74889,-1.57080,-0.39270,0.78540,1.96350,3.14159,-1.96350,-1.17810,0.00000,1.17810,1.96350,2.74889,-2.74889,-1.57080,-0.39270,0.78540,1.96350,-2.74889,-1.96350,-0.78540,0.39270,1.57080,2.74889,-2.74889,-1.57080,4.31969,-1.57079,-0.39270,0.78540,1.57080,2.74890,3.92699,4.31969,0.39270,1.17810,2.35620,3.53429,-1.57079,-0.39270,0.78540,1.57080,2.35620,3.14160,4.31969,-0.78540,0.39270,1.57080,2.74890,-1.57079,-1.17809,-0.00000,1.17810,2.35620,-1.57079,-1.57079,-0.78540,4.31969
154.81
3.14159,-2.74889,-1.57080,-0.78540,0.00000,1.17810,1.96350,-2.74889,-1.57080,-0.39270,0.78540,1.96350,3.14159,-1.96350,-1.17810,0.00000,1.17810,1.96350,2.74889,-2.74889,-1.57080,-0.39270,0.78540,1.96350,-2.74889,-1.96350,-0.78540,0.39270,1.57080,2.74889,-2.74889,-1.57080,4.71239,-1.17809,-0.00000,1.17810,1.96350,3.14160,4.31969,4.71239,0.78540,1.57080,2.74890,3.92699,-1.17809,-0.00000,1.17810,1.96350,2.74890,3.53430,4.71239,-0.39270,0.78540,1.96350,3.14160,-1.17809,-0.78539,0.39270,1.57080,2.74890,-1.17809,-1.17809,-0.39270,4.71239
188.15
3.14159,-2.74889,-1.57080,-0.78540,0.00000,1.17810,1.96350,-2.74889,-1.57080,-0.39270,0.78540,1.96350,3.14159,-1.96350,-1.17810,0.00000,1.17810,1.96350,2.74889,-2.74889,-1.57080,-0.39270,0.78540,1.96350,-2.74889,-1.96350,-0.78540,0.39270,1.57080,2.74889,-2.74889,-1.57080,5.10509,-0.78539,0.39270,1.57080,2.35620,3.53430,4.71239,5.10509,1.17810,1.96350,3.14160,4.31969,-0.78539,0.39270,1.57080,2.35620,3.14160,3.92700,5.10509,-0.00000,1.17810,2.35620,3.53430,-0.78539,-0.39269,0.78540,1.96350,3.14160,-0.78539,-0.78539,-0.00000,5.10509
212.05
3.14159,-2.74889,-1.57080,-0.78540,0.00000,1.17810,1.96350,-2.74889,-1.57080,-0.39270,0.78540,1.96350,3.14159,-1.96350,-1.17810,0.00000,1.17810,1.96350,2.74889,-2.74889,-1.57080,-0.39270,0.78540,1.96350,-2.74889,-1.96350,-0.78540,0.39270,1.57080,2.74889,-2.74889,-1.57080,5.49778,-0.39270,0.78539,1.96349,2.74889,3.92699,5.10508,5.49778,1.57079,2.35619,3.53429,4.71238,-0.39270,0.78539,1.96349,2.74889,3.53429,4.31969,5.49778,0.39269,1.57079,2.74889,3.92699,-0.39270,0.00000,1.17809,2.35619,3.53429,-0.39270,-0.39270,0.39269,5.49778
222.86
3.14159,-2.74889,-1.57080,-0.78540,0.00000,1.17810,1.96350,-2.74889,-1.57080,-0.39270,0.78540,1.96350,3.14159,-1.96350,-1.17810,0.00000,1.17810,1.96350,2.74889,-2.74889,-1.57080,-0.39270,0.78540,1.96350,-2.74889,-1.96350,-0.78540,0.39270,1.57080,2.74889,-2.74889,-1.57080,5.89048,0.00000,1.17809,2.35619,3.14159,4.31969,5.49778,5.89048,1.96349,2.74889,3.92699,5.10508,0.00000,1.17809,2.35619,3.14159,3.92699,4.71239,5.89048,0.78539,1.96349,3.14159,4.31969,0.00000,0.39270,1.57079,2.74889,3.92699,0.00000,0.00000,0.78539,5.89048
