1.19
0.00000,0.00000,0.00000,0.00000,0.00000,0.00000,0.00000,0.00000,0.00000,0.00000,0.00000,0.00000,0.00000,0.00000,0.00000,0.00000,0.00000,0.00000,0.00000,0.00000,0.00000,0.00000,0.00000,0.00000,0.00000,0.00000,0.00000,0.00000,0.00000,0.00000,0.00000,0.00000
4.61
0.78540,-0.39270,-0.39270,1.17810,-0.78540,1.17810,2.74889,0.00000,0.78540,0.39270,1.57080,-0.78540,-1.17810,-0.39270,2.74889,0.39270,-0.39270,-1.57080,0.00000,0.00000,-0.39270,0.39270,0.00000,-1.57080,-0.78540,0.39270,0.78540,0.39270,-1.57080,-1.17810,-1.17810,-0.78540
6.01
-1.57080,-1.57080,-0.78540,2.74889,-0.39270,0.00000,-2.35619,0.78540,-1.57080,0.39270,-0.39270,-1.96350,-0.78540,1.57080,-1.96350,0.78540,0.39270,-2.35619,-1.17810,-0.39270,-0.78540,1.96350,-1.57080,-1.96350,-0.39270,1.96350,-2.74889,-2.74889,-1.96350,0.39270,0.78540,-0.39270
6.40
-0.39270,-1.17810,0.78540,1.96350,-0.78540,0.39270,-1.96350,0.00000,-2.74889,0.78540,-0.78540,-1.57080,-0.39270,1.96350,-0.78540,-2.35619,-2.35619,-2.74889,-0.39270,0.00000,0.00000,2.35619,-0.78540,0.78540,0.00000,1.17810,-2.74889,-2.74889,0.00000,-0.78540,0.39270,1.57080
10.66
-1.17810,-1.57080,-0.78540,1.57080,0.39270,1.96350,-1.57080,-0.78540,-0.39270,-0.39270,2.74889,-2.74889,-0.39270,1.96350,1.17810,0.00000,-0.78540,-1.57080,0.00000,1.17810,-1.96350,3.14159,-2.74889,0.00000,0.39270,2.35619,-1.57080,-2.74889,-0.39270,-0.39270,-0.78540,1.57080
11.05
3.14159,-2.74889,-2.74889,2.74889,-2.74889,-2.35619,0.00000,-0.39270,-2.74889,3.14159,-2.74889,-1.96350,-2.35619,-2.74889,-2.74889,-1.17810,-2.74889,-2.74889,1.17810,0.78540,3.14159,3.14159,-2.74889,0.00000,0.78540,1.96350,-2.74889,-2.35619,0.39270,1.17810,2.35619,-1.57080
13.78
-2.74889,2.74889,-2.74889,-2.74889,-1.17810,-1.17810,-1.96350,-2.74889,-2.74889,-2.35619,-1.96350,1.96350,1.57080,2.74889,-1.57080,-0.39270,0.39270,0.39270,1.57080,-1.96350,-1.96350,-1.96350,1.17810,3.14159,-2.74889,-1.96350,1.17810,0.78540,1.57080,3.14159,3.14159,2.74889
14.11
2.74889,-2.74889,2.74889,0.39270,-1.96350,1.57080,3.14159,0.39270,1.57080,1.96350,-2.74889,-1.96350,0.78540,1.17810,2.74889,-2.74889,-2.74889,-2.74889,0.78540,1.96350,0.39270,1.57080,-2.35619,0.00000,1.17810,2.35619,-2.74889,-2.74889,0.00000,0.00000,1.96350,-2.74889
18.06
-0.39270,-2.74889,0.39270,-0.39270,-1.96350,3.14159,-2.35619,-0.39270,0.39270,1.57080,2.74889,-2.74889,-2.35619,2.74889,0.00000,1.17810,-2.74889,-2.74889,-0.78540,1.17810,1.57080,3.14159,-2.74889,-0.78540,0.39270,0.78540,-2.74889,-2.74889,-0.39270,-0.39270,2.35619,-2.74889
18.35
0.00000,-2.74889,-0.39270,1.57080,3.14159,2.74889,-2.74889,-0.39270,1.17810,1.17810,-2.74889,-1.57080,-0.39270,-0.39270,0.39270,-2.74889,1.17810,-2.35619,-0.78540,-1.57080,-2.74889,3.14159,-2.35619,-0.78540,0.39270,1.57080,-2.74889,-2.74889,-2.35619,1.17810,1.57080,-2.74889
21.24
-1.17810,-2.74889,1.96350,2.35619,2.74889,3.14159,1.96350,0.78540,2.35619,3.14159,-2.74889,-1.17810,-1.17810,0.39270,2.35619,-2.74889,-2.74889,-2.74889,-1.57080,0.78540,2.74889,3.14159,-2.35619,-0.39270,1.17810,2.74889,-2.74889,-2.74889,-0.39270,0.78540,2.74889,-2.74889
22.45
-1.57080,-2.74889,0.78540,1.96350,3.14159,3.14159,-0.39270,0.78540,0.39270,2.74889,-2.74889,-2.74889,-1.57080,1.96350,2.35619,-2.74889,-1.17810,-2.35619,-1.96350,0.78540,2.74889,3.14159,-1.96350,-1.57080,1.17810,2.74889,-2.74889,-2.74889,-1.17810,0.00000,1.57080,-2.74889
24.44
-1.57080,-2.74889,0.78540,2.35619,2.35619,3.14159,-1.17810,0.78540,1.17810,2.74889,-2.74889,-2.74889,-0.39270,1.96350,2.74889,-2.74889,-1.96350,-2.35619,-1.57080,1.96350,2.74889,3.14159,-1.57080,-0.39270,1.96350,2.74889,-2.74889,-2.74889,0.00000,-0.39270,1.96350,-2.74889
24.91
-1.96350,-2.74889,1.17810,1.96350,3.14159,3.14159,1.96350,0.39270,1.17810,2.74889,-2.74889,-2.35619,0.00000,1.96350,2.35619,-2.74889,-2.35619,-2.35619,0.00000,1.57080,1.17810,3.14159,-2.35619,0.00000,1.17810,2.74889,-2.74889,-2.74889,-0.78540,0.78540,1.96350,-2.74889
25.30
-2.74889,-2.35619,0.00000,1.96350,1.57080,3.14159,-1.96350,-1.17810,1.17810,1.96350,-2.74889,-2.74889,-1.17810,0.39270,0.78540,3.14159,-2.74889,-2.74889,-1.17810,1.57080,-2.74889,3.14159,-2.74889,-1.57080,0.39270,1.96350,-2.74889,-2.74889,0.00000,-0.39270,0.00000,2.74889
25.54
-1.17810,-2.74889,0.78540,2.74889,1.57080,3.14159,2.35619,-0.78540,0.00000,2.35619,-2.74889,-1.96350,-1.57080,0.78540,2.74889,-2.74889,-2.35619,-2.35619,0.00000,0.78540,2.74889,3.14159,-2.74889,-0.78540,0.39270,2.35619,-2.74889,-2.74889,-0.39270,0.78540,2.35619,-2.74889
26.00
-1.96350,-2.74889,0.00000,2.74889,3.14159,3.14159,-2.35619,-0.78540,1.17810,2.35619,-2.74889,-2.74889,-1.17810,0.78540,2.74889,-2.74889,-2.74889,-2.74889,-1.17810,1.17810,2.74889,3.14159,-2.74889,-1.17810,0.78540,2.74889,-2.74889,-2.74889,-1.17810,0.39270,2.35619,-2.74889
26.43
-2.35619,-2.74889,1.17810,1.96350,2.74889,3.14159,-1.57080,-1.57080,0.78540,1.96350,-2.74889,-2.74889,-1.17810,0.78540,1.57080,-2.74889,0.00000,-2.35619,-0.78540,0.39270,1.17810,3.14159,-2.74889,-1.17810,0.39270,1.57080,-2.74889,-2.74889,-2.35619,0.39270,2.74889,1.96350
26.55
-0.39270,-0.78540,-0.78540,2.35619,3.14159,2.74889,-1.17810,-1.17810,0.00000,1.57080,-2.74889,-2.35619,-0.39270,0.00000,1.96350,-2.74889,-1.17810,-1.96350,-1.17810,0.39270,2.74889,3.14159,-1.96350,-0.78540,0.39270,2.74889,-2.74889,-2.74889,-1.57080,0.00000,1.57080,-1.17810
27.17
-2.35619,-2.74889,0.00000,2.74889,3.14159,3.14159,-1.57080,-1.57080,1.17810,2.35619,-2.74889,-1.57080,-0.78540,0.39270,3.14159,-2.74889,-2.74889,-2.35619,-0.39270,0.00000,1.17810,3.14159,-2.74889,-1.17810,0.78540,2.74889,-2.74889,-2.74889,-0.78540,0.39270,2.35619,-2.74889
28.38
-0.78540,-1.57080,0.78540,1.17810,2.74889,3.14159,-1.57080,-0.78540,1.17810,2.74889,-2.74889,-2.74889,-0.39270,0.39270,2.74889,-2.74889,-2.74889,-2.74889,-1.57080,0.39270,2.74889,3.14159,-2.74889,-0.39270,1.17810,2.74889,-2.74889,-2.74889,-1.17810,0.39270,2.35619,-2.74889
28.47
-2.35619,-2.74889,-0.39270,1.96350,3.14159,3.14159,-0.78540,-0.39270,0.78540,2.74889,-2.74889,-1.96350,-0.39270,1.96350,3.14159,-2.74889,-1.96350,-2.74889,-1.17810,1.57080,1.96350,3.14159,-2.35619,-0.78540,0.39270,2.74889,-2.74889,-2.74889,-0.39270,0.39270,1.57080,-2.74889
30.60
-1.17810,-2.74889,0.78540,1.57080,3.14159,3.14159,-1.57080,-0.39270,0.39270,2.74889,-2.74889,-1.17810,-0.39270,1.17810,3.14159,-2.74889,-2.35619,-2.35619,-0.78540,0.78540,2.74889,3.14159,-1.96350,0.00000,0.39270,2.35619,-2.74889,-2.74889,-1.57080,0.00000,1.96350,-2.74889
31.90
-1.57080,-1.57080,0.78540,1.57080,3.14159,3.14159,-0.78540,-0.78540,0.78540,1.96350,-2.74889,-1.96350,0.00000,0.78540,3.14159,-2.74889,-2.74889,-2.35619,-0.78540,0.78540,3.14159,3.14159,-2.35619,-0.39270,1.17810,2.35619,-2.74889,-2.74889,-0.78540,0.00000,1.57080,-2.74889
32.69
-1.96350,-0.78540,0.39270,2.35619,3.14159,3.14159,-0.39270,-1.17810,0.78540,2.35619,-2.74889,-2.74889,-0.78540,0.78540,1.17810,-2.74889,-2.35619,-2.35619,-0.39270,1.17810,2.35619,3.14159,-2.35619,-0.78540,0.78540,1.57080,-2.74889,-2.74889,-1.17810,0.39270,1.57080,2.74889
32.81
-2.35619,-1.57080,1.17810,1.96350,3.14159,3.14159,-1.96350,0.39270,1.17810,2.74889,-2.74889,-1.96350,-0.78540,1.17810,2.74889,-2.74889,-2.35619,-1.96350,-1.17810,1.57080,1.96350,3.14159,-1.96350,-0.39270,0.78540,1.96350,-2.74889,-2.74889,-1.17810,0.39270,1.96350,-2.74889
33.58
-1.57080,-1.17810,2.35619,1.17810,3.14159,3.14159,-1.57080,0.00000,1.17810,2.74889,-2.74889,-1.57080,-0.39270,1.57080,2.74889,-2.74889,-2.35619,-1.96350,-0.39270,1.17810,1.96350,3.14159,-1.96350,0.00000,0.78540,2.74889,-2.74889,-2.74889,-0.39270,0.39270,2.74889,-2.74889
33.81
-1.57080,0.00000,-0.39270,0.78540,3.14159,3.14159,-1.96350,0.00000,1.17810,2.74889,-2.74889,-2.35619,-0.39270,0.78540,2.35619,-2.74889,-2.74889,-2.74889,-1.17810,0.78540,3.14159,3.14159,-1.57080,-0.39270,0.78540,1.96350,-2.74889,-1.17810,-0.78540,0.78540,1.57080,-2.74889
34.74
-1.57080,-1.17810,0.78540,1.57080,3.14159,3.14159,-0.78540,0.00000,1.17810,1.96350,-2.74889,-1.17810,-0.39270,0.39270,3.14159,-2.74889,-2.74889,-1.57080,0.39270,1.17810,3.14159,3.14159,-1.96350,-0.39270,0.39270,2.35619,-2.74889,-1.96350,0.00000,1.57080,1.96350,-2.74889
36.00
-1.17810,-0.78540,1.17810,2.35619,3.14159,3.14159,-1.57080,0.39270,1.57080,2.74889,-2.74889,-0.78540,0.78540,1.17810,2.74889,-2.74889,-1.96350,-0.78540,0.39270,1.17810,2.74889,3.14159,-1.17810,-0.39270,1.57080,2.35619,-2.74889,-0.39270,0.39270,1.57080,1.96350,-2.74889
37.03
-1.96350,-1.17810,0.00000,0.39270,2.74889,3.14159,-1.57080,0.00000,0.39270,2.35619,-2.74889,-1.57080,-0.78540,0.78540,1.96350,-2.74889,-1.96350,-1.96350,-1.17810,1.17810,2.35619,3.14159,-1.96350,-0.39270,0.78540,1.96350,-2.74889,-2.74889,-0.78540,0.78540,1.96350,-2.74889
38.07
-1.57080,0.00000,1.17810,1.57080,2.35619,3.14159,-1.17810,0.00000,0.78540,2.74889,-2.74889,-1.57080,-0.39270,1.17810,2.35619,-2.74889,-1.57080,-0.78540,-0.39270,0.78540,2.74889,3.14159,-1.96350,-1.17810,1.17810,2.74889,-2.74889,-1.96350,-0.39270,1.17810,1.57080,-2.74889
38.56
-1.57080,-1.17810,0.39270,1.17810,2.74889,3.14159,-1.57080,0.00000,0.78540,1.96350,-2.74889,-1.57080,-0.39270,0.78540,2.74889,-2.74889,-2.35619,-1.57080,-0.78540,1.17810,2.35619,3.14159,-1.17810,-0.78540,0.78540,1.96350,-2.74889,-1.96350,-0.39270,1.17810,1.57080,-2.74889
38.62
-1.57080,-0.39270,0.78540,1.17810,3.14159,3.14159,-1.57080,-0.78540,0.39270,2.35619,-2.74889,-1.96350,0.00000,0.78540,2.74889,-2.74889,-2.74889,-1.57080,-0.78540,0.78540,1.96350,3.14159,-1.96350,-0.78540,0.39270,1.96350,-2.74889,-1.96350,-0.78540,0.39270,1.96350,-2.74889
38.79
-1.57080,-1.17810,0.39270,1.57080,3.14159,3.14159,-1.57080,-0.39270,1.17810,2.35619,-2.74889,-1.17810,0.00000,0.78540,2.74889,-2.74889,-2.74889,-1.17810,-0.78540,0.78540,2.35619,3.14159,-1.96350,-0.39270,0.78540,1.96350,-2.74889,-1.96350,-0.39270,0.78540,2.35619,-2.74889
38.92
-1.96350,0.39270,-0.39270,1.17810,1.96350,3.14159,-1.57080,-0.78540,0.78540,2.74889,-2.74889,-1.57080,-0.39270,1.17810,1.96350,-2.74889,-2.74889,-1.57080,0.00000,0.78540,2.35619,3.14159,-1.57080,-0.78540,0.78540,1.96350,-2.74889,-1.96350,-0.39270,0.39270,1.57080,3.14159
39.37
-1.17810,-0.39270,1.57080,1.57080,3.14159,3.14159,-1.17810,0.00000,1.17810,2.74889,-2.74889,-0.78540,0.39270,1.17810,2.35619,-2.74889,-1.96350,-1.17810,0.00000,1.57080,2.35619,3.14159,-1.17810,-0.78540,1.17810,2.35619,-2.74889,-1.17810,-0.39270,0.78540,1.96350,-2.74889
40.13
-1.96350,-0.78540,0.00000,1.57080,1.96350,3.14159,-1.57080,-0.39270,1.17810,1.96350,-2.74889,-1.17810,-0.78540,1.17810,1.96350,-2.74889,-2.35619,-1.17810,-0.39270,0.39270,1.96350,3.14159,-1.96350,-0.78540,0.78540,1.96350,-2.74889,-1.96350,-1.17810,0.39270,1.96350,3.14159
40.25
-1.57080,-0.78540,0.00000,0.78540,1.96350,3.14159,-1.57080,0.00000,1.17810,2.35619,-2.74889,-1.57080,0.00000,0.78540,1.96350,-2.74889,-2.74889,-1.17810,-0.39270,0.39270,1.96350,3.14159,-1.96350,-0.39270,0.78540,1.96350,-2.74889,-1.57080,-0.39270,0.78540,1.57080,3.14159
40.65
-1.96350,-0.39270,0.78540,1.17810,2.35619,3.14159,-1.17810,-0.39270,0.78540,2.35619,-2.74889,-1.57080,0.00000,0.78540,1.96350,-2.74889,-2.74889,-1.57080,-0.39270,0.78540,1.96350,3.14159,-1.96350,-0.78540,0.78540,1.57080,-2.74889,-1.96350,-0.39270,0.39270,1.96350,3.14159
40.95
-1.57080,-0.78540,0.39270,1.17810,2.35619,3.14159,-1.96350,-0.39270,0.78540,1.96350,-2.74889,-1.57080,-0.39270,0.39270,2.35619,-2.74889,-2.35619,-1.57080,-0.39270,0.78540,1.96350,3.14159,-1.96350,-0.78540,0.39270,1.57080,-2.74889,-1.96350,-0.78540,0.78540,1.96350,3.14159
41.36
-1.57080,0.00000,0.39270,1.57080,2.35619,3.14159,-1.57080,-0.39270,0.78540,1.96350,-2.74889,-1.57080,-0.39270,0.78540,2.35619,-2.74889,-1.96350,-1.17810,-0.78540,0.78540,1.96350,3.14159,-1.96350,-0.78540,0.39270,1.96350,-2.74889,-1.57080,-0.78540,0.78540,1.96350,3.14159
41.45
-1.57080,0.00000,0.78540,1.17810,2.35619,3.14159,-1.17810,-0.39270,1.17810,2.35619,-2.74889,-1.17810,0.00000,0.78540,2.35619,-2.74889,-1.96350,-1.17810,-0.39270,1.17810,1.96350,3.14159,-1.96350,-0.39270,0.78540,1.96350,-2.74889,-1.96350,-0.39270,0.78540,1.96350,3.14159
41.62
-1.57080,-0.39270,0.39270,1.17810,1.96350,3.14159,-1.57080,-0.39270,0.78540,1.96350,-2.74889,-1.57080,-0.39270,1.17810,1.96350,-2.74889,-2.35619,-1.17810,-0.39270,0.78540,1.96350,3.14159,-1.96350,-0.78540,0.39270,1.96350,-2.74889,-1.96350,-0.78540,0.78540,1.96350,3.14159
41.65
-1.57080,0.00000,0.78540,1.17810,2.74889,3.14159,-1.17810,0.00000,1.17810,2.35619,-2.74889,-1.17810,0.00000,1.17810,2.35619,-2.74889,-1.96350,-0.78540,0.00000,1.17810,2.35619,3.14159,-1.57080,-0.39270,0.78540,2.35619,-2.74889,-1.57080,-0.39270,0.78540,1.96350,-2.74889
41.71
-1.17810,0.00000,0.78540,1.17810,2.35619,3.14159,-1.17810,0.00000,1.17810,2.35619,-2.74889,-1.17810,0.00000,1.17810,2.35619,-2.74889,-1.57080,-0.78540,0.00000,1.17810,2.35619,3.14159,-1.57080,-0.39270,0.78540,2.35619,-2.74889,-1.57080,-0.39270,0.78540,1.96350,-2.74889
41.76
-1.17810,-0.39270,0.78540,1.57080,2.74889,3.14159,-1.17810,0.00000,1.17810,2.35619,-2.74889,-1.17810,0.00000,1.17810,2.35619,-2.74889,-1.57080,-0.78540,0.00000,1.17810,2.35619,3.14159,-1.57080,-0.39270,0.78540,2.35619,-2.74889,-1.57080,-0.39270,0.78540,1.96350,-2.74889
41.80
-1.17810,0.00000,0.39270,1.17810,2.74889,3.14159,-1.17810,0.00000,1.17810,2.35619,-2.74889,-1.17810,0.00000,1.17810,2.35619,-2.74889,-1.57080,-1.17810,0.00000,1.17810,2.35619,3.14159,-1.57080,-0.39270,0.78540,2.35619,-2.74889,-1.57080,-0.39270,0.78540,1.96350,3.14159
41.83
-1.57080,0.00000,0.78540,1.57080,2.74889,3.14159,-1.17810,0.00000,1.17810,2.35619,-2.74889,-1.17810,0.00000,1.17810,2.35619,-2.74889,-1.57080,-0.78540,0.00000,0.78540,2.35619,3.14159,-1.57080,-0.39270,0.78540,2.35619,-2.74889,-1.57080,-0.39270,0.78540,1.96350,3.14159
41.86
-1.17810,-0.39270,0.78540,1.17810,2.74889,3.14159,-1.17810,0.00000,1.17810,2.35619,-2.74889,-1.17810,0.00000,1.17810,2.35619,-2.74889,-1.57080,-0.78540,0.00000,1.17810,2.35619,3.14159,-1.57080,-0.39270,0.78540,2.35619,-2.74889,-1.57080,-0.39270,0.78540,1.96350,3.14159
41.88
-1.17810,0.00000,0.39270,1.57080,2.74889,3.14159,-1.17810,0.00000,1.17810,2.35619,-2.74889,-1.17810,0.00000,1.17810,2.35619,-2.74889,-1.57080,-0.78540,0.00000,1.17810,2.35619,3.14159,-1.57080,-0.39270,0.78540,2.35619,-2.74889,-1.57080,-0.39270,0.78540,1.96350,3.14159
41.89
-1.17810,0.00000,0.78540,1.57080,2.35619,3.14159,-1.17810,0.00000,1.17810,2.35619,-2.74889,-1.17810,0.00000,1.17810,2.35619,-2.74889,-1.57080,-1.17810,0.00000,1.17810,2.35619,3.14159,-1.57080,-0.39270,0.78540,2.35619,-2.74889,-1.57080,-0.39270,0.78540,1.96350,3.14159
41.92
-1.17810,-0.39270,0.78540,1.57080,2.74889,3.14159,-1.17810,0.00000,1.17810,2.35619,-2.74889,-1.17810,0.00000,1.17810,2.35619,-2.74889,-1.57080,-0.78540,0.00000,1.17810,2.35619,3.14159,-1.57080,-0.39270,0.78540,2.35619,-2.74889,-1.57080,-0.39270,0.78540,1.96350,3.14159
41.94
-1.17810,0.00000,0.78540,1.57080,2.74889,3.14159,-1.17810,0.00000,1.17810,2.35619,-2.74889,-1.17810,0.00000,1.17810,2.35619,-2.74889,-1.57080,-0.78540,0.00000,1.17810,2.35619,3.14159,-1.57080,-0.39270,0.78540,2.35619,-2.74889,-1.57080,-0.39270,0.78540,1.96350,3.14159
