1.30
0.00000,0.00000,0.00000,0.00000,0.00000,0.00000,0.00000,0.00000,0.00000,0.00000,0.00000,0.00000,0.00000,0.00000,0.00000,0.00000,0.00000,0.00000,0.00000,0.00000,0.00000,0.00000,0.00000,0.00000,0.00000,0.00000,0.00000,0.00000,0.00000,0.00000,0.00000,0.00000
2.76
-0.39270,-1.17810,0.39270,0.39270,0.39270,0.78540,0.00000,-1.96350,0.39270,0.39270,-1.17810,1.17810,0.39270,0.00000,-0.78540,-0.39270,0.00000,0.39270,0.39270,-1.57080,0.00000,0.00000,0.00000,0.78540,1.17810,-1.57080,0.00000,-0.39270,-0.78540,-0.39270,-1.17810,-1.96350
4.23
-1.96350,-1.17810,-0.39270,0.39270,-1.17810,0.00000,0.00000,-2.74889,2.74889,2.35619,0.78540,1.17810,1.96350,-2.74889,-0.78540,-1.96350,-0.39270,-0.39270,1.17810,-2.74889,2.35619,-0.39270,-0.39270,0.39270,-0.78540,-1.57080,1.96350,-1.57080,0.00000,0.00000,-1.57080,-1.17810
4.28
-0.39270,-1.17810,-0.78540,-2.74889,0.78540,-1.96350,-1.96350,1.17810,0.00000,-0.39270,-2.74889,-2.74889,-0.39270,0.39270,1.57080,-2.74889,-1.96350,2.35619,-1.96350,3.14159,0.00000,-0.39270,-2.74889,0.00000,-0.39270,-1.96350,2.35619,-0.39270,2.74889,0.39270,-0.39270,0.00000
4.83
-1.57080,-2.35619,0.39270,-2.74889,0.78540,-2.74889,-2.35619,1.17810,-1.57080,0.39270,-1.96350,-2.35619,-1.17810,1.57080,2.74889,-2.74889,-2.74889,2.35619,-2.74889,0.00000,0.78540,0.39270,-2.74889,0.00000,-2.74889,-2.35619,1.57080,0.00000,2.74889,-1.57080,-0.78540,1.17810
10.00
-0.39270,-2.74889,1.17810,-2.74889,-0.39270,-2.74889,-2.74889,3.14159,-0.78540,1.96350,0.78540,-2.35619,-1.96350,0.39270,0.78540,-1.57080,-1.96350,0.39270,-1.17810,-0.78540,0.00000,0.78540,-2.74889,-2.35619,-2.35619,-0.39270,1.57080,2.74889,1.17810,-1.57080,-2.74889,1.57080
14.67
3.14159,-2.74889,3.14159,-2.74889,-0.78540,0.78540,3.14159,3.14159,-1.96350,-2.74889,-0.39270,1.57080,2.74889,-2.74889,-2.74889,2.74889,-2.74889,1.96350,3.14159,3.14159,3.14159,-0.78540,-1.57080,2.74889,3.14159,-2.74889,-2.74889,1.17810,0.78540,-2.74889,-2.35619,-2.74889
21.28
-2.74889,2.74889,2.74889,-2.35619,0.00000,1.57080,-1.96350,-2.74889,-2.74889,-0.39270,0.00000,1.17810,3.14159,-2.74889,-2.74889,-1.17810,2.35619,2.74889,2.74889,-2.74889,2.74889,-1.96350,0.39270,1.17810,2.35619,-2.74889,-2.74889,0.00000,0.78540,2.35619,3.14159,0.39270
21.68
2.74889,-2.74889,0.78540,-2.74889,1.57080,0.78540,1.96350,-2.74889,-1.96350,-2.35619,0.78540,0.78540,3.14159,1.57080,-1.96350,-0.78540,1.17810,2.35619,1.57080,3.14159,-2.74889,-1.17810,-0.78540,1.17810,-2.74889,-2.74889,-0.39270,0.00000,1.96350,3.14159,-2.74889,2.35619
26.59
2.74889,-2.74889,-0.78540,-2.35619,0.39270,0.39270,2.35619,-2.74889,-2.74889,-2.35619,1.17810,1.17810,3.14159,-1.17810,-1.96350,0.00000,1.57080,3.14159,2.74889,3.14159,-2.74889,-1.57080,0.00000,1.17810,-2.74889,-2.74889,-0.78540,0.78540,0.00000,3.14159,-2.74889,-2.74889
26.68
-1.96350,-2.35619,3.14159,-1.17810,-2.74889,1.17810,-2.74889,-2.74889,-2.74889,0.39270,0.78540,2.74889,3.14159,-1.57080,-1.17810,0.39270,3.14159,1.57080,2.35619,-2.74889,-1.96350,-0.39270,0.39270,2.35619,-2.74889,-2.74889,0.00000,-0.39270,1.57080,3.14159,-2.74889,-2.74889
29.65
2.74889,-2.74889,1.17810,-2.74889,1.17810,0.78540,2.35619,-2.74889,-2.74889,-1.57080,0.39270,2.35619,3.14159,-2.74889,-1.17810,0.00000,0.78540,3.14159,1.17810,3.14159,-2.35619,-1.57080,0.78540,0.78540,-2.74889,-2.74889,-0.78540,-0.39270,0.78540,3.14159,-2.74889,-2.74889
30.11
2.74889,-2.74889,0.39270,-1.96350,0.78540,0.78540,2.74889,-2.74889,-2.74889,-0.39270,1.17810,1.57080,3.14159,-2.35619,-1.17810,-1.17810,1.57080,3.14159,0.39270,3.14159,-2.74889,-1.17810,1.17810,1.96350,-2.74889,-2.74889,-0.78540,0.39270,1.17810,3.14159,-2.74889,-2.74889
30.18
1.57080,-2.35619,3.14159,-2.74889,-0.78540,0.78540,2.74889,-2.74889,-2.74889,-2.35619,0.39270,2.35619,3.14159,-2.74889,-2.35619,-0.39270,1.57080,3.14159,2.35619,3.14159,-2.74889,-1.17810,0.78540,1.57080,-2.74889,-2.74889,-0.39270,-0.39270,1.57080,2.74889,-2.74889,-2.74889
30.57
3.14159,-1.57080,3.14159,-1.57080,-1.57080,1.96350,2.35619,-2.74889,-2.74889,0.00000,0.78540,2.74889,3.14159,-2.74889,-1.57080,-0.39270,1.96350,1.57080,2.35619,3.14159,-2.74889,0.39270,0.00000,1.57080,-2.74889,-2.74889,-1.57080,0.78540,1.17810,2.74889,-2.74889,-2.74889
31.06
2.74889,-2.74889,1.96350,-2.35619,-1.17810,0.78540,1.96350,-2.74889,-2.74889,-0.39270,1.17810,1.57080,3.14159,-2.35619,-2.35619,-1.17810,1.17810,2.74889,1.17810,2.74889,-2.74889,-0.39270,0.78540,0.78540,-2.74889,-2.74889,-0.78540,0.00000,0.39270,2.74889,-2.74889,-2.74889
32.16
1.96350,-2.74889,-1.17810,-2.74889,0.39270,0.00000,2.74889,-2.74889,-2.35619,-1.57080,0.00000,2.35619,3.14159,-2.74889,-1.96350,-0.39270,1.17810,3.14159,2.35619,3.14159,-2.74889,-0.39270,0.39270,0.78540,-2.74889,-2.74889,-1.96350,0.00000,1.17810,3.14159,-2.74889,-2.74889
34.38
3.14159,-2.74889,0.00000,-1.17810,0.00000,0.39270,2.74889,-2.74889,-1.96350,0.00000,0.39270,1.96350,3.14159,-2.74889,-1.17810,-0.39270,2.35619,3.14159,1.96350,3.14159,-2.74889,0.00000,0.78540,1.57080,-2.74889,-2.74889,-0.39270,0.78540,1.96350,2.74889,-2.74889,-2.74889
35.82
2.74889,-2.35619,-1.57080,-1.96350,-0.78540,0.39270,1.17810,-2.74889,-2.74889,-0.39270,0.78540,1.17810,3.14159,-2.74889,-1.57080,-0.78540,1.57080,3.14159,1.96350,3.14159,-2.35619,-0.39270,0.78540,1.57080,-2.74889,-2.74889,-1.57080,0.39270,1.17810,3.14159,-2.74889,-2.74889
35.86
3.14159,-2.74889,-2.74889,-1.96350,0.00000,0.78540,3.14159,-2.74889,-2.74889,-1.17810,0.39270,1.57080,3.14159,-2.74889,-1.96350,-0.39270,0.78540,2.74889,2.35619,3.14159,-2.74889,0.00000,0.78540,2.35619,-2.74889,-2.74889,-1.17810,-0.39270,1.17810,3.14159,-2.74889,-1.57080
35.98
3.14159,-2.74889,-2.74889,-0.78540,-0.39270,1.17810,2.74889,-2.74889,-2.74889,-0.39270,1.17810,1.96350,3.14159,-2.74889,-1.96350,-0.39270,1.57080,2.74889,2.74889,3.14159,-1.96350,-1.57080,0.39270,1.96350,-2.74889,-2.74889,-0.78540,0.00000,0.78540,3.14159,-2.74889,-2.74889
36.18
3.14159,-2.74889,-2.74889,-1.17810,0.00000,1.17810,2.74889,-2.74889,-2.74889,0.00000,0.78540,1.17810,3.14159,-2.74889,-1.17810,-0.78540,0.78540,2.74889,2.35619,3.14159,-2.74889,-0.78540,0.39270,1.96350,-2.74889,-2.74889,0.00000,0.00000,1.57080,3.14159,-2.74889,-1.96350
36.39
3.14159,-2.74889,-2.74889,-2.35619,-0.39270,0.78540,3.14159,-2.74889,-2.74889,-0.78540,0.39270,1.57080,3.14159,-2.74889,-2.35619,-0.39270,0.39270,2.74889,2.35619,3.14159,-2.74889,-0.39270,0.39270,1.96350,-2.74889,-2.74889,-1.57080,0.00000,1.57080,2.74889,-2.74889,-2.35619
36.61
3.14159,-2.74889,-2.74889,-2.35619,0.00000,1.17810,1.57080,-2.74889,-2.74889,-1.57080,0.78540,1.96350,3.14159,-2.74889,-2.35619,0.00000,0.78540,3.14159,1.96350,3.14159,-2.74889,-0.78540,0.78540,1.57080,-2.74889,-2.74889,-1.17810,0.39270,1.17810,2.74889,-2.74889,-1.96350
37.25
3.14159,-2.74889,-2.74889,-2.74889,0.00000,0.78540,2.35619,-2.74889,-2.74889,-1.17810,0.39270,1.96350,3.14159,-2.74889,-1.96350,-0.78540,0.39270,2.74889,2.35619,3.14159,-2.74889,-0.78540,0.00000,1.57080,-2.74889,-2.74889,-0.78540,0.00000,1.17810,3.14159,-2.74889,-2.35619
38.08
3.14159,-2.74889,-2.74889,-2.74889,0.00000,1.17810,1.57080,-2.74889,-2.74889,-0.78540,0.39270,1.57080,3.14159,-2.74889,-1.17810,-0.39270,0.39270,2.35619,2.74889,3.14159,-2.35619,-0.78540,0.39270,1.57080,-2.74889,-2.74889,-0.39270,0.00000,1.17810,3.14159,-2.74889,-2.74889
38.59
3.14159,-2.74889,-1.57080,-1.17810,0.00000,1.17810,2.35619,-2.74889,-2.74889,-0.78540,0.78540,1.96350,3.14159,-2.74889,-1.96350,0.00000,1.57080,3.14159,2.35619,3.14159,-1.57080,-0.39270,0.39270,2.35619,-2.74889,-2.74889,-0.78540,0.00000,1.17810,3.14159,-2.74889,-2.74889
39.31
3.14159,-2.74889,-2.74889,-1.17810,0.78540,1.57080,2.74889,-2.74889,-2.74889,-0.39270,1.17810,1.96350,3.14159,-2.74889,-1.57080,0.00000,0.78540,1.96350,2.74889,3.14159,-1.96350,-0.78540,0.39270,2.35619,-2.74889,-2.74889,-1.17810,0.39270,1.17810,2.74889,-2.74889,-1.17810
39.51
3.14159,-2.74889,-2.35619,-1.17810,0.78540,1.57080,2.74889,-2.74889,-2.74889,-0.39270,0.78540,1.96350,3.14159,-2.74889,-1.96350,-0.39270,0.78540,1.96350,2.74889,3.14159,-2.35619,-0.78540,0.39270,1.96350,-2.74889,-2.74889,-1.17810,0.39270,1.17810,2.74889,-2.74889,-1.17810
39.86
3.14159,-2.74889,-1.57080,-1.17810,0.00000,0.78540,2.74889,-2.74889,-2.74889,-0.78540,0.39270,1.96350,3.14159,-2.74889,-1.17810,-0.78540,1.17810,1.96350,2.35619,3.14159,-2.35619,-0.78540,0.00000,1.96350,-2.74889,-2.74889,-1.17810,0.00000,0.78540,3.14159,-2.74889,-2.35619
40.04
3.14159,-2.74889,-2.74889,-2.35619,-0.39270,0.78540,2.35619,-2.74889,-2.74889,-0.78540,0.39270,1.96350,3.14159,-2.74889,-1.17810,0.00000,1.57080,2.35619,2.74889,3.14159,-1.57080,-0.39270,0.39270,1.96350,-2.74889,-2.74889,-0.39270,0.39270,1.17810,3.14159,-2.74889,-1.96350
40.49
3.14159,-2.74889,-2.74889,-1.17810,-0.39270,1.17810,1.57080,-2.74889,-2.35619,-0.39270,0.39270,1.96350,3.14159,-2.74889,-1.57080,0.39270,1.57080,2.35619,1.96350,3.14159,-1.96350,-0.39270,0.00000,1.96350,-2.74889,-2.74889,-0.78540,0.00000,1.17810,3.14159,-2.74889,-1.96350
40.51
3.14159,-2.74889,-2.35619,-1.96350,-0.39270,0.78540,2.74889,-2.74889,-2.35619,-1.17810,0.78540,1.96350,3.14159,-2.74889,-1.17810,0.00000,0.78540,3.14159,2.35619,3.14159,-1.96350,-0.39270,0.39270,1.57080,-2.74889,-2.74889,-0.78540,-0.39270,1.57080,2.74889,-2.74889,-1.96350
40.67
3.14159,-2.74889,-2.74889,-1.17810,0.00000,0.78540,1.57080,-2.74889,-2.74889,-0.78540,0.78540,1.57080,3.14159,-2.74889,-1.17810,0.39270,0.39270,1.96350,2.74889,3.14159,-1.96350,-0.78540,0.78540,1.57080,-2.74889,-2.74889,-1.17810,0.00000,0.78540,3.14159,-2.74889,-1.96350
40.76
3.14159,-2.74889,-2.74889,-0.39270,-0.39270,1.17810,2.35619,-2.74889,-1.96350,-0.78540,0.39270,2.35619,3.14159,-2.74889,-1.17810,0.39270,1.17810,2.74889,2.74889,3.14159,-1.96350,-0.78540,0.78540,2.35619,-2.74889,-2.74889,-0.78540,0.39270,1.17810,3.14159,-2.74889,-1.17810
40.77
2.35619,-2.74889,-1.57080,-0.78540,0.39270,1.17810,2.74889,-2.74889,-2.35619,0.00000,0.78540,2.35619,3.14159,-2.74889,-1.17810,-0.39270,1.57080,1.96350,2.74889,-2.74889,-1.96350,-0.39270,0.39270,1.57080,-2.74889,-2.74889,-0.78540,0.39270,1.96350,3.14159,-2.74889,-2.35619
40.98
3.14159,-2.74889,-2.74889,-1.57080,-0.78540,0.39270,2.74889,-2.74889,-2.35619,-1.17810,0.39270,1.57080,3.14159,-2.74889,-1.57080,-0.78540,1.57080,1.57080,2.35619,3.14159,-1.17810,-0.78540,0.78540,1.57080,-2.74889,-2.74889,-0.78540,0.00000,1.57080,2.35619,-2.74889,-1.96350
41.02
2.74889,-2.74889,-2.35619,-1.17810,-0.39270,1.17810,2.74889,-2.74889,-2.35619,-0.39270,0.78540,1.96350,3.14159,-2.74889,-1.17810,0.39270,1.17810,2.74889,2.74889,3.14159,-1.96350,0.00000,0.78540,1.57080,-2.74889,-2.74889,-0.78540,0.78540,1.96350,3.14159,-2.74889,-1.96350
41.34
3.14159,-2.74889,-2.74889,-1.17810,0.00000,1.17810,2.74889,-2.74889,-1.96350,-0.78540,0.78540,1.57080,3.14159,-2.74889,-1.17810,0.00000,1.57080,1.96350,2.74889,3.14159,-2.35619,0.00000,0.39270,1.57080,-2.74889,-2.74889,-0.78540,0.00000,1.17810,3.14159,-2.74889,-1.96350
41.50
3.14159,-2.74889,-2.35619,-1.96350,-0.39270,1.17810,1.96350,-2.74889,-2.35619,-1.17810,0.39270,1.57080,3.14159,-2.74889,-1.57080,0.00000,0.78540,1.57080,2.35619,3.14159,-1.96350,-0.78540,0.78540,1.57080,-2.74889,-2.74889,-1.57080,0.39270,1.57080,3.14159,-2.74889,-2.35619
41.74
3.14159,-2.74889,-2.74889,-0.78540,0.00000,0.78540,2.74889,-2.74889,-2.35619,-0.39270,0.39270,1.17810,3.14159,-2.74889,-1.17810,0.39270,1.17810,1.57080,2.74889,3.14159,-1.57080,-0.39270,0.39270,1.57080,-2.74889,-2.74889,-1.17810,0.00000,1.17810,2.74889,-2.74889,-1.17810
42.25
3.14159,-2.74889,-1.57080,-1.17810,-0.39270,1.17810,1.96350,-2.74889,-2.74889,-0.78540,0.39270,1.57080,3.14159,-2.74889,-1.57080,-0.39270,1.17810,2.35619,2.74889,-2.74889,-1.57080,-0.39270,0.39270,1.96350,-2.74889,-2.74889,-0.78540,-0.39270,1.17810,2.35619,-2.74889,-1.57080
42.32
3.14159,-2.74889,-1.17810,-1.57080,-0.39270,1.17810,2.74889,-2.74889,-2.35619,-0.78540,0.39270,1.57080,3.14159,-2.74889,-1.17810,-0.39270,1.57080,1.17810,3.14159,-2.74889,-1.57080,-0.39270,0.39270,1.57080,-2.74889,-2.74889,-0.78540,0.00000,1.17810,2.74889,-2.74889,-1.96350
42.67
3.14159,-2.74889,-1.57080,-0.78540,0.00000,0.78540,2.74889,-2.74889,-1.96350,-0.39270,0.78540,1.96350,3.14159,-2.74889,-1.96350,-0.39270,0.78540,1.57080,2.74889,-2.74889,-1.57080,-0.39270,0.39270,1.57080,-2.74889,-2.74889,-0.39270,0.00000,1.57080,2.74889,-2.74889,-1.57080
42.68
3.14159,-2.74889,-1.57080,-0.78540,0.00000,1.57080,2.35619,-2.74889,-1.96350,-0.78540,0.00000,1.57080,3.14159,-2.74889,-1.57080,0.00000,1.17810,1.96350,3.14159,-2.74889,-1.57080,-0.78540,0.78540,1.57080,-2.74889,-2.74889,-1.17810,0.39270,1.57080,2.74889,-2.74889,-1.96350
42.93
3.14159,-2.74889,-1.96350,-1.17810,0.00000,0.78540,2.74889,-2.74889,-1.96350,-0.39270,0.39270,1.57080,3.14159,-2.74889,-1.17810,0.00000,0.78540,0.78540,2.74889,-2.74889,-1.96350,-0.78540,0.00000,1.57080,-2.74889,-2.74889,-0.78540,0.00000,1.17810,2.35619,-2.74889,-1.96350
42.96
3.14159,-2.74889,-1.57080,-0.39270,0.00000,0.78540,2.35619,-2.74889,-1.96350,-0.78540,0.78540,1.96350,3.14159,-2.74889,-1.17810,0.00000,1.17810,2.35619,3.14159,-2.74889,-1.57080,-0.78540,0.39270,1.96350,-2.74889,-2.74889,-1.17810,0.00000,1.57080,2.74889,-2.74889,-1.17810
43.18
3.14159,-2.74889,-1.57080,-0.78540,0.39270,1.17810,2.74889,-2.74889,-2.35619,-0.39270,0.78540,1.96350,3.14159,-2.74889,-1.17810,0.00000,1.17810,1.96350,2.74889,-2.74889,-1.57080,-0.39270,0.39270,1.96350,-2.74889,-2.74889,-0.78540,0.00000,1.57080,3.14159,-2.74889,-1.57080
43.43
3.14159,-2.74889,-1.57080,-1.96350,-0.39270,1.17810,2.74889,-2.74889,-1.57080,-0.78540,0.78540,1.57080,3.14159,-2.74889,-1.17810,0.00000,1.17810,1.96350,2.74889,-2.74889,-1.57080,-0.39270,0.78540,1.57080,-2.74889,-2.74889,-0.78540,0.00000,1.57080,2.74889,-2.74889,-1.57080
43.50
3.14159,-2.74889,-1.96350,-1.57080,-0.39270,1.17810,2.74889,-2.74889,-1.57080,-0.78540,0.78540,1.96350,3.14159,-2.74889,-0.78540,0.00000,1.57080,1.57080,2.35619,-2.74889,-1.57080,-0.39270,0.39270,1.96350,-2.74889,-2.74889,-0.78540,0.00000,1.17810,2.74889,-2.74889,-1.57080
43.55
3.14159,-2.74889,-1.57080,-1.17810,0.00000,1.17810,1.96350,-2.74889,-1.96350,-0.39270,0.78540,1.57080,3.14159,-2.74889,-1.17810,-0.39270,1.17810,1.57080,3.14159,-2.74889,-1.57080,0.00000,0.39270,1.96350,-2.74889,-2.74889,-0.78540,0.39270,1.57080,2.74889,-2.74889,-1.96350
44.04
3.14159,-2.74889,-1.57080,-0.78540,0.00000,1.17810,1.96350,-2.74889,-1.96350,-0.78540,0.39270,1.96350,3.14159,-2.74889,-1.17810,0.00000,0.78540,1.57080,2.74889,-2.74889,-1.57080,-0.39270,0.78540,1.96350,-2.74889,-2.74889,-0.78540,0.39270,1.17810,2.35619,-2.74889,-2.35619
44.28
3.14159,-2.74889,-1.96350,-0.78540,0.00000,1.17810,2.35619,-2.74889,-1.57080,-0.39270,0.78540,1.96350,3.14159,-2.74889,-1.17810,0.39270,1.17810,1.96350,3.14159,-2.74889,-1.57080,-0.39270,0.78540,1.96350,-2.74889,-2.74889,-0.78540,0.39270,1.57080,2.74889,-2.74889,-1.96350
44.32
3.14159,-2.74889,-1.57080,-1.17810,0.00000,0.78540,2.35619,-2.74889,-1.57080,-0.78540,0.78540,1.96350,3.14159,-2.74889,-1.17810,0.39270,1.17810,1.96350,3.14159,-2.74889,-1.57080,-0.39270,0.78540,1.96350,-2.74889,-2.74889,-0.78540,0.39270,1.57080,2.74889,-2.74889,-1.57080
44.40
3.14159,-2.74889,-1.96350,-1.17810,0.39270,1.17810,2.35619,-2.74889,-1.96350,-0.78540,0.78540,1.96350,3.14159,-2.74889,-1.17810,0.00000,1.17810,1.96350,3.14159,-2.74889,-1.57080,-0.39270,0.78540,1.96350,-2.74889,-2.74889,-0.78540,0.39270,1.57080,2.35619,-2.74889,-1.57080
44.44
3.14159,-2.74889,-1.57080,-1.17810,0.00000,0.78540,1.96350,-2.74889,-1.57080,-0.39270,0.39270,1.96350,3.14159,-2.74889,-1.17810,0.00000,0.78540,1.57080,3.14159,-2.74889,-1.96350,-0.39270,0.39270,1.57080,-2.74889,-2.35619,-1.17810,0.39270,1.17810,2.35619,-2.74889,-1.57080
44.57
3.14159,-2.74889,-1.96350,-0.78540,0.00000,1.17810,1.96350,-2.74889,-1.57080,-0.78540,0.78540,1.96350,3.14159,-2.74889,-0.78540,0.00000,0.78540,1.57080,3.14159,-2.74889,-1.57080,-0.39270,0.39270,1.57080,-2.74889,-2.35619,-1.17810,0.39270,1.17810,2.35619,-2.74889,-1.57080
44.59
3.14159,-2.74889,-2.35619,-1.17810,0.00000,1.17810,2.35619,-2.74889,-1.96350,-0.78540,0.39270,1.96350,3.14159,-2.74889,-1.17810,0.00000,1.17810,1.57080,3.14159,-2.74889,-1.96350,-0.78540,0.39270,1.57080,-2.74889,-2.35619,-1.17810,0.39270,1.57080,2.35619,-2.74889,-1.57080
44.91
3.14159,-2.74889,-2.35619,-0.78540,-0.39270,1.17810,2.74889,-2.74889,-1.96350,-0.39270,0.78540,1.96350,3.14159,-2.74889,-1.17810,0.39270,0.78540,1.57080,3.14159,-2.74889,-1.57080,-0.39270,0.78540,1.57080,-2.74889,-1.96350,-0.78540,0.39270,1.57080,2.74889,-2.74889,-1.57080
45.32
3.14159,-2.74889,-1.57080,-0.78540,0.00000,0.78540,2.35619,-2.74889,-1.57080,-0.78540,0.78540,1.57080,3.14159,-2.35619,-1.17810,0.00000,0.78540,1.96350,3.14159,-2.74889,-1.57080,-0.39270,0.78540,1.96350,-2.74889,-2.35619,-0.39270,0.39270,1.57080,2.74889,-2.74889,-1.57080
46.03
3.14159,-2.74889,-1.57080,-0.78540,0.39270,1.17810,2.35619,-2.74889,-1.96350,-0.39270,0.78540,1.96350,3.14159,-2.35619,-1.17810,0.00000,1.17810,1.96350,3.14159,-2.74889,-1.57080,-0.39270,0.78540,1.96350,-2.74889,-1.96350,-0.78540,0.00000,1.57080,2.74889,-2.74889,-1.57080
46.26
3.14159,-2.74889,-1.96350,-0.78540,0.00000,1.17810,2.35619,-2.74889,-1.57080,-0.39270,0.78540,1.96350,3.14159,-2.35619,-0.78540,0.39270,0.78540,1.57080,3.14159,-2.74889,-1.57080,-0.39270,0.78540,1.96350,-2.74889,-1.96350,-0.78540,0.39270,1.57080,2.74889,-2.74889,-1.57080
46.31
3.14159,-2.35619,-1.57080,-0.78540,0.00000,1.17810,2.35619,-2.74889,-1.57080,-0.39270,0.78540,1.96350,3.14159,-1.96350,-1.17810,0.39270,1.17810,1.96350,3.14159,-2.74889,-1.57080,-0.39270,0.78540,1.96350,-2.74889,-1.57080,-0.78540,0.39270,1.57080,3.14159,-2.74889,-1.17810
46.37
3.14159,-2.74889,-1.17810,-0.78540,0.00000,1.17810,2.35619,-2.74889,-1.57080,-0.39270,0.78540,1.96350,3.14159,-1.96350,-1.17810,0.00000,1.17810,1.96350,3.14159,-2.74889,-1.57080,-0.39270,0.78540,1.96350,-2.74889,-1.57080,-0.78540,0.39270,1.57080,2.74889,-2.74889,-1.17810
46.38
3.14159,-2.74889,-1.96350,-0.78540,0.00000,1.17810,2.35619,-2.74889,-1.57080,-0.39270,0.78540,1.96350,3.14159,-1.96350,-1.17810,0.39270,1.17810,2.35619,3.14159,-2.74889,-1.57080,-0.39270,0.78540,1.96350,-2.74889,-1.96350,-0.78540,0.39270,1.57080,2.74889,-2.74889,-1.57080
46.39
3.14159,-2.74889,-1.17810,-1.17810,0.00000,1.17810,2.35619,-2.74889,-1.57080,-0.39270,0.78540,1.96350,3.14159,-2.35619,-1.17810,0.00000,1.17810,1.96350,3.14159,-2.74889,-1.57080,-0.39270,0.78540,1.96350,-2.74889,-1.96350,-0.78540,0.39270,1.57080,2.74889,-2.74889,-1.17810
46.44
3.14159,-2.35619,-1.57080,-1.17810,0.00000,1.17810,2.35619,-2.74889,-1.57080,-0.39270,0.78540,1.96350,3.14159,-1.96350,-1.17810,0.39270,0.78540,2.35619,2.74889,-2.74889,-1.57080,-0.39270,0.78540,1.96350,-2.74889,-1.96350,-0.78540,0.39270,1.57080,2.35619,-2.74889,-1.57080
46.49
3.14159,-2.35619,-1.57080,-0.78540,0.39270,1.17810,2.35619,-2.74889,-1.57080,-0.39270,0.78540,1.96350,3.14159,-1.96350,-1.17810,0.39270,1.17810,1.96350,2.74889,-2.74889,-1.57080,-0.39270,0.78540,1.96350,-2.74889,-1.57080,-0.78540,0.39270,1.57080,2.35619,-2.74889,-1.57080
46.69
3.14159,-2.74889,-1.57080,-0.78540,0.00000,1.17810,1.96350,-2.74889,-1.57080,-0.39270,0.78540,1.96350,3.14159,-1.96350,-1.17810,0.00000,1.17810,1.96350,2.74889,-2.74889,-1.57080,-0.39270,0.78540,1.96350,-2.74889,-1.96350,-0.78540,0.39270,1.57080,2.74889,-2.74889,-1.57080
