1.19
0.00000,0.00000,0.00000,0.00000,0.00000,0.00000,0.00000,0.00000,0.00000,0.00000,0.00000,0.00000,0.00000,0.00000,0.00000,0.00000,0.00000,0.00000,0.00000,0.00000,0.00000,0.00000,0.00000,0.00000,0.00000,0.00000,0.00000,0.00000,0.00000,0.00000,0.00000,0.00000
1.37
0.39270,2.35619,-1.57080,0.78540,0.00000,0.39270,1.57080,-1.57080,-0.78540,-0.78540,2.74889,2.35619,0.78540,-1.17810,-2.74889,-1.96350,-1.57080,0.39270,0.78540,-1.17810,-0.39270,-1.17810,-1.57080,0.78540,-1.17810,0.00000,0.39270,-0.78540,-1.57080,0.78540,-1.57080,0.39270
2.04
-0.39270,2.74889,-0.39270,-1.57080,1.57080,0.78540,3.14159,-0.78540,-0.78540,1.17810,1.57080,0.78540,1.17810,-0.39270,0.39270,-1.96350,-1.57080,0.00000,0.00000,-1.57080,-0.39270,-2.35619,-1.57080,2.74889,-0.78540,0.39270,-0.39270,-1.57080,-0.78540,1.17810,-0.78540,-0.78540
3.81
-2.35619,3.14159,-1.17810,2.35619,0.78540,1.96350,1.96350,-2.35619,1.57080,-0.78540,-0.39270,-0.39270,2.35619,-1.96350,-0.78540,-1.57080,-2.35619,0.00000,1.17810,0.78540,0.00000,0.00000,1.17810,-1.96350,-2.74889,0.39270,1.96350,1.17810,-1.57080,0.78540,-0.39270,0.39270
6.37
-1.57080,3.14159,-0.78540,2.35619,0.00000,0.78540,1.96350,-1.96350,-0.39270,0.78540,0.78540,0.39270,2.35619,-1.57080,-1.57080,-1.96350,-2.35619,-2.35619,2.74889,0.00000,0.39270,-0.78540,0.39270,-1.96350,-1.57080,0.39270,2.74889,0.39270,-1.17810,-0.78540,-0.39270,0.39270
8.55
1.57080,-2.35619,1.96350,2.35619,1.57080,2.74889,0.00000,-1.96350,1.96350,3.14159,-2.74889,3.14159,3.14159,1.57080,3.14159,-2.74889,-2.74889,-2.35619,-0.78540,-2.74889,3.14159,-2.74889,-2.74889,-1.57080,-0.39270,-2.74889,3.14159,-2.74889,-0.39270,1.57080,2.74889,3.14159
9.02
-0.78540,1.57080,0.78540,-2.74889,2.74889,3.14159,-1.96350,-2.74889,3.14159,-2.74889,-1.57080,-2.74889,2.74889,-2.74889,2.74889,-2.74889,2.35619,-0.39270,1.96350,-1.96350,3.14159,-2.74889,-1.57080,0.00000,2.35619,-2.74889,3.14159,-1.17810,1.57080,-2.74889,3.14159,-2.74889
13.01
1.57080,1.17810,0.39270,-2.74889,3.14159,2.35619,-0.39270,-2.74889,3.14159,-2.74889,-1.17810,-2.74889,2.35619,-2.74889,2.74889,-2.74889,-0.39270,-0.78540,-0.39270,0.39270,3.14159,-2.74889,-0.39270,0.39270,1.96350,-2.74889,3.14159,-1.17810,0.00000,-2.74889,3.14159,-2.74889
15.72
1.57080,-2.74889,2.35619,1.96350,-1.96350,1.17810,0.00000,-2.74889,2.74889,-2.74889,0.39270,1.57080,2.74889,-2.35619,3.14159,-1.17810,-2.74889,2.35619,-2.74889,2.35619,-0.78540,-1.17810,1.96350,2.35619,3.14159,-2.74889,-0.78540,0.00000,1.57080,-2.74889,-0.39270,-2.74889
17.21
-0.78540,0.78540,2.74889,0.39270,-2.74889,-1.96350,0.78540,2.35619,2.74889,-2.74889,-2.35619,-1.57080,1.17810,3.14159,3.14159,-2.74889,-1.17810,1.96350,-2.74889,1.57080,3.14159,-2.74889,-1.17810,2.74889,3.14159,-2.74889,-2.74889,0.39270,0.00000,1.57080,3.14159,-2.35619
17.92
-1.17810,2.35619,-2.74889,-2.74889,3.14159,0.00000,-0.39270,1.17810,3.14159,-2.74889,-2.35619,-2.35619,-1.57080,2.74889,-2.74889,-1.17810,0.00000,2.74889,-0.39270,1.96350,3.14159,-1.96350,0.00000,1.17810,1.96350,-2.74889,-1.57080,1.17810,1.17810,-2.74889,2.74889,-2.35619
18.58
2.35619,2.35619,2.35619,2.74889,-2.74889,-2.35619,-1.17810,-0.39270,1.96350,-2.74889,-2.74889,1.96350,0.78540,3.14159,2.35619,-2.74889,0.78540,-0.78540,-2.74889,2.74889,3.14159,-2.74889,-0.78540,0.39270,2.74889,-2.74889,-2.74889,-0.78540,0.39270,2.35619,3.14159,-2.74889
19.05
-1.96350,-0.78540,1.17810,-2.74889,3.14159,-0.78540,0.78540,1.96350,3.14159,-2.74889,-1.96350,0.78540,1.17810,3.14159,-0.78540,-2.74889,-1.96350,0.78540,0.39270,1.57080,3.14159,-2.74889,-1.57080,0.39270,1.57080,-2.74889,-1.96350,-1.57080,0.78540,-2.35619,1.57080,-2.74889
19.05
0.00000,1.57080,-2.74889,2.35619,-2.74889,-2.35619,0.78540,0.39270,3.14159,-2.74889,-2.74889,0.39270,-1.57080,2.74889,-2.74889,-2.74889,0.00000,0.39270,-1.57080,3.14159,3.14159,-2.74889,-1.96350,0.78540,2.74889,-2.74889,-2.74889,-1.17810,-0.78540,1.17810,3.14159,-1.96350
19.16
-1.17810,1.96350,-1.96350,1.96350,-2.35619,-2.74889,0.39270,0.39270,3.14159,-2.74889,-2.35619,-1.17810,1.17810,2.74889,-2.74889,-2.74889,0.00000,2.35619,-2.35619,3.14159,3.14159,-2.74889,-1.96350,0.78540,2.35619,-2.74889,-2.74889,0.78540,-0.39270,1.96350,3.14159,-2.74889
19.98
-0.78540,0.78540,0.00000,3.14159,-1.96350,-2.74889,0.00000,1.17810,3.14159,-2.74889,-2.74889,0.00000,1.57080,2.74889,-2.74889,-2.74889,1.96350,1.17810,-2.74889,3.14159,3.14159,-2.74889,-0.39270,1.17810,3.14159,-2.74889,-2.74889,0.39270,-0.39270,2.74889,3.14159,-2.74889
24.13
-1.96350,0.78540,-2.74889,1.57080,2.35619,-2.35619,-0.39270,0.39270,3.14159,-2.74889,-2.74889,-0.78540,-0.39270,2.35619,-2.74889,-2.74889,-0.39270,-0.78540,0.00000,2.74889,3.14159,-2.74889,-1.57080,0.78540,2.74889,-2.74889,-2.74889,-1.57080,0.39270,0.00000,3.14159,-1.96350
24.30
0.39270,1.17810,2.35619,1.17810,-2.74889,-1.57080,1.17810,1.57080,3.14159,-2.74889,-1.57080,1.17810,0.78540,3.14159,-2.74889,-2.74889,-0.78540,2.35619,-1.96350,1.96350,3.14159,-0.78540,-1.57080,1.96350,2.74889,-2.74889,-2.35619,0.00000,0.78540,1.17810,3.14159,-2.35619
24.98
-0.39270,1.17810,1.96350,1.96350,-2.74889,-1.57080,1.57080,0.78540,3.14159,-2.74889,-2.35619,0.39270,0.39270,3.14159,-2.74889,-2.74889,1.17810,2.74889,-2.35619,2.74889,3.14159,-2.35619,-1.17810,1.17810,2.35619,-2.74889,-2.74889,-0.39270,0.39270,1.57080,3.14159,-2.74889
26.52
1.96350,1.17810,0.39270,3.14159,-2.74889,-2.74889,0.78540,1.17810,2.74889,-2.74889,-1.96350,-1.57080,0.39270,2.35619,2.35619,-2.74889,-1.57080,-0.78540,-0.78540,2.74889,3.14159,-2.74889,-0.39270,0.00000,2.74889,-2.74889,-2.35619,-0.78540,0.00000,1.57080,3.14159,-2.74889
27.47
0.00000,1.57080,0.78540,3.14159,-2.74889,-0.39270,1.17810,1.17810,1.96350,-2.74889,-1.57080,0.00000,1.17810,3.14159,-2.74889,-2.74889,1.96350,1.96350,-2.74889,1.96350,3.14159,-2.35619,-0.78540,1.17810,2.74889,-2.74889,-2.74889,-1.17810,0.78540,1.57080,3.14159,-1.96350
28.11
1.17810,0.78540,1.96350,3.14159,-2.74889,-1.57080,0.78540,1.17810,3.14159,-2.74889,-1.57080,-1.17810,1.57080,2.74889,-2.74889,-2.74889,0.39270,1.17810,-2.35619,3.14159,3.14159,-2.74889,-0.39270,1.17810,2.74889,-2.74889,-2.74889,-0.78540,0.39270,2.35619,3.14159,-2.35619
28.61
-0.78540,1.96350,0.00000,1.96350,-2.74889,-1.96350,0.39270,1.17810,2.74889,-2.74889,-1.96350,-0.39270,1.96350,3.14159,-2.74889,-2.74889,0.00000,2.35619,0.78540,2.74889,3.14159,-2.74889,-1.17810,0.78540,2.74889,-2.74889,-2.74889,0.00000,0.00000,2.35619,3.14159,-2.74889
30.94
-0.39270,1.17810,2.35619,2.35619,-2.74889,-1.17810,-0.39270,1.17810,3.14159,-2.74889,-1.17810,-0.39270,1.57080,2.74889,-2.74889,-2.74889,0.00000,1.17810,-1.17810,2.74889,3.14159,-2.74889,-0.78540,0.39270,3.14159,-2.74889,-2.74889,-0.78540,1.17810,2.35619,3.14159,-2.74889
31.69
-0.78540,1.17810,1.57080,-1.96350,-2.35619,-1.57080,0.39270,1.57080,3.14159,-2.74889,-1.96350,0.00000,0.78540,3.14159,-2.74889,-2.74889,-0.78540,0.78540,-0.39270,1.96350,3.14159,-2.35619,-1.57080,0.78540,2.35619,-2.74889,-2.35619,-0.78540,0.39270,0.39270,3.14159,-2.74889
31.81
0.00000,2.35619,2.74889,3.14159,-2.74889,-1.57080,0.00000,0.78540,3.14159,-2.74889,-0.78540,0.00000,1.17810,3.14159,-2.74889,-2.74889,1.17810,1.17810,-2.74889,3.14159,3.14159,-1.17810,-0.39270,0.78540,3.14159,-2.74889,-1.96350,-0.39270,1.17810,1.96350,3.14159,-2.74889
32.24
0.39270,2.35619,3.14159,3.14159,-2.74889,-0.78540,0.78540,0.78540,3.14159,-2.74889,-0.78540,0.00000,1.17810,3.14159,-2.74889,-2.74889,0.00000,1.17810,-2.74889,3.14159,3.14159,-1.17810,-0.39270,0.78540,3.14159,-2.74889,-0.39270,0.00000,1.57080,3.14159,3.14159,-1.57080
32.36
0.39270,1.96350,2.74889,3.14159,-2.74889,-0.78540,0.78540,1.57080,3.14159,-2.74889,-1.96350,0.00000,1.96350,3.14159,-2.74889,-2.74889,0.00000,1.57080,-2.74889,3.14159,3.14159,-1.57080,0.00000,1.57080,3.14159,-2.74889,-1.17810,-0.39270,0.78540,2.74889,3.14159,-2.74889
34.11
0.39270,1.57080,2.74889,3.14159,-2.74889,-1.17810,0.39270,1.17810,3.14159,-2.74889,-1.57080,0.00000,1.17810,3.14159,-2.74889,-2.74889,0.00000,0.78540,-2.74889,3.14159,3.14159,-1.57080,0.00000,1.57080,3.14159,-2.74889,-1.57080,0.00000,0.39270,2.35619,3.14159,-2.74889
34.48
0.00000,1.57080,2.74889,2.74889,-2.74889,-1.17810,-0.78540,1.17810,3.14159,-2.74889,-1.17810,-0.39270,1.17810,1.57080,-2.74889,-2.74889,-1.57080,1.57080,1.17810,2.35619,3.14159,-1.57080,-0.78540,0.00000,3.14159,-2.74889,-2.35619,-0.78540,0.00000,1.96350,3.14159,-2.35619
35.24
0.39270,1.96350,2.35619,2.74889,-2.74889,-1.57080,0.39270,1.17810,3.14159,-2.74889,-1.17810,0.00000,1.96350,3.14159,-2.74889,-2.74889,-0.39270,1.17810,-1.57080,3.14159,3.14159,-1.17810,-0.39270,0.78540,2.35619,-2.74889,-1.57080,-0.39270,1.17810,2.35619,3.14159,-2.74889
35.85
-0.39270,1.57080,2.74889,3.14159,-2.35619,-1.57080,0.00000,1.57080,3.14159,-2.74889,-1.96350,0.00000,1.17810,3.14159,-2.74889,-2.74889,-0.39270,0.78540,1.17810,2.35619,3.14159,-2.35619,-0.78540,-0.39270,2.74889,-2.74889,-1.57080,-0.39270,0.78540,2.35619,3.14159,-2.74889
37.34
0.00000,1.96350,2.74889,3.14159,-2.74889,-1.96350,0.78540,1.17810,3.14159,-2.74889,-1.57080,0.39270,1.17810,2.74889,-2.74889,-2.74889,0.00000,0.78540,1.57080,3.14159,3.14159,-1.17810,-0.78540,0.78540,2.35619,-2.74889,-1.17810,-0.39270,0.78540,2.74889,3.14159,-2.74889
38.26
0.00000,1.96350,2.35619,3.14159,-2.74889,-1.96350,0.78540,1.57080,3.14159,-2.74889,-0.78540,0.39270,1.17810,2.74889,-2.74889,-2.74889,-0.78540,0.39270,0.39270,2.35619,3.14159,-1.96350,-1.17810,0.78540,1.96350,-2.74889,-1.96350,-0.39270,0.78540,1.96350,3.14159,-2.35619
38.38
0.39270,1.57080,2.74889,3.14159,-2.74889,-0.78540,0.00000,1.17810,3.14159,-2.74889,-1.17810,0.00000,1.17810,2.74889,-2.74889,-2.74889,-0.39270,0.00000,-2.74889,2.35619,3.14159,-1.57080,-0.39270,0.78540,1.96350,-2.74889,-1.96350,0.00000,0.78540,1.96350,3.14159,-2.35619
38.57
0.39270,1.17810,2.74889,3.14159,-2.74889,-1.17810,0.00000,1.57080,3.14159,-2.74889,-1.57080,-0.39270,1.57080,2.74889,-2.74889,-2.74889,-0.39270,0.78540,0.39270,2.74889,3.14159,-2.35619,-0.78540,0.39270,1.96350,-2.74889,-1.96350,0.00000,0.78540,1.57080,3.14159,-2.74889
38.60
0.00000,0.78540,1.96350,3.14159,-2.74889,-1.57080,-0.39270,1.17810,3.14159,-2.74889,-1.57080,0.00000,1.57080,1.96350,-2.74889,-2.74889,0.00000,0.00000,0.39270,2.35619,3.14159,-2.35619,-0.78540,1.17810,2.35619,-2.74889,-1.57080,-1.17810,0.39270,2.35619,3.14159,-2.74889
39.93
-0.39270,1.96350,1.96350,2.74889,-2.74889,-1.57080,0.00000,1.17810,3.14159,-2.74889,-1.57080,0.00000,1.17810,2.35619,-2.74889,-2.74889,-0.39270,0.78540,0.78540,2.74889,3.14159,-1.96350,-0.78540,0.39270,2.35619,-2.74889,-1.57080,0.00000,1.17810,1.96350,3.14159,-2.74889
40.09
0.39270,1.17810,2.35619,3.14159,-2.74889,-0.78540,0.39270,1.17810,3.14159,-2.74889,-0.39270,0.00000,1.17810,2.35619,-2.74889,-2.74889,0.00000,0.78540,1.17810,2.35619,3.14159,-1.96350,-0.39270,0.78540,2.35619,-2.74889,-1.57080,-0.78540,1.17810,2.35619,3.14159,-2.35619
40.36
-0.39270,0.78540,1.96350,3.14159,-2.74889,-0.78540,-0.39270,1.57080,3.14159,-2.74889,-1.57080,0.00000,0.78540,2.35619,-2.74889,-2.74889,-0.39270,0.39270,1.17810,2.35619,3.14159,-1.57080,-0.78540,1.17810,2.35619,-2.74889,-1.96350,-0.39270,0.78540,2.35619,3.14159,-2.74889
40.57
0.00000,1.17810,2.35619,3.14159,-2.74889,-1.17810,0.39270,0.78540,3.14159,-2.74889,-1.57080,0.00000,0.78540,2.74889,-2.74889,-2.74889,-0.78540,0.39270,0.78540,2.35619,3.14159,-1.96350,-0.39270,0.78540,2.35619,-2.74889,-1.96350,-1.17810,0.78540,1.96350,3.14159,-2.35619
40.68
0.00000,1.17810,2.35619,3.14159,-2.74889,-1.17810,0.00000,1.17810,3.14159,-2.74889,-1.17810,0.00000,0.78540,2.35619,-2.74889,-2.74889,-0.39270,0.00000,1.17810,2.35619,3.14159,-0.78540,-0.78540,0.78540,2.35619,-2.74889,-1.57080,-0.39270,1.17810,1.96350,3.14159,-2.74889
40.90
0.00000,1.17810,1.96350,3.14159,-2.74889,-0.78540,0.39270,1.17810,3.14159,-2.74889,-1.57080,0.00000,1.17810,2.35619,-2.74889,-2.74889,-0.39270,0.39270,1.17810,2.35619,3.14159,-1.57080,0.00000,1.17810,1.96350,-2.74889,-1.57080,0.00000,1.17810,1.57080,3.14159,-2.74889
41.24
-0.39270,1.57080,2.35619,3.14159,-2.74889,-0.78540,0.00000,0.78540,3.14159,-2.74889,-1.17810,0.00000,1.17810,1.96350,-2.74889,-2.74889,0.00000,0.39270,0.78540,2.35619,3.14159,-1.57080,-0.39270,0.78540,1.96350,-2.74889,-1.57080,-0.39270,0.78540,1.57080,3.14159,-2.74889
41.25
0.00000,0.78540,1.96350,3.14159,-2.74889,-1.57080,0.00000,1.57080,3.14159,-2.74889,-1.57080,-0.39270,1.17810,1.96350,-2.74889,-2.74889,-1.17810,0.39270,0.78540,2.35619,3.14159,-1.96350,-0.78540,0.78540,1.96350,-2.74889,-1.57080,-0.78540,0.39270,1.96350,3.14159,-2.74889
41.64
0.00000,1.17810,2.35619,3.14159,-2.74889,-0.78540,0.39270,1.17810,3.14159,-2.74889,-1.17810,0.00000,1.17810,2.35619,-2.74889,-2.74889,-0.39270,0.00000,1.17810,2.35619,3.14159,-1.96350,-0.78540,0.78540,1.96350,-2.74889,-1.57080,-0.78540,0.78540,1.96350,3.14159,-2.74889
41.64
-0.39270,1.17810,2.35619,3.14159,-2.74889,-1.57080,0.00000,1.17810,3.14159,-2.74889,-1.57080,-0.39270,1.17810,2.35619,-2.74889,-2.74889,-0.78540,-0.39270,0.78540,1.96350,3.14159,-1.57080,-0.39270,0.78540,1.96350,-2.74889,-1.57080,-0.39270,0.78540,1.57080,3.14159,-2.74889
41.79
0.39270,1.17810,1.96350,3.14159,-2.74889,-1.57080,0.00000,1.17810,3.14159,-2.74889,-1.57080,-0.39270,1.17810,2.35619,-2.74889,-2.74889,-0.39270,0.39270,0.78540,1.96350,3.14159,-1.96350,-0.39270,0.78540,1.96350,-2.74889,-1.96350,-0.39270,0.78540,1.96350,3.14159,-2.74889
41.99
0.39270,1.17810,1.96350,3.14159,-2.74889,-1.17810,0.00000,1.17810,3.14159,-2.74889,-1.17810,0.00000,1.17810,2.35619,-2.74889,-2.74889,-0.39270,0.39270,1.17810,2.35619,3.14159,-1.57080,-0.39270,1.17810,1.96350,-2.74889,-1.96350,-0.39270,0.78540,1.96350,3.14159,-2.74889
42.15
0.00000,1.17810,2.35619,3.14159,-2.74889,-1.57080,0.00000,1.17810,3.14159,-2.74889,-1.57080,0.00000,1.17810,2.35619,-2.74889,-2.74889,-0.39270,0.39270,1.17810,2.35619,3.14159,-1.57080,-0.39270,0.78540,2.35619,-2.74889,-1.57080,-0.39270,0.78540,1.96350,3.14159,-2.74889
42.20
-0.39270,1.17810,2.35619,3.14159,-2.74889,-1.17810,0.00000,1.17810,3.14159,-2.74889,-1.57080,0.00000,1.17810,2.35619,-2.74889,-2.74889,-0.78540,0.00000,1.17810,2.35619,3.14159,-1.96350,-0.39270,0.78540,1.96350,-2.74889,-1.57080,-0.39270,0.78540,1.96350,3.14159,-2.74889
42.27
0.00000,1.17810,1.96350,3.14159,-2.74889,-1.17810,0.00000,1.17810,3.14159,-2.74889,-1.17810,0.00000,1.17810,2.35619,-2.74889,-2.74889,-0.39270,0.00000,1.17810,1.96350,3.14159,-1.96350,-0.39270,0.78540,1.96350,-2.74889,-1.96350,-0.39270,0.78540,1.96350,3.14159,-2.74889
42.41
0.00000,1.17810,1.96350,3.14159,-2.74889,-1.17810,0.00000,1.17810,3.14159,-2.74889,-1.17810,0.00000,1.17810,2.35619,-2.74889,-2.74889,-0.78540,0.39270,1.17810,1.96350,3.14159,-1.57080,-0.78540,0.78540,1.96350,-2.74889,-1.57080,-0.39270,0.78540,1.96350,3.14159,-2.74889
42.51
0.00000,1.17810,1.96350,3.14159,-2.74889,-1.17810,0.00000,1.17810,3.14159,-2.74889,-1.17810,0.00000,1.17810,2.35619,-2.74889,-2.74889,-0.39270,0.39270,1.17810,2.35619,3.14159,-1.57080,-0.78540,0.78540,1.96350,-2.74889,-1.57080,-0.39270,0.78540,1.96350,3.14159,-2.74889
42.52
0.00000,1.17810,1.57080,3.14159,-2.74889,-1.17810,0.00000,1.17810,3.14159,-2.74889,-1.57080,0.00000,1.17810,2.35619,-2.74889,-2.74889,-0.39270,0.00000,1.17810,1.96350,3.14159,-1.57080,-0.78540,0.78540,1.96350,-2.74889,-1.57080,-0.39270,0.78540,1.57080,3.14159,-2.35619
42.70
0.00000,1.17810,1.57080,3.14159,-2.74889,-1.17810,0.00000,1.17810,3.14159,-2.74889,-1.57080,0.00000,1.17810,2.35619,-2.74889,-2.74889,-0.39270,0.00000,1.17810,1.96350,3.14159,-1.57080,-0.39270,0.78540,1.96350,-2.74889,-1.57080,-0.39270,0.78540,1.57080,3.14159,-1.96350
43.04
0.00000,1.17810,1.96350,3.14159,-2.74889,-0.78540,0.00000,1.17810,3.14159,-2.74889,-1.57080,0.00000,1.17810,2.35619,-2.74889,-2.35619,-0.78540,0.00000,1.17810,2.35619,3.14159,-1.96350,-0.78540,0.78540,1.96350,-2.74889,-1.57080,-0.39270,0.39270,1.96350,3.14159,-1.96350
43.06
0.00000,0.78540,1.96350,3.14159,-2.74889,-0.78540,0.00000,1.17810,3.14159,-2.74889,-1.17810,0.00000,1.17810,1.96350,-2.74889,-2.35619,-0.39270,0.39270,0.78540,2.35619,3.14159,-1.57080,-0.39270,0.78540,2.35619,-2.74889,-1.57080,-0.39270,0.78540,1.96350,3.14159,-2.35619
43.29
0.00000,0.78540,1.96350,3.14159,-2.74889,-1.17810,0.00000,1.17810,3.14159,-2.74889,-1.57080,0.00000,0.78540,1.96350,-2.74889,-1.96350,-0.39270,0.00000,1.17810,1.96350,3.14159,-1.96350,-0.78540,0.78540,1.96350,-2.74889,-1.57080,-0.78540,0.78540,1.96350,3.14159,-2.35619
43.64
0.39270,1.57080,1.96350,3.14159,-2.74889,-1.17810,0.00000,1.17810,3.14159,-2.74889,-1.17810,0.00000,1.17810,2.74889,-2.74889,-1.57080,0.00000,-0.39270,1.17810,2.35619,3.14159,-1.57080,-0.39270,0.78540,1.96350,-2.74889,-1.57080,-0.39270,0.78540,1.96350,3.14159,-1.96350
43.68
0.00000,1.17810,2.35619,3.14159,-2.74889,-1.17810,0.00000,1.17810,3.14159,-2.74889,-1.57080,-0.39270,1.17810,2.35619,-2.74889,-1.57080,-0.39270,0.00000,1.17810,2.35619,3.14159,-1.57080,-0.39270,0.78540,1.96350,-2.74889,-1.57080,0.00000,0.78540,1.96350,3.14159,-2.35619
44.00
0.00000,1.17810,1.96350,3.14159,-2.74889,-1.17810,-0.39270,1.17810,3.14159,-2.74889,-1.57080,0.00000,1.17810,2.35619,-2.74889,-1.57080,-0.78540,0.00000,1.17810,2.35619,3.14159,-1.57080,-0.39270,0.78540,1.96350,-2.74889,-1.57080,-0.39270,0.78540,1.96350,3.14159,-2.35619
44.04
0.00000,1.17810,1.57080,3.14159,-2.74889,-1.17810,0.00000,1.57080,3.14159,-2.74889,-1.17810,0.00000,1.17810,2.35619,-2.74889,-1.96350,-0.78540,0.39270,1.17810,2.35619,3.14159,-1.57080,-0.39270,0.78540,1.96350,-2.74889,-1.57080,-0.39270,0.78540,1.96350,3.14159,-1.96350
44.55
-0.39270,1.17810,1.57080,3.14159,-2.74889,-1.17810,0.00000,1.17810,2.35619,-2.74889,-1.17810,0.00000,1.17810,1.96350,-2.74889,-1.57080,-0.78540,0.00000,1.17810,1.96350,3.14159,-1.96350,-0.39270,0.78540,1.96350,-2.74889,-1.57080,-0.39270,0.39270,1.96350,3.14159,-2.35619
44.64
0.00000,1.17810,1.96350,3.14159,-2.74889,-1.17810,0.00000,1.17810,2.35619,-2.74889,-1.17810,0.00000,1.17810,2.35619,-2.74889,-1.57080,-0.78540,0.39270,1.57080,1.96350,3.14159,-1.96350,-0.39270,0.78540,1.96350,-2.74889,-1.96350,-0.39270,0.78540,1.96350,3.14159,-2.35619
44.67
-0.39270,1.17810,1.96350,3.14159,-2.74889,-1.17810,0.00000,1.17810,2.35619,-2.74889,-1.57080,0.00000,1.17810,2.35619,-2.74889,-1.57080,-0.39270,0.00000,1.17810,2.35619,3.14159,-1.57080,-0.39270,0.78540,1.96350,-2.74889,-1.57080,-0.39270,0.78540,1.96350,3.14159,-2.74889
44.88
0.00000,1.17810,1.96350,3.14159,-2.74889,-1.17810,0.00000,1.17810,2.35619,-2.74889,-1.57080,0.00000,1.17810,2.35619,-2.74889,-1.96350,-0.39270,0.39270,0.78540,2.35619,3.14159,-1.57080,-0.78540,0.78540,1.96350,-2.74889,-1.57080,-0.39270,0.78540,1.96350,3.14159,-2.35619
44.99
0.00000,0.78540,1.96350,3.14159,-2.74889,-0.78540,0.00000,1.17810,2.35619,-2.74889,-1.17810,0.00000,1.17810,2.35619,-2.74889,-1.57080,-0.39270,0.00000,1.17810,1.96350,3.14159,-1.57080,-0.39270,0.78540,1.96350,-2.74889,-1.57080,-0.39270,0.78540,1.96350,3.14159,-1.96350
45.05
0.00000,1.17810,1.96350,3.14159,-2.74889,-1.17810,0.00000,1.17810,2.35619,-2.74889,-1.57080,0.00000,1.17810,1.96350,-2.74889,-1.57080,-0.39270,0.00000,0.78540,2.35619,3.14159,-1.57080,-0.39270,0.78540,1.96350,-2.74889,-1.57080,-0.39270,0.78540,1.96350,3.14159,-1.96350
45.23
0.00000,1.17810,1.96350,2.74889,-2.74889,-1.17810,0.00000,1.17810,2.35619,-2.74889,-1.57080,0.00000,1.17810,2.35619,-2.74889,-1.57080,-0.39270,0.39270,1.17810,1.96350,3.14159,-1.96350,-0.39270,0.78540,1.96350,-2.74889,-1.57080,-0.39270,0.78540,1.96350,3.14159,-1.96350
45.24
0.00000,1.17810,1.96350,3.14159,-2.74889,-1.17810,0.00000,1.17810,2.35619,-2.74889,-1.17810,0.00000,1.17810,2.35619,-2.74889,-1.57080,-0.39270,0.39270,1.17810,1.96350,3.14159,-1.57080,-0.39270,0.78540,1.96350,-2.74889,-1.57080,-0.39270,0.78540,1.96350,3.14159,-2.35619
45.24
0.00000,1.17810,1.96350,3.14159,-2.74889,-1.17810,0.00000,1.17810,2.74889,-2.74889,-1.17810,0.00000,1.17810,2.35619,-2.74889,-1.57080,-0.39270,0.39270,1.17810,2.35619,3.14159,-1.57080,-0.39270,0.78540,1.96350,-2.74889,-1.57080,-0.39270,0.78540,1.96350,3.14159,-1.96350
45.27
0.00000,1.17810,2.35619,3.14159,-2.74889,-1.17810,0.00000,1.17810,2.35619,-2.74889,-1.17810,0.00000,1.17810,2.35619,-2.74889,-1.57080,-0.39270,0.39270,1.17810,1.96350,3.14159,-1.57080,-0.39270,0.78540,1.96350,-2.74889,-1.57080,-0.39270,0.78540,1.96350,3.14159,-1.96350
45.34
0.00000,1.17810,1.96350,3.14159,-2.74889,-1.17810,0.00000,1.17810,2.35619,-2.74889,-1.17810,0.00000,1.17810,2.35619,-2.74889,-1.57080,-0.39270,0.39270,1.17810,1.96350,3.14159,-1.57080,-0.39270,0.78540,1.96350,-2.74889,-1.57080,-0.39270,0.78540,1.96350,3.14159,-1.96350
45.44
0.00000,1.17810,1.96350,3.14159,-2.74889,-1.17810,0.00000,1.17810,2.35619,-2.74889,-1.17810,0.00000,1.17810,2.35619,-2.74889,-1.57080,-0.39270,0.39270,1.17810,2.35619,3.14159,-1.57080,-0.39270,0.78540,1.96350,-2.74889,-1.57080,-0.39270,0.78540,1.96350,3.14159,-1.96350
45.45
0.00000,1.17810,1.96350,2.74889,-2.74889,-1.17810,0.00000,1.17810,2.35619,-2.74889,-1.57080,0.00000,1.17810,2.35619,-2.74889,-1.57080,-0.39270,0.39270,1.17810,2.35619,3.14159,-1.57080,-0.39270,0.78540,1.96350,-2.74889,-1.57080,-0.39270,0.78540,1.96350,3.14159,-1.96350
45.54
0.00000,1.17810,1.96350,2.74889,-2.74889,-1.17810,0.00000,1.17810,2.35619,-2.74889,-1.17810,0.00000,1.17810,2.35619,-2.74889,-1.57080,-0.39270,0.39270,1.17810,2.35619,3.14159,-1.57080,-0.39270,0.78540,1.96350,-2.74889,-1.57080,-0.39270,0.78540,1.96350,3.14159,-1.96350
45.57
0.00000,1.17810,1.96350,3.14159,-2.35619,-1.17810,0.00000,1.17810,2.35619,-2.74889,-1.17810,0.00000,1.17810,2.35619,-2.74889,-1.57080,-0.39270,0.39270,1.17810,2.35619,3.14159,-1.57080,-0.39270,0.78540,1.96350,-2.74889,-1.57080,-0.39270,0.78540,1.96350,3.14159,-1.96350
