1.23
0.00000,0.00000,0.00000,0.00000,0.00000,0.00000,0.00000,0.00000,0.00000,0.00000,0.00000,0.00000,0.00000,0.00000,0.00000,0.00000,0.00000,0.00000,0.00000,0.00000,0.00000,0.00000,0.00000,0.00000,0.00000,0.00000,0.00000,0.00000,0.00000,0.00000,0.00000,0.00000
3.39
-1.57080,0.00000,-0.39270,1.17810,1.17810,0.39270,-1.17810,1.57080,-0.39270,0.39270,1.57080,0.78540,-0.39270,-0.39270,0.78540,-0.39270,0.39270,-0.78540,0.78540,-1.17810,0.78540,1.17810,-2.35619,-0.39270,0.39270,-0.78540,1.17810,-0.78540,-1.17810,1.96350,-0.78540,0.78540
3.42
2.35619,0.00000,-1.17810,0.00000,1.17810,0.39270,-0.78540,2.74889,0.39270,0.78540,-1.17810,3.14159,-0.78540,-2.74889,1.17810,0.00000,1.57080,0.78540,1.17810,-1.57080,0.39270,1.57080,-1.57080,-0.39270,-2.74889,-0.78540,1.57080,3.14159,-2.74889,1.57080,1.17810,0.78540
3.75
1.17810,0.39270,-2.35619,0.00000,0.00000,0.00000,0.39270,3.14159,0.78540,-0.39270,-2.74889,1.96350,-0.39270,-2.74889,1.57080,0.00000,2.35619,1.17810,1.17810,-1.96350,1.57080,1.57080,-1.57080,-0.78540,-2.74889,-0.39270,0.39270,2.74889,-2.74889,-0.39270,-0.39270,1.17810
5.57
-2.74889,-2.74889,1.57080,2.35619,-2.74889,2.35619,1.57080,3.14159,-2.74889,-0.39270,-0.78540,-2.74889,3.14159,-2.74889,-0.78540,-2.74889,1.96350,-2.74889,1.96350,-2.35619,3.14159,3.14159,0.00000,2.74889,-2.74889,-2.35619,2.74889,0.78540,-2.74889,2.74889,-1.17810,1.57080
5.76
-1.17810,-0.78540,-1.57080,0.00000,-1.57080,1.96350,-0.39270,0.00000,0.00000,3.14159,1.17810,-0.78540,1.17810,1.17810,-0.78540,-0.39270,2.35619,-2.74889,3.14159,0.78540,0.00000,1.17810,0.39270,-1.17810,-0.39270,1.17810,1.96350,3.14159,-1.57080,0.00000,0.39270,-2.74889
7.73
-0.39270,-1.17810,-1.57080,-0.39270,0.39270,1.96350,-0.78540,-1.17810,0.00000,3.14159,0.78540,-1.57080,0.78540,0.00000,1.17810,-0.78540,1.57080,-1.96350,3.14159,1.17810,1.17810,1.96350,1.17810,-0.78540,-0.39270,0.78540,1.17810,3.14159,-2.74889,-1.17810,-1.17810,-2.74889
8.34
3.14159,3.14159,3.14159,-1.17810,-2.74889,3.14159,3.14159,-2.74889,-2.74889,0.00000,2.74889,1.57080,3.14159,-0.78540,-2.74889,2.74889,-1.96350,3.14159,-2.35619,-1.17810,1.17810,0.78540,-2.74889,-2.35619,-1.57080,0.78540,-2.74889,2.74889,-1.57080,-1.96350,2.74889,-2.74889
9.19
1.17810,-0.39270,0.00000,3.14159,-1.17810,-0.39270,1.57080,3.14159,1.17810,-2.74889,-2.35619,2.35619,2.74889,-2.74889,1.96350,-0.39270,1.57080,2.35619,3.14159,-2.74889,2.74889,0.00000,2.74889,2.74889,-2.74889,3.14159,0.00000,1.17810,-2.74889,3.14159,-1.57080,-1.57080
9.77
-0.78540,3.14159,3.14159,-1.17810,3.14159,0.00000,-0.39270,-2.74889,2.35619,-1.17810,-2.74889,1.17810,3.14159,-2.74889,2.74889,0.39270,-0.78540,-2.74889,0.78540,-2.74889,-1.57080,-2.74889,0.00000,1.17810,-2.74889,-1.96350,0.39270,0.00000,1.57080,1.17810,2.35619,-2.74889
10.75
2.35619,3.14159,0.78540,-2.35619,2.74889,1.17810,3.14159,-2.35619,-2.74889,-2.74889,-0.78540,2.74889,3.14159,-2.74889,-1.57080,0.78540,1.96350,3.14159,2.35619,-2.74889,0.00000,-0.78540,-0.78540,2.74889,3.14159,-2.74889,0.39270,1.17810,-2.74889,3.14159,3.14159,-2.74889
12.95
3.14159,-2.74889,-2.74889,-1.57080,-0.39270,-1.57080,3.14159,1.57080,-1.96350,-1.57080,3.14159,3.14159,3.14159,-2.74889,-0.78540,1.57080,0.39270,-0.78540,3.14159,3.14159,-2.74889,0.39270,1.17810,1.96350,3.14159,-1.96350,0.78540,2.35619,1.57080,-2.74889,0.00000,-0.78540
14.72
1.57080,-1.96350,2.74889,0.00000,-1.96350,0.00000,2.35619,1.57080,3.14159,-2.35619,-1.17810,-0.78540,0.39270,-2.74889,-2.35619,-1.17810,1.96350,-1.17810,3.14159,-2.74889,-2.35619,-0.39270,-0.78540,0.78540,-2.74889,-2.74889,-1.17810,0.00000,-1.57080,3.14159,-2.35619,-2.74889
15.70
1.96350,3.14159,3.14159,2.74889,-1.17810,2.74889,2.74889,2.74889,2.35619,-2.74889,-0.78540,1.57080,3.14159,-2.74889,-1.17810,-0.39270,0.39270,0.39270,2.74889,-2.74889,2.35619,-1.96350,0.39270,2.74889,3.14159,-2.35619,0.39270,0.78540,-2.74889,3.14159,-2.35619,-2.74889
19.41
0.00000,2.74889,3.14159,1.57080,-2.35619,0.78540,0.39270,1.96350,-1.96350,-0.78540,-0.78540,2.35619,1.57080,-2.74889,-1.57080,-0.78540,0.00000,1.96350,-2.74889,-2.74889,3.14159,-1.17810,-0.78540,1.96350,-2.74889,-2.74889,0.78540,0.00000,2.74889,3.14159,3.14159,-1.17810
19.75
3.14159,-0.78540,-1.96350,-2.74889,-1.57080,1.17810,2.35619,-2.74889,-1.96350,-1.96350,0.00000,1.96350,3.14159,-0.78540,-2.35619,0.78540,-0.39270,2.74889,-1.96350,3.14159,-1.57080,-0.39270,2.35619,2.74889,3.14159,-1.17810,1.17810,0.78540,1.96350,-2.74889,-2.74889,0.00000
21.35
2.74889,-1.96350,0.00000,-1.57080,-1.57080,0.78540,2.35619,-2.74889,-2.35619,-1.17810,0.00000,1.57080,3.14159,-2.74889,-2.74889,1.17810,0.39270,2.74889,1.17810,2.74889,-1.96350,0.39270,1.17810,1.96350,3.14159,-0.78540,0.39270,0.00000,2.74889,-2.74889,-2.74889,-2.35619
26.65
1.96350,0.78540,2.74889,-2.74889,-1.96350,-1.57080,2.35619,2.35619,-2.74889,-1.96350,0.39270,1.57080,3.14159,-2.74889,-2.74889,0.00000,1.57080,1.57080,2.74889,-2.74889,-1.96350,0.39270,1.57080,1.96350,-2.35619,-2.35619,0.00000,-0.39270,2.74889,3.14159,-1.96350,-0.78540
26.87
3.14159,-1.96350,-2.74889,-2.74889,-0.78540,0.39270,2.35619,-2.74889,-2.74889,-1.17810,0.39270,2.74889,3.14159,-2.74889,-0.78540,0.00000,1.57080,2.74889,-2.35619,3.14159,-1.57080,1.17810,1.96350,3.14159,3.14159,-1.17810,0.78540,1.96350,3.14159,-2.74889,-2.74889,0.78540
27.91
1.96350,-2.74889,2.74889,-1.57080,-1.57080,0.39270,0.39270,3.14159,-2.74889,-0.78540,-0.39270,2.35619,3.14159,-2.74889,-1.57080,0.00000,1.17810,2.74889,3.14159,-2.74889,-2.35619,0.78540,1.17810,3.14159,3.14159,-2.35619,0.00000,0.78540,3.14159,3.14159,-2.74889,0.00000
29.71
1.17810,-2.74889,3.14159,-2.74889,-0.39270,1.17810,0.78540,3.14159,-2.35619,-0.78540,0.00000,1.17810,3.14159,-2.74889,-1.96350,-0.78540,0.39270,2.35619,3.14159,-2.74889,-2.74889,0.39270,1.17810,3.14159,3.14159,-1.96350,0.39270,0.78540,2.74889,3.14159,-2.74889,-1.17810
29.77
1.96350,-2.74889,-2.74889,1.17810,-0.78540,0.39270,2.35619,-2.74889,-2.74889,-0.78540,0.78540,1.57080,3.14159,-2.74889,-1.17810,0.39270,1.17810,2.35619,-2.74889,3.14159,-1.57080,-0.39270,1.96350,3.14159,3.14159,-1.17810,0.00000,1.96350,2.74889,-2.74889,-2.74889,0.78540
30.10
1.17810,-2.74889,3.14159,-2.74889,-0.78540,0.00000,0.39270,3.14159,-2.74889,-0.78540,0.00000,1.17810,3.14159,-2.74889,-1.96350,-0.78540,1.96350,3.14159,3.14159,-2.74889,-1.57080,0.00000,1.17810,3.14159,3.14159,-2.35619,-0.39270,0.39270,3.14159,3.14159,-2.35619,0.00000
31.79
1.57080,-2.74889,3.14159,-2.35619,-0.78540,0.39270,0.39270,3.14159,-2.74889,-1.17810,0.00000,0.78540,3.14159,-2.74889,-1.57080,-0.78540,1.57080,2.74889,3.14159,-2.74889,-1.57080,0.00000,1.57080,3.14159,3.14159,-1.96350,-0.78540,0.39270,3.14159,3.14159,-1.57080,-1.17810
31.99
1.96350,-2.74889,3.14159,-1.17810,-1.57080,0.00000,0.39270,3.14159,-2.74889,-1.57080,0.39270,1.57080,3.14159,-2.74889,-0.78540,-0.78540,0.39270,3.14159,3.14159,-2.74889,-1.17810,-0.39270,0.78540,3.14159,3.14159,-1.96350,-0.39270,1.17810,2.74889,3.14159,-1.96350,0.39270
32.36
1.96350,-2.74889,3.14159,-0.78540,-1.17810,0.00000,0.39270,3.14159,-2.74889,-1.17810,0.39270,1.96350,3.14159,-2.74889,-0.78540,-0.78540,0.39270,3.14159,3.14159,-2.74889,-1.57080,0.00000,0.78540,2.74889,3.14159,-1.96350,0.00000,1.17810,2.35619,3.14159,-1.96350,0.78540
32.61
0.78540,-2.35619,2.74889,-0.78540,-0.78540,0.78540,0.78540,2.35619,-2.74889,-1.17810,0.00000,1.57080,3.14159,-2.74889,-1.96350,-0.78540,0.39270,0.39270,2.35619,-2.74889,-1.57080,-0.39270,0.00000,3.14159,3.14159,-1.57080,0.00000,0.78540,2.35619,2.74889,-1.96350,-0.39270
32.77
1.96350,-2.74889,3.14159,-1.96350,-1.17810,0.78540,0.78540,3.14159,-2.74889,-1.57080,-0.39270,1.57080,3.14159,-2.74889,-1.57080,0.00000,0.39270,2.74889,3.14159,-2.74889,-1.17810,-0.39270,1.17810,3.14159,3.14159,-1.96350,-0.39270,0.78540,3.14159,3.14159,-2.74889,-0.39270
33.86
2.35619,-2.74889,3.14159,-1.96350,-1.17810,1.17810,0.78540,3.14159,-2.74889,-1.17810,0.00000,1.57080,3.14159,-2.74889,-1.57080,-0.39270,0.39270,2.74889,2.74889,-2.74889,-1.17810,0.00000,0.78540,3.14159,3.14159,-1.57080,0.00000,0.78540,3.14159,3.14159,-2.35619,-0.39270
34.06
2.35619,-2.74889,2.74889,-1.17810,-1.17810,0.39270,1.17810,3.14159,-2.74889,-0.78540,0.00000,0.78540,3.14159,-2.74889,-1.57080,-0.39270,0.39270,2.35619,3.14159,-2.74889,-1.96350,-0.39270,0.78540,2.35619,3.14159,-1.96350,-0.39270,0.78540,2.74889,3.14159,-2.74889,-1.17810
34.73
1.57080,-2.74889,3.14159,-1.17810,-0.39270,0.39270,1.17810,3.14159,-2.74889,-0.78540,0.00000,1.57080,3.14159,-2.74889,-2.35619,-0.78540,0.78540,2.74889,3.14159,-2.74889,-1.57080,0.00000,1.17810,2.74889,3.14159,-1.17810,-0.39270,0.78540,3.14159,3.14159,-1.17810,-0.39270
34.77
1.96350,-2.74889,3.14159,-2.35619,-1.17810,0.39270,0.39270,3.14159,-2.74889,-0.78540,0.00000,1.57080,3.14159,-2.74889,-0.78540,-0.39270,0.00000,1.57080,3.14159,-2.74889,-1.17810,-0.39270,1.57080,3.14159,3.14159,-1.17810,0.00000,1.57080,2.74889,3.14159,-1.57080,-0.39270
35.48
1.96350,-2.74889,3.14159,-2.35619,-1.17810,0.00000,0.78540,3.14159,-2.74889,-1.57080,-0.39270,1.57080,3.14159,-2.74889,-0.78540,-0.78540,0.78540,1.96350,3.14159,-2.74889,-1.17810,-0.39270,1.17810,3.14159,3.14159,-1.57080,0.00000,1.17810,1.96350,3.14159,-2.35619,-0.39270
36.14
1.57080,-2.74889,3.14159,-1.57080,-1.57080,0.00000,0.78540,3.14159,-2.74889,-1.57080,0.39270,1.17810,3.14159,-2.74889,-1.17810,-0.39270,0.78540,2.74889,3.14159,-2.74889,-1.57080,0.00000,0.78540,2.35619,3.14159,-1.17810,-0.39270,1.17810,3.14159,3.14159,-1.96350,-0.39270
36.15
1.96350,-2.74889,3.14159,-1.96350,-1.17810,0.39270,1.57080,3.14159,-2.74889,-1.17810,0.00000,1.17810,3.14159,-2.74889,-1.96350,0.00000,0.78540,2.74889,3.14159,-2.74889,-1.57080,0.00000,0.39270,2.74889,3.14159,-1.17810,0.00000,1.17810,3.14159,3.14159,-1.17810,-0.39270
36.34
1.57080,-2.74889,3.14159,-1.96350,-0.78540,0.78540,1.57080,3.14159,-2.74889,-0.78540,0.00000,1.17810,3.14159,-2.74889,-1.57080,0.00000,1.17810,1.96350,3.14159,-2.74889,-0.39270,0.00000,1.17810,3.14159,3.14159,-1.17810,0.00000,1.17810,2.35619,3.14159,-2.35619,0.00000
36.45
0.78540,-2.74889,3.14159,-0.78540,-1.17810,0.39270,1.96350,3.14159,-2.74889,-1.57080,0.39270,1.17810,3.14159,-2.74889,-0.78540,-0.39270,0.39270,1.96350,2.74889,-2.74889,-0.78540,0.00000,0.78540,2.74889,3.14159,-1.17810,-0.39270,1.17810,2.35619,3.14159,-1.57080,-0.39270
37.83
1.17810,-2.74889,3.14159,-1.96350,-1.57080,0.78540,1.57080,3.14159,-2.74889,-1.17810,0.39270,1.57080,3.14159,-2.74889,-1.17810,-0.39270,0.39270,2.35619,3.14159,-2.74889,-1.17810,-0.39270,0.78540,2.74889,3.14159,-1.17810,0.00000,1.17810,2.35619,3.14159,-1.57080,0.00000
38.05
1.96350,-2.74889,-2.74889,-1.57080,-0.78540,0.39270,1.57080,-2.74889,-2.74889,-0.78540,0.39270,1.57080,3.14159,-2.74889,-1.17810,0.00000,1.17810,1.96350,-2.74889,3.14159,-1.57080,0.00000,1.17810,2.74889,3.14159,-1.17810,0.00000,1.17810,2.35619,-2.74889,-1.57080,-0.78540
38.14
1.96350,-2.74889,-2.74889,-1.57080,-0.78540,0.39270,1.57080,-2.74889,-2.74889,-1.17810,0.39270,1.96350,3.14159,-2.74889,-0.78540,0.00000,1.17810,1.96350,-2.74889,3.14159,-1.17810,0.00000,1.17810,2.74889,3.14159,-1.17810,0.00000,1.17810,2.35619,-2.74889,-1.57080,-0.39270
38.27
1.96350,-2.74889,-2.74889,-1.96350,-0.39270,0.39270,1.57080,-2.74889,-1.96350,-1.17810,0.39270,1.57080,3.14159,-2.74889,-1.17810,0.00000,1.57080,1.96350,-2.74889,3.14159,-1.17810,0.00000,1.17810,2.74889,3.14159,-1.17810,0.00000,1.17810,2.74889,-2.74889,-1.17810,-0.39270
38.31
1.57080,3.14159,-2.74889,-1.57080,-1.17810,0.39270,1.96350,3.14159,-2.74889,-1.17810,0.39270,1.57080,3.14159,-2.74889,-1.17810,-0.39270,0.39270,1.96350,3.14159,-2.74889,-1.17810,0.39270,1.17810,3.14159,3.14159,-1.17810,0.00000,1.17810,2.74889,-2.74889,-1.17810,-0.39270
38.39
1.57080,3.14159,-2.74889,-2.74889,-1.17810,0.39270,1.57080,3.14159,-2.74889,-1.17810,0.00000,1.57080,3.14159,-2.74889,-1.17810,0.00000,1.17810,1.57080,3.14159,-2.74889,-0.78540,0.00000,1.17810,3.14159,3.14159,-1.17810,0.00000,1.17810,2.74889,-2.74889,-1.57080,-0.78540
38.40
1.57080,3.14159,-2.74889,-1.96350,-1.17810,0.78540,1.57080,3.14159,-2.74889,-0.78540,0.39270,1.57080,3.14159,-2.74889,-1.17810,0.00000,1.17810,2.35619,3.14159,-2.74889,-1.17810,0.00000,1.17810,3.14159,3.14159,-1.17810,0.00000,1.17810,2.74889,-2.74889,-0.78540,-0.78540
38.54
1.57080,3.14159,-2.74889,-2.35619,-0.78540,0.78540,1.57080,3.14159,-2.74889,-1.17810,0.00000,1.57080,3.14159,-2.74889,-1.57080,0.00000,0.78540,1.57080,3.14159,-2.74889,-0.78540,0.00000,1.17810,3.14159,3.14159,-1.17810,0.00000,1.17810,2.74889,-2.74889,-1.57080,-0.39270
38.74
1.17810,3.14159,-2.74889,-2.35619,-0.78540,0.39270,1.96350,3.14159,-2.74889,-1.17810,0.00000,1.57080,3.14159,-2.74889,-1.57080,0.00000,1.17810,1.57080,3.14159,-2.74889,-1.17810,0.00000,1.17810,3.14159,3.14159,-1.17810,0.00000,1.17810,2.74889,-2.74889,-1.57080,-0.39270
38.89
1.57080,3.14159,-2.74889,-2.35619,-0.78540,0.39270,1.57080,3.14159,-2.74889,-0.78540,0.00000,1.57080,3.14159,-2.74889,-0.78540,0.00000,1.17810,1.57080,3.14159,-2.74889,-1.17810,0.00000,1.17810,3.14159,3.14159,-1.17810,0.00000,1.17810,2.74889,-2.74889,-1.57080,-0.39270
38.93
1.96350,3.14159,-2.74889,-2.35619,-1.17810,0.78540,1.96350,3.14159,-2.74889,-0.78540,0.39270,1.57080,3.14159,-2.74889,-0.78540,0.39270,0.78540,1.96350,3.14159,-2.74889,-1.17810,0.00000,0.78540,1.96350,3.14159,-1.17810,0.00000,1.17810,2.35619,-2.74889,-1.57080,-0.39270
38.97
2.35619,3.14159,-2.74889,-2.35619,-0.78540,0.39270,1.57080,3.14159,-2.74889,-0.78540,0.00000,1.57080,3.14159,-2.74889,-1.17810,-0.39270,0.78540,1.57080,3.14159,-2.74889,-1.17810,0.00000,1.17810,2.35619,3.14159,-0.78540,0.00000,1.17810,2.35619,-2.74889,-1.17810,-0.39270
39.46
1.96350,3.14159,-2.74889,-1.96350,-0.78540,0.39270,1.57080,3.14159,-2.74889,-0.78540,0.39270,1.57080,3.14159,-2.74889,-1.17810,0.00000,1.17810,1.96350,3.14159,-2.74889,-0.78540,0.00000,1.17810,2.74889,3.14159,-0.78540,0.00000,1.17810,2.74889,-2.74889,-1.17810,-0.39270
39.47
1.57080,3.14159,-2.74889,-2.35619,-1.17810,0.39270,1.96350,3.14159,-2.74889,-1.17810,0.00000,1.57080,3.14159,-2.74889,-1.57080,0.00000,0.78540,1.57080,2.74889,3.14159,-1.57080,0.00000,1.17810,2.35619,3.14159,-1.17810,0.00000,1.17810,2.35619,3.14159,-1.96350,-0.39270
39.55
1.17810,3.14159,-2.74889,-2.35619,-0.78540,0.39270,1.57080,3.14159,-2.74889,-1.17810,0.39270,1.17810,3.14159,-2.74889,-1.17810,0.00000,0.78540,1.57080,2.74889,3.14159,-1.17810,0.00000,0.78540,2.35619,3.14159,-1.17810,0.00000,1.17810,2.35619,3.14159,-1.96350,-0.39270
39.58
1.17810,3.14159,-2.74889,-2.35619,-1.17810,0.39270,1.57080,3.14159,-2.74889,-1.17810,0.00000,1.57080,3.14159,-2.74889,-1.17810,0.00000,0.78540,1.96350,3.14159,3.14159,-1.17810,0.00000,1.17810,2.35619,3.14159,-1.57080,0.00000,1.17810,2.35619,3.14159,-1.96350,-0.39270
39.79
1.17810,3.14159,-2.74889,-2.35619,-1.17810,0.39270,1.57080,3.14159,-2.74889,-1.17810,0.00000,1.57080,3.14159,-2.74889,-1.57080,0.00000,0.78540,1.57080,2.35619,3.14159,-1.17810,-0.39270,0.78540,2.35619,3.14159,-1.57080,-0.39270,1.17810,1.96350,3.14159,-1.96350,-0.78540
39.81
1.57080,3.14159,-2.74889,-2.35619,-1.17810,0.39270,1.57080,3.14159,-2.74889,-1.17810,0.00000,1.57080,3.14159,-2.74889,-1.17810,0.00000,0.78540,1.96350,3.14159,3.14159,-1.17810,0.00000,1.17810,2.35619,3.14159,-1.17810,0.00000,1.17810,2.35619,3.14159,-1.57080,-0.39270
39.98
1.57080,3.14159,-2.74889,-2.35619,-1.17810,0.39270,1.57080,3.14159,-2.74889,-1.17810,0.00000,1.57080,3.14159,-2.74889,-1.17810,0.00000,0.78540,1.57080,2.74889,3.14159,-1.57080,0.00000,1.17810,2.35619,3.14159,-1.57080,0.00000,1.17810,2.35619,3.14159,-1.57080,-0.39270
40.00
1.57080,3.14159,-2.74889,-2.35619,-1.17810,0.39270,1.57080,3.14159,-2.74889,-1.17810,0.00000,1.57080,3.14159,-2.74889,-1.17810,0.00000,0.78540,1.57080,2.35619,3.14159,-1.17810,0.00000,1.17810,2.35619,3.14159,-1.57080,0.00000,1.17810,2.35619,3.14159,-1.57080,-0.39270
40.01
1.57080,3.14159,-2.74889,-1.96350,-1.17810,0.39270,1.57080,3.14159,-2.74889,-1.17810,0.39270,1.57080,3.14159,-2.74889,-1.17810,0.00000,0.78540,1.57080,2.35619,3.14159,-1.17810,0.00000,1.17810,2.35619,3.14159,-1.17810,0.00000,1.17810,2.35619,3.14159,-1.57080,-0.39270
40.03
1.57080,3.14159,-2.74889,-2.35619,-1.17810,0.39270,1.57080,3.14159,-2.74889,-1.17810,0.00000,1.57080,3.14159,-2.74889,-1.17810,0.00000,0.78540,1.96350,2.74889,3.14159,-1.17810,0.00000,1.17810,2.35619,3.14159,-1.17810,0.00000,1.17810,2.35619,3.14159,-1.57080,-0.39270
40.13
1.57080,3.14159,-2.74889,-1.96350,-1.17810,0.39270,1.57080,3.14159,-2.74889,-1.17810,0.39270,1.57080,3.14159,-2.74889,-1.17810,0.00000,1.17810,1.96350,2.74889,3.14159,-1.17810,0.00000,1.17810,2.35619,3.14159,-1.17810,0.00000,1.17810,2.35619,3.14159,-1.57080,-0.39270
40.16
1.17810,2.35619,-2.74889,-2.74889,-1.17810,0.39270,1.57080,2.74889,-2.74889,-1.17810,0.39270,1.57080,2.74889,-2.74889,-1.57080,0.00000,0.78540,1.57080,2.35619,3.14159,-1.96350,0.00000,1.17810,2.35619,3.14159,-1.57080,-0.39270,0.78540,1.96350,3.14159,-1.57080,-0.39270
40.45
1.57080,2.74889,-2.74889,-1.96350,-0.78540,0.00000,1.57080,3.14159,-2.74889,-1.17810,0.00000,1.17810,2.74889,-2.74889,-1.57080,-0.39270,0.78540,1.96350,2.35619,3.14159,-1.57080,0.00000,1.17810,1.96350,3.14159,-1.57080,-0.39270,0.78540,1.96350,3.14159,-1.57080,-0.78540
40.66
1.57080,2.74889,-2.74889,-1.57080,-1.17810,0.39270,1.57080,2.74889,-2.35619,-1.17810,0.00000,1.57080,2.74889,-2.74889,-1.17810,-0.39270,0.78540,1.96350,2.74889,3.14159,-1.57080,0.00000,0.78540,2.35619,3.14159,-1.57080,0.00000,1.17810,2.35619,3.14159,-1.57080,-0.78540
40.78
1.57080,2.74889,-2.74889,-2.35619,-1.17810,0.39270,1.57080,2.74889,-2.74889,-1.17810,0.00000,1.57080,2.35619,-2.74889,-1.57080,0.00000,0.78540,1.57080,2.35619,3.14159,-1.17810,0.00000,1.17810,2.35619,3.14159,-1.57080,0.00000,1.17810,2.35619,3.14159,-1.57080,-0.39270
40.83
1.17810,-2.74889,-2.74889,-2.35619,-1.17810,0.00000,1.17810,2.74889,-2.74889,-1.57080,0.00000,1.17810,2.35619,-2.74889,-1.57080,-0.39270,0.78540,1.57080,2.74889,3.14159,-1.57080,-0.39270,0.78540,1.96350,3.14159,-1.57080,-0.39270,0.78540,1.96350,3.14159,-1.57080,-0.78540
40.96
1.17810,-2.74889,-2.74889,-2.35619,-1.17810,0.00000,1.17810,2.74889,-2.74889,-1.57080,0.00000,1.17810,2.35619,-2.74889,-1.57080,-0.39270,0.78540,1.57080,2.35619,3.14159,-1.57080,-0.39270,0.78540,1.96350,3.14159,-1.57080,-0.39270,0.78540,1.96350,3.14159,-1.57080,-0.78540
41.03
1.17810,-2.74889,-2.74889,-2.35619,-1.17810,0.00000,1.17810,2.74889,-2.74889,-1.57080,0.00000,1.17810,2.35619,-2.74889,-1.57080,-0.39270,0.78540,1.57080,2.35619,3.14159,-1.57080,-0.39270,0.78540,1.96350,3.14159,-1.57080,-0.39270,0.78540,1.96350,3.14159,-1.96350,-0.78540
41.04
1.17810,-2.74889,-2.74889,-2.35619,-1.17810,0.00000,1.17810,2.35619,-2.74889,-1.57080,0.00000,1.17810,2.35619,-2.74889,-1.96350,-0.39270,0.78540,1.57080,2.35619,3.14159,-1.57080,-0.39270,0.78540,1.96350,3.14159,-1.57080,-0.39270,0.78540,1.96350,3.14159,-1.96350,-0.78540
41.11
1.17810,-2.74889,-2.74889,-2.35619,-1.17810,0.00000,1.17810,2.35619,-2.74889,-1.57080,0.00000,1.17810,2.35619,-2.74889,-1.57080,-0.39270,0.78540,1.57080,2.35619,3.14159,-1.57080,-0.39270,0.78540,1.96350,3.14159,-1.57080,-0.39270,0.78540,1.96350,3.14159,-1.57080,-0.78540
41.20
1.17810,-2.74889,-2.74889,-2.35619,-1.17810,0.00000,1.17810,2.35619,-2.74889,-1.57080,0.00000,1.17810,2.35619,-2.74889,-1.57080,-0.39270,0.78540,1.57080,2.35619,3.14159,-1.57080,-0.39270,0.78540,1.96350,3.14159,-1.57080,-0.39270,0.78540,1.96350,3.14159,-1.96350,-0.78540
