0.87
0.00000,0.00000,0.00000,0.00000,0.00000,0.00000,0.00000,0.00000,0.00000,0.00000,0.00000,0.00000,0.00000,0.00000,0.00000,0.00000,0.00000,0.00000,0.00000,0.00000,0.00000,0.00000,0.00000,0.00000,0.00000,0.00000,0.00000,0.00000,0.00000,0.00000,0.00000,0.00000
1.38
0.78540,0.39270,0.00000,0.00000,-1.96350,-0.39270,0.00000,1.57080,1.17810,0.00000,0.39270,0.78540,-0.78540,0.39270,0.39270,-0.78540,-0.39270,0.39270,0.39270,1.96350,0.39270,0.00000,0.00000,0.00000,0.00000,-1.17810,-0.78540,-1.96350,1.17810,0.00000,0.39270,0.00000
2.15
0.39270,1.57080,-0.39270,0.78540,0.00000,-0.78540,1.17810,1.17810,-1.17810,-0.78540,2.35619,0.78540,0.39270,1.17810,0.39270,-0.39270,0.00000,0.00000,1.96350,-0.39270,-0.39270,1.17810,-1.57080,0.78540,0.78540,-1.57080,-1.17810,0.78540,0.78540,0.78540,1.57080,-0.78540
3.72
-1.57080,1.17810,-1.17810,3.14159,1.17810,-2.74889,-1.17810,0.39270,0.39270,0.39270,2.35619,1.17810,0.78540,1.96350,0.00000,-1.57080,-1.17810,0.78540,1.96350,-0.78540,0.39270,-0.39270,-2.74889,1.17810,-1.57080,-0.78540,1.17810,0.39270,-1.17810,1.17810,-1.96350,0.00000
9.90
-1.17810,0.00000,0.78540,3.14159,0.78540,-2.74889,-2.35619,0.00000,-0.78540,1.57080,3.14159,0.00000,2.74889,1.96350,0.78540,-2.74889,1.17810,2.74889,-1.17810,-0.78540,0.39270,0.78540,0.00000,-0.39270,-1.96350,-0.78540,1.17810,1.17810,-1.17810,-0.78540,-1.57080,-0.39270
10.24
-1.57080,1.17810,-1.57080,-0.39270,2.74889,-2.35619,-1.96350,3.14159,-0.39270,2.35619,3.14159,-1.96350,3.14159,1.96350,2.74889,3.14159,2.35619,3.14159,3.14159,2.35619,0.00000,-1.17810,0.39270,2.74889,-2.74889,-0.39270,-0.78540,2.74889,2.74889,-2.74889,3.14159,-2.74889
10.96
-2.35619,2.35619,-0.39270,3.14159,1.17810,2.35619,2.74889,1.96350,0.39270,1.96350,3.14159,-0.39270,2.74889,-1.17810,-1.17810,3.14159,1.17810,0.78540,3.14159,-1.57080,-0.78540,1.96350,-0.39270,3.14159,-2.74889,-0.78540,-0.78540,1.96350,2.74889,-2.74889,3.14159,-1.57080
11.49
1.96350,3.14159,0.00000,1.57080,2.74889,-2.74889,1.57080,3.14159,-1.57080,1.17810,0.78540,-2.74889,3.14159,0.78540,-2.74889,-0.39270,3.14159,1.96350,3.14159,3.14159,-2.35619,-1.17810,0.39270,2.74889,-2.74889,-1.17810,-1.96350,3.14159,1.96350,2.74889,-2.74889,-2.74889
12.21
3.14159,-1.96350,2.35619,1.96350,2.35619,1.17810,-2.74889,3.14159,-1.57080,1.57080,3.14159,-1.57080,3.14159,0.00000,0.78540,3.14159,2.35619,2.74889,3.14159,2.74889,0.39270,-2.74889,2.74889,3.14159,-2.74889,-1.57080,0.39270,1.96350,2.74889,-2.35619,3.14159,-2.74889
13.79
-1.57080,1.57080,1.17810,0.39270,2.74889,-1.96350,-1.96350,2.74889,-1.96350,-0.39270,2.35619,-2.74889,2.74889,-1.57080,0.00000,1.96350,3.14159,-2.74889,3.14159,2.74889,0.00000,-1.17810,-0.39270,2.74889,-2.35619,-1.96350,-1.57080,2.74889,0.39270,-2.74889,-2.74889,-2.74889
14.46
-2.74889,0.78540,0.00000,1.96350,-1.57080,-2.74889,2.35619,3.14159,1.17810,2.74889,3.14159,-2.35619,-1.17810,-1.57080,-0.78540,3.14159,3.14159,2.35619,3.14159,3.14159,0.39270,0.78540,1.57080,3.14159,-2.74889,-2.35619,-0.78540,2.74889,2.74889,-2.74889,3.14159,-2.74889
14.54
3.14159,2.35619,-2.35619,3.14159,3.14159,-2.74889,-2.35619,1.17810,1.96350,1.96350,3.14159,-2.74889,-0.78540,0.78540,0.00000,-2.35619,2.74889,-2.74889,3.14159,-1.57080,0.00000,2.74889,-2.74889,-2.35619,-2.35619,-1.17810,-1.17810,1.96350,2.74889,1.57080,-2.35619,-2.74889
15.01
1.96350,1.17810,1.57080,-0.39270,1.96350,0.39270,-1.17810,3.14159,0.78540,1.96350,2.74889,-2.74889,2.74889,-1.17810,0.00000,0.78540,2.74889,-2.74889,3.14159,-1.96350,-1.57080,-2.74889,2.74889,3.14159,-2.35619,-1.96350,0.39270,2.35619,3.14159,-2.74889,-2.74889,-2.74889
19.55
-2.35619,0.00000,0.00000,3.14159,-2.74889,3.14159,3.14159,0.00000,1.57080,2.74889,3.14159,1.96350,0.00000,0.39270,1.57080,3.14159,1.96350,3.14159,3.14159,3.14159,1.17810,0.78540,1.57080,3.14159,-2.74889,-1.57080,-0.39270,1.17810,2.74889,-2.74889,3.14159,-2.35619
20.06
-2.74889,2.74889,-1.17810,0.78540,3.14159,-2.74889,-2.74889,2.74889,0.78540,0.78540,3.14159,-2.74889,3.14159,-1.96350,1.17810,0.39270,2.35619,2.74889,3.14159,-2.74889,-1.96350,-0.78540,2.35619,2.74889,-2.74889,-1.96350,0.39270,2.74889,1.96350,-2.74889,-2.74889,-2.74889
20.53
-1.17810,-1.96350,0.78540,1.57080,2.74889,-2.74889,-2.74889,0.78540,1.96350,2.35619,3.14159,-2.74889,3.14159,-1.57080,2.35619,2.35619,2.74889,3.14159,3.14159,0.78540,-1.17810,0.78540,2.74889,3.14159,-2.74889,-0.78540,-0.78540,2.35619,1.96350,-2.74889,-2.74889,-2.74889
21.35
-1.96350,0.78540,1.57080,0.39270,3.14159,-2.74889,-2.74889,2.35619,1.17810,0.78540,3.14159,-2.74889,3.14159,-1.57080,-1.17810,0.00000,0.00000,3.14159,3.14159,-1.57080,-0.78540,-0.78540,1.17810,2.74889,-2.74889,-2.74889,-1.57080,1.17810,0.00000,-2.74889,-2.74889,-1.57080
22.94
-2.74889,-0.78540,2.35619,0.78540,3.14159,-2.74889,-2.74889,3.14159,-1.17810,1.17810,3.14159,-2.74889,3.14159,-0.78540,-0.78540,0.78540,2.74889,3.14159,-2.35619,-1.57080,-2.35619,0.39270,2.35619,2.74889,-2.74889,-2.74889,-1.17810,2.74889,1.57080,-2.74889,-2.74889,-2.74889
24.47
-2.35619,0.00000,1.96350,1.57080,1.17810,-2.74889,-0.78540,2.74889,-0.39270,2.35619,3.14159,-2.74889,-1.17810,-0.78540,-1.96350,0.78540,2.35619,2.74889,-2.74889,-2.35619,0.39270,0.00000,2.74889,3.14159,-2.74889,-1.96350,0.00000,2.35619,2.35619,-2.74889,-2.74889,-2.74889
26.02
-1.57080,-0.78540,2.74889,0.78540,0.78540,-2.74889,-2.74889,0.39270,1.57080,2.74889,3.14159,-2.74889,-0.78540,-0.78540,-1.17810,2.35619,3.14159,3.14159,3.14159,0.00000,0.00000,-0.39270,2.35619,3.14159,-2.74889,-0.39270,0.39270,0.39270,2.74889,-2.74889,-2.35619,-2.74889
26.88
-1.96350,1.57080,-0.39270,1.96350,0.00000,-2.74889,-2.35619,2.35619,-1.17810,0.78540,3.14159,-2.74889,-2.74889,-1.17810,0.39270,1.96350,1.96350,3.14159,-1.57080,-1.57080,-1.57080,0.78540,1.17810,3.14159,-2.74889,0.00000,-0.39270,1.96350,2.74889,-2.74889,-2.74889,-1.96350
31.19
-1.96350,-0.78540,0.78540,2.35619,1.17810,-2.74889,-2.74889,1.57080,-1.17810,0.39270,3.14159,-2.74889,-1.96350,-1.17810,0.00000,-1.17810,3.14159,3.14159,-2.74889,-1.57080,-0.78540,0.39270,1.17810,3.14159,-2.74889,-1.57080,-0.39270,1.96350,0.78540,-2.74889,-2.74889,-1.96350
32.28
-2.74889,2.35619,1.57080,-0.39270,2.35619,3.14159,-0.39270,-0.39270,0.39270,0.39270,2.74889,2.74889,-2.74889,-0.78540,0.00000,1.57080,2.74889,-0.39270,2.74889,-1.17810,-0.78540,0.78540,1.57080,3.14159,-2.74889,-1.17810,-0.39270,1.96350,2.35619,-2.74889,-2.74889,-1.57080
32.52
-1.57080,0.78540,0.78540,1.17810,-0.39270,-2.74889,-2.74889,1.96350,0.00000,1.17810,3.14159,-2.74889,-1.57080,0.00000,0.78540,1.57080,3.14159,3.14159,-2.74889,-1.96350,-0.39270,0.39270,0.00000,3.14159,-2.74889,-1.17810,0.00000,1.17810,2.74889,-2.74889,-2.74889,-2.74889
32.60
-1.57080,0.00000,-0.78540,1.17810,2.74889,-2.74889,-2.74889,3.14159,-0.78540,1.17810,3.14159,-2.74889,3.14159,-1.57080,0.39270,1.17810,2.74889,3.14159,-2.35619,-1.17810,-1.17810,0.78540,1.17810,3.14159,-2.74889,-1.96350,-0.78540,1.96350,3.14159,-2.74889,-2.74889,-2.74889
32.75
-0.39270,1.17810,-0.78540,1.17810,1.96350,-2.74889,-2.74889,3.14159,0.00000,0.78540,3.14159,-2.74889,-2.35619,-1.57080,0.00000,0.00000,3.14159,3.14159,-2.74889,-1.57080,-0.39270,0.78540,2.74889,3.14159,-2.74889,-0.39270,-0.39270,0.78540,2.74889,-2.74889,-2.74889,-2.74889
37.93
-0.39270,0.39270,1.96350,0.39270,1.57080,-1.96350,-1.96350,-1.17810,0.78540,1.96350,3.14159,-2.74889,-2.35619,-1.57080,-0.39270,1.96350,3.14159,3.14159,3.14159,-0.39270,-0.39270,0.78540,1.57080,3.14159,-2.74889,-1.57080,0.39270,0.78540,2.35619,-2.74889,-2.74889,-2.74889
38.41
-1.96350,0.00000,0.00000,0.00000,2.74889,-2.74889,-2.74889,0.39270,-0.78540,1.17810,3.14159,-2.74889,-1.57080,-1.57080,0.00000,1.57080,3.14159,2.74889,-2.74889,-2.35619,-0.39270,0.00000,1.57080,3.14159,-2.74889,-1.17810,0.39270,1.96350,3.14159,-2.74889,-2.74889,-1.96350
38.83
-1.96350,0.78540,1.57080,1.57080,-2.74889,-2.74889,-1.96350,-1.57080,0.00000,0.78540,3.14159,-2.74889,-1.57080,0.00000,0.00000,0.39270,2.35619,3.14159,-2.74889,-2.74889,-1.57080,1.17810,0.78540,3.14159,-2.74889,-0.78540,0.39270,1.17810,1.57080,-2.74889,-2.74889,-0.78540
40.17
-0.78540,-0.78540,1.17810,0.78540,0.78540,-2.74889,-2.35619,-0.78540,0.39270,1.17810,3.14159,-2.74889,-2.74889,-0.39270,-0.78540,1.57080,3.14159,3.14159,-2.74889,-1.17810,0.39270,0.39270,2.35619,3.14159,-2.74889,-0.78540,-0.39270,1.57080,2.74889,-2.74889,-2.35619,-2.74889
43.89
-0.78540,0.00000,0.39270,1.57080,2.35619,-2.74889,-2.74889,-1.96350,-0.39270,0.39270,3.14159,-2.74889,-2.74889,-1.17810,-0.39270,1.17810,3.14159,3.14159,-2.74889,-2.35619,-0.78540,-0.39270,1.17810,3.14159,-2.74889,-1.17810,-0.39270,1.17810,1.96350,-2.74889,-2.35619,-1.57080
44.27
-1.17810,-0.39270,0.39270,0.78540,2.35619,-2.74889,-2.74889,-1.57080,-0.39270,1.17810,3.14159,-2.74889,-2.74889,-1.17810,-0.39270,1.57080,3.14159,3.14159,-2.74889,-1.57080,-0.78540,-0.78540,1.57080,3.14159,-2.74889,-1.57080,-0.39270,0.78540,1.96350,-2.74889,-2.74889,-2.35619
44.36
-1.57080,1.17810,-0.39270,1.17810,1.96350,3.14159,-1.57080,-0.78540,0.39270,1.17810,3.14159,-2.74889,-0.39270,-0.78540,0.78540,2.35619,3.14159,3.14159,-2.74889,-2.35619,-0.39270,0.78540,1.17810,3.14159,-2.74889,-1.57080,-0.39270,0.78540,2.74889,-2.74889,-2.35619,-1.17810
44.69
-0.78540,0.00000,0.00000,0.39270,2.74889,-2.74889,-2.74889,0.00000,-0.39270,1.17810,3.14159,-2.74889,-2.74889,-1.17810,0.78540,1.57080,3.14159,3.14159,-2.74889,-1.57080,-0.78540,0.78540,1.57080,3.14159,-2.74889,-1.17810,-0.39270,1.57080,2.35619,-2.74889,-2.74889,-1.57080
45.27
-1.17810,0.00000,0.00000,1.57080,2.35619,-2.74889,-2.74889,-1.17810,0.00000,1.57080,3.14159,-2.74889,-1.96350,-1.57080,0.00000,1.57080,3.14159,3.14159,-2.74889,-1.57080,-1.17810,0.00000,1.57080,3.14159,-2.74889,-1.57080,-0.39270,1.57080,2.35619,-2.74889,-2.74889,-2.35619
45.47
-1.57080,0.39270,1.17810,1.17810,2.35619,-2.74889,-2.74889,-1.17810,0.39270,0.39270,3.14159,-2.74889,-1.96350,-0.78540,0.39270,2.35619,3.14159,3.14159,-2.74889,-2.35619,-0.78540,0.39270,1.17810,3.14159,-2.74889,-1.17810,-0.39270,0.78540,2.35619,-2.74889,-2.74889,-1.96350
46.72
-0.39270,-0.39270,0.00000,1.96350,1.96350,-2.74889,-2.74889,-1.17810,0.39270,1.57080,3.14159,-2.74889,-2.74889,-1.17810,0.39270,1.17810,3.14159,3.14159,-2.74889,-1.96350,-0.39270,0.39270,1.96350,3.14159,-2.74889,-0.78540,-0.39270,1.17810,2.35619,-2.74889,-2.35619,-1.17810
46.99
-1.57080,-0.78540,0.00000,0.00000,2.35619,-2.74889,-2.74889,-0.78540,0.00000,1.17810,3.14159,-2.74889,-2.74889,-0.78540,0.39270,1.57080,3.14159,3.14159,-2.74889,-1.17810,0.00000,0.00000,1.96350,3.14159,-2.74889,-1.57080,0.00000,0.78540,2.35619,-2.74889,-2.35619,-0.78540
47.49
-1.17810,-0.39270,1.57080,0.39270,2.35619,-2.74889,-2.74889,-0.78540,0.00000,0.78540,3.14159,-2.74889,-2.35619,-0.39270,0.00000,0.78540,3.14159,3.14159,-2.74889,-1.96350,-0.78540,0.39270,1.57080,3.14159,-2.74889,-1.57080,0.00000,0.78540,1.57080,-2.74889,-2.74889,-1.57080
49.65
-1.57080,-0.39270,0.00000,0.78540,1.57080,-2.74889,-1.96350,-0.78540,0.00000,1.17810,3.14159,-2.74889,-2.35619,-0.78540,-0.39270,1.17810,3.14159,3.14159,-2.74889,-1.57080,-0.78540,0.39270,1.96350,3.14159,-2.74889,-1.17810,0.00000,0.78540,2.35619,-2.74889,-2.74889,-1.17810
50.59
-1.17810,-0.39270,0.00000,0.39270,1.96350,-2.74889,-2.35619,-0.78540,0.39270,1.17810,3.14159,-2.74889,-1.57080,-0.78540,0.39270,1.57080,3.14159,3.14159,-2.74889,-1.17810,-0.39270,0.39270,1.57080,3.14159,-2.74889,-1.17810,0.00000,1.17810,1.96350,-2.74889,-2.74889,-1.96350
50.89
-1.17810,0.00000,0.39270,0.78540,2.35619,-2.74889,-2.35619,-0.78540,0.00000,0.78540,3.14159,-2.74889,-1.57080,-0.78540,0.39270,1.96350,3.14159,3.14159,-2.74889,-1.96350,-0.39270,0.39270,1.96350,3.14159,-2.74889,-0.78540,0.39270,0.78540,2.35619,-2.74889,-2.35619,-1.17810
50.92
-1.57080,0.00000,0.39270,0.39270,2.35619,-2.74889,-1.96350,-0.39270,0.39270,1.17810,3.14159,-2.74889,-1.57080,-0.78540,0.78540,0.78540,3.14159,3.14159,-2.74889,-1.17810,0.00000,0.78540,1.96350,3.14159,-2.74889,-0.78540,0.00000,1.17810,1.96350,-2.74889,-2.35619,-0.78540
51.21
-1.17810,-0.39270,0.39270,0.78540,1.96350,-2.74889,-2.74889,-0.78540,0.00000,1.17810,3.14159,-2.74889,-1.96350,0.00000,0.39270,1.17810,3.14159,3.14159,-2.74889,-1.57080,-0.39270,0.39270,1.96350,3.14159,-2.74889,-1.17810,0.00000,1.17810,2.35619,-2.74889,-2.35619,-1.17810
51.27
-1.17810,-0.39270,0.39270,1.57080,2.35619,-2.74889,-2.35619,-0.78540,0.00000,1.17810,3.14159,-2.74889,-1.57080,-0.78540,0.00000,1.96350,3.14159,3.14159,-2.74889,-1.57080,-0.39270,0.78540,1.96350,3.14159,-2.74889,-0.78540,0.00000,0.78540,1.57080,-2.74889,-1.96350,-1.57080
51.28
-0.78540,-0.39270,1.17810,1.17810,2.74889,-2.74889,-2.74889,-1.17810,0.00000,1.57080,3.14159,-2.74889,-1.17810,-0.39270,0.39270,1.57080,3.14159,3.14159,-2.74889,-1.17810,-0.39270,1.17810,1.96350,3.14159,-2.74889,-1.17810,0.00000,1.17810,2.35619,-2.74889,-1.96350,-1.17810
51.45
-0.78540,0.39270,0.78540,0.78540,2.35619,-2.74889,-1.57080,-0.39270,0.00000,1.57080,3.14159,-2.74889,-1.57080,-0.39270,0.78540,2.35619,2.74889,3.14159,-2.74889,-1.57080,-0.39270,0.78540,1.57080,3.14159,-2.74889,-1.17810,0.00000,1.17810,1.96350,-2.74889,-2.35619,-0.39270
51.54
-1.57080,-0.39270,0.39270,1.17810,1.96350,-2.74889,-1.96350,-0.39270,0.00000,1.17810,3.14159,-2.74889,-1.57080,-0.39270,0.39270,1.17810,3.14159,3.14159,-2.74889,-1.96350,-0.78540,0.78540,1.96350,3.14159,-2.74889,-1.17810,-0.39270,0.78540,1.96350,-2.74889,-1.96350,-1.17810
52.19
-1.17810,0.00000,0.00000,1.17810,1.96350,-2.74889,-1.57080,-0.78540,0.39270,1.17810,3.14159,-2.74889,-1.17810,-0.78540,0.39270,1.57080,3.14159,3.14159,-2.74889,-1.57080,-0.39270,0.39270,1.57080,3.14159,-2.74889,-1.17810,0.39270,0.78540,1.96350,-2.74889,-1.96350,-0.78540
52.44
-0.78540,-0.39270,0.39270,1.57080,2.35619,-2.74889,-2.35619,-1.17810,0.39270,1.57080,3.14159,-2.74889,-1.57080,-0.39270,0.78540,1.57080,3.14159,3.14159,-2.74889,-1.17810,-0.39270,0.78540,1.96350,3.14159,-2.74889,-1.17810,0.00000,1.17810,1.96350,-2.74889,-2.35619,-1.17810
52.51
-1.57080,0.39270,0.78540,1.96350,1.96350,-2.74889,-1.96350,-0.78540,0.00000,1.57080,3.14159,-2.74889,-1.57080,-0.39270,0.39270,1.96350,3.14159,3.14159,-2.74889,-1.57080,-0.39270,0.78540,1.96350,3.14159,-2.74889,-0.78540,0.39270,1.17810,2.35619,-2.74889,-1.57080,-0.78540
52.78
-0.78540,-0.78540,0.00000,1.57080,2.35619,-2.74889,-1.96350,-0.78540,0.00000,1.17810,3.14159,-2.74889,-1.57080,-0.78540,0.39270,1.57080,3.14159,3.14159,-2.74889,-1.57080,-0.39270,0.78540,1.96350,3.14159,-2.74889,-0.78540,0.00000,1.17810,2.35619,-2.74889,-1.96350,-0.78540
52.87
-1.57080,0.00000,0.39270,1.17810,1.96350,-2.74889,-1.96350,-0.78540,0.39270,1.17810,3.14159,-2.74889,-1.57080,-0.39270,1.17810,1.57080,3.14159,3.14159,-2.74889,-1.17810,-0.39270,0.78540,1.96350,3.14159,-2.74889,-0.78540,0.00000,1.17810,2.35619,-2.74889,-1.96350,-0.78540
52.99
-1.17810,0.39270,0.78540,1.17810,2.35619,-2.74889,-1.96350,-0.78540,0.39270,1.57080,3.14159,-2.74889,-1.57080,-0.39270,0.78540,1.57080,3.14159,3.14159,-2.74889,-1.57080,0.00000,0.39270,1.96350,3.14159,-2.74889,-0.78540,0.39270,1.57080,2.35619,-2.74889,-1.96350,-0.78540
53.01
-1.17810,0.00000,0.78540,1.17810,2.35619,-2.74889,-1.96350,-0.78540,0.39270,1.57080,3.14159,-2.74889,-1.57080,-0.78540,0.39270,1.17810,3.14159,3.14159,-2.74889,-1.57080,-0.39270,0.78540,1.96350,3.14159,-2.74889,-0.78540,0.39270,1.17810,1.96350,-2.74889,-1.57080,-0.78540
53.11
-0.78540,-0.39270,0.78540,1.17810,2.35619,-2.74889,-1.96350,-0.78540,0.39270,1.57080,3.14159,-2.74889,-1.17810,-0.39270,0.39270,1.57080,3.14159,3.14159,-2.74889,-1.57080,-0.39270,0.78540,1.96350,3.14159,-2.74889,-1.17810,0.39270,1.17810,1.96350,-2.74889,-1.57080,-1.17810
53.16
-1.57080,0.00000,0.39270,1.17810,2.35619,-2.74889,-1.96350,-0.78540,0.39270,1.57080,3.14159,-2.74889,-1.57080,-0.78540,0.78540,1.57080,3.14159,3.14159,-2.74889,-1.17810,0.00000,0.78540,1.96350,3.14159,-2.74889,-1.17810,0.39270,1.17810,2.35619,-2.74889,-1.96350,-1.17810
53.20
-1.17810,-0.39270,0.39270,0.78540,2.35619,-2.74889,-1.57080,-0.78540,0.00000,1.57080,3.14159,-2.74889,-1.57080,-0.78540,0.39270,1.57080,3.14159,3.14159,-2.74889,-1.57080,-0.39270,0.78540,1.57080,3.14159,-2.74889,-1.17810,0.00000,1.17810,2.35619,-2.74889,-1.96350,-0.78540
53.22
-1.17810,0.00000,0.78540,1.17810,2.35619,-2.74889,-1.96350,-0.78540,0.39270,1.57080,3.14159,-2.74889,-1.17810,-0.78540,0.39270,1.57080,3.14159,3.14159,-2.74889,-1.57080,0.00000,0.78540,1.96350,3.14159,-2.74889,-1.17810,0.00000,1.57080,2.35619,-2.74889,-1.96350,-0.78540
53.27
-1.17810,0.00000,0.78540,1.57080,2.35619,-2.74889,-1.96350,-0.78540,0.39270,1.57080,3.14159,-2.74889,-1.57080,-0.39270,0.39270,1.57080,3.14159,3.14159,-2.74889,-1.17810,0.00000,1.17810,1.96350,3.14159,-2.74889,-0.78540,0.39270,1.17810,1.96350,-2.74889,-1.57080,-1.17810
53.49
-1.17810,-0.39270,0.39270,1.17810,2.35619,-2.74889,-1.57080,-0.78540,0.39270,1.57080,3.14159,-2.74889,-1.57080,-0.39270,0.39270,1.57080,3.14159,3.14159,-2.74889,-1.57080,0.00000,0.78540,1.96350,3.14159,-2.74889,-1.17810,0.39270,1.17810,2.35619,-2.74889,-1.96350,-0.78540
53.69
-1.17810,0.00000,0.78540,1.17810,2.35619,-2.74889,-1.96350,-0.78540,0.39270,1.57080,3.14159,-2.74889,-1.57080,-0.39270,0.39270,1.57080,3.14159,3.14159,-2.74889,-1.57080,-0.39270,0.78540,1.57080,3.14159,-2.74889,-1.17810,0.00000,1.17810,2.35619,-2.74889,-1.96350,-0.78540
54.28
-1.17810,0.00000,0.78540,1.57080,2.35619,-2.74889,-1.96350,-0.78540,0.00000,1.57080,3.14159,-2.74889,-1.57080,-0.39270,0.39270,1.57080,3.14159,3.14159,-2.74889,-1.57080,0.00000,0.78540,1.96350,3.14159,-2.35619,-1.17810,0.00000,1.17810,2.35619,-2.74889,-1.96350,-1.17810
54.41
-1.17810,-0.39270,0.39270,1.17810,2.35619,-2.74889,-1.57080,-0.78540,0.00000,1.57080,2.74889,-2.74889,-1.57080,-0.39270,0.39270,1.96350,3.14159,3.14159,-2.74889,-1.57080,0.00000,0.78540,1.96350,3.14159,-2.35619,-0.78540,0.00000,1.57080,2.35619,-2.74889,-1.96350,-1.17810
54.43
-0.78540,0.00000,0.78540,1.57080,2.35619,-2.74889,-1.57080,-0.39270,0.39270,1.57080,3.14159,-2.74889,-1.17810,-0.39270,0.78540,1.57080,2.35619,3.14159,-2.74889,-1.17810,-0.39270,0.78540,1.96350,2.74889,-1.96350,-0.78540,0.00000,1.57080,2.35619,-2.74889,-1.57080,-0.78540
54.65
-1.17810,-0.39270,0.39270,1.17810,2.35619,-2.74889,-1.57080,-0.78540,0.00000,1.57080,2.74889,-2.74889,-1.57080,-0.78540,0.78540,1.57080,3.14159,3.14159,-2.74889,-1.57080,-0.39270,0.78540,1.96350,3.14159,-2.35619,-0.78540,0.39270,1.17810,2.35619,-2.74889,-1.96350,-0.78540
54.88
-1.17810,-0.39270,0.78540,1.17810,2.35619,-2.74889,-1.57080,-0.78540,0.39270,1.17810,2.74889,-2.74889,-1.57080,-0.39270,0.78540,1.57080,3.14159,3.14159,-2.74889,-1.57080,0.00000,0.78540,1.96350,3.14159,-1.96350,-1.17810,0.00000,1.17810,2.35619,-2.74889,-1.96350,-0.78540
55.28
-1.17810,0.00000,0.78540,1.17810,2.35619,-2.74889,-1.96350,-0.78540,0.00000,1.57080,2.35619,-2.74889,-1.57080,-0.39270,0.78540,1.57080,2.74889,3.14159,-2.74889,-1.57080,-0.39270,0.78540,1.96350,3.14159,-2.35619,-0.78540,0.39270,1.17810,2.35619,-2.74889,-1.96350,-0.78540
55.34
-1.17810,-0.39270,0.78540,1.17810,2.35619,-2.74889,-1.96350,-0.78540,0.00000,1.17810,2.35619,-2.74889,-1.57080,-0.39270,0.39270,1.57080,2.74889,3.14159,-2.74889,-1.57080,-0.39270,0.78540,1.57080,3.14159,-2.35619,-1.17810,0.00000,1.17810,2.35619,-2.74889,-1.57080,-0.78540
55.87
-1.17810,0.00000,0.78540,1.57080,2.35619,-2.74889,-1.57080,-0.78540,0.39270,1.57080,2.74889,-2.74889,-1.17810,-0.39270,0.39270,1.96350,2.74889,3.14159,-2.35619,-1.17810,0.00000,0.78540,1.96350,3.14159,-1.96350,-0.78540,0.39270,1.57080,2.35619,-2.74889,-1.57080,-0.78540
55.89
-0.78540,0.00000,0.78540,1.17810,2.35619,-2.74889,-1.57080,-0.78540,0.39270,1.57080,2.74889,-2.74889,-1.57080,-0.39270,0.78540,1.96350,2.74889,3.14159,-1.96350,-1.17810,0.00000,0.78540,1.96350,3.14159,-1.96350,-0.78540,0.39270,1.17810,2.35619,-2.74889,-1.57080,-0.78540
55.94
-1.17810,0.00000,0.78540,1.57080,2.35619,-2.74889,-1.57080,-0.78540,0.39270,1.57080,2.74889,-2.74889,-1.57080,-0.39270,0.78540,1.57080,2.74889,3.14159,-2.35619,-1.17810,0.00000,0.78540,1.96350,3.14159,-1.96350,-0.78540,0.39270,1.57080,2.35619,-2.74889,-1.57080,-0.78540
55.96
-0.78540,0.00000,0.78540,1.17810,2.35619,-2.74889,-1.57080,-0.78540,0.39270,1.57080,2.74889,-2.74889,-1.57080,-0.39270,0.78540,1.57080,2.74889,3.14159,-2.35619,-1.17810,0.00000,0.78540,1.96350,3.14159,-1.96350,-0.78540,0.39270,1.17810,2.35619,-2.74889,-1.57080,-0.78540
55.97
-1.17810,0.00000,0.78540,1.57080,2.35619,-2.74889,-1.57080,-0.78540,0.39270,1.57080,2.74889,-2.74889,-1.57080,-0.39270,0.78540,1.57080,2.74889,3.14159,-2.35619,-1.17810,0.00000,0.78540,1.96350,3.14159,-1.96350,-0.78540,0.39270,1.17810,2.35619,-2.74889,-1.57080,-0.78540
55.98
-0.78540,0.00000,0.78540,1.57080,2.35619,-2.74889,-1.57080,-0.78540,0.39270,1.57080,2.74889,-2.74889,-1.57080,-0.39270,0.78540,1.57080,2.74889,3.14159,-2.35619,-1.17810,0.00000,0.78540,1.96350,3.14159,-1.96350,-0.78540,0.39270,1.17810,2.35619,-2.74889,-1.57080,-0.78540
56.04
-0.78540,0.00000,0.78540,1.57080,2.35619,-2.74889,-1.57080,-0.78540,0.39270,1.57080,2.74889,-2.74889,-1.17810,-0.39270,0.78540,1.57080,2.74889,3.14159,-2.35619,-1.17810,0.00000,0.78540,1.96350,3.14159,-1.96350,-0.78540,0.39270,1.17810,2.35619,-2.74889,-1.57080,-0.78540
56.06
-0.78540,0.00000,0.78540,1.17810,2.35619,3.14159,-1.57080,-0.78540,0.39270,1.57080,2.74889,-2.35619,-1.17810,-0.39270,0.78540,1.57080,2.74889,3.14159,-2.35619,-1.17810,0.00000,0.78540,1.96350,3.14159,-1.96350,-0.78540,0.39270,1.17810,2.35619,-2.74889,-1.57080,-0.78540
56.07
-1.17810,0.00000,0.78540,1.57080,2.35619,3.14159,-1.57080,-0.78540,0.39270,1.57080,2.74889,-2.35619,-1.17810,-0.39270,0.78540,1.57080,2.74889,3.14159,-2.35619,-1.17810,0.00000,0.78540,1.96350,3.14159,-1.96350,-0.78540,0.39270,1.17810,2.35619,-2.74889,-1.57080,-0.78540
56.09
-0.78540,0.00000,0.78540,1.57080,2.35619,3.14159,-1.57080,-0.78540,0.39270,1.57080,2.74889,-2.35619,-1.17810,-0.39270,0.78540,1.57080,2.74889,3.14159,-2.35619,-1.17810,0.00000,0.78540,1.96350,3.14159,-1.96350,-0.78540,0.39270,1.17810,2.35619,-2.74889,-1.57080,-0.78540
56.11
-0.78540,0.00000,0.78540,1.57080,2.35619,3.14159,-1.57080,-0.78540,0.39270,1.57080,2.74889,-2.35619,-1.17810,-0.39270,0.78540,1.57080,2.74889,3.14159,-2.35619,-1.17810,0.00000,1.17810,1.96350,3.14159,-1.96350,-0.78540,0.39270,1.57080,2.35619,-2.74889,-1.57080,-0.78540
56.12
-0.78540,0.00000,0.78540,1.57080,2.35619,3.14159,-1.57080,-0.78540,0.39270,1.57080,2.74889,-2.35619,-1.17810,-0.39270,0.78540,1.96350,2.74889,3.14159,-2.35619,-1.17810,0.00000,0.78540,1.96350,3.14159,-1.96350,-0.78540,0.39270,1.57080,2.35619,-2.74889,-1.57080,-0.78540
56.15
-0.78540,0.00000,0.78540,1.57080,2.35619,3.14159,-1.57080,-0.78540,0.39270,1.57080,2.74889,-2.35619,-1.17810,-0.39270,0.78540,1.96350,2.74889,3.14159,-2.35619,-1.17810,0.00000,1.17810,1.96350,3.14159,-1.96350,-0.78540,0.39270,1.57080,2.35619,-2.74889,-1.57080,-0.78540
