1.31
0.00000,0.00000,0.00000,0.00000,0.00000,0.00000,0.00000,0.00000,0.00000,0.00000,0.00000,0.00000,0.00000,0.00000,0.00000,0.00000,0.00000,0.00000,0.00000,0.00000,0.00000,0.00000,0.00000,0.00000,0.00000,0.00000,0.00000,0.00000,0.00000,0.00000,0.00000,0.00000
2.69
0.00000,0.00000,-0.39270,-2.35619,-0.78540,-0.39270,0.00000,-0.39270,-0.78540,-1.17810,0.78540,1.17810,-1.17810,1.17810,3.14159,1.17810,1.57080,1.57080,-0.39270,2.35619,-1.57080,-0.78540,1.17810,0.39270,0.78540,2.35619,-2.74889,-1.17810,-2.74889,0.00000,-0.39270,-2.35619
3.53
1.57080,-1.96350,1.17810,0.78540,-0.39270,-1.96350,-2.74889,-1.57080,-2.35619,0.00000,-0.78540,0.39270,-0.39270,0.00000,-0.78540,0.39270,0.78540,0.00000,-1.96350,1.57080,-1.17810,-0.39270,0.78540,1.57080,2.74889,2.35619,-0.39270,-2.74889,0.00000,-1.96350,2.35619,-2.35619
4.82
2.74889,-1.96350,-0.39270,1.17810,-0.39270,-2.74889,-2.74889,-0.39270,1.57080,0.78540,-0.39270,-1.57080,-1.57080,1.17810,0.39270,-1.17810,-0.39270,1.17810,-2.35619,-0.78540,0.00000,-0.39270,2.74889,-1.96350,3.14159,1.17810,0.00000,-1.57080,3.14159,-1.96350,1.57080,1.17810
6.90
0.39270,1.17810,-1.96350,3.14159,0.00000,-1.57080,0.39270,1.57080,-2.74889,-2.74889,-0.78540,0.78540,1.96350,1.17810,-2.35619,-0.39270,0.78540,-0.39270,-1.17810,1.96350,-0.39270,1.57080,1.57080,0.39270,0.78540,0.00000,0.00000,-2.74889,-0.78540,1.17810,1.96350,3.14159
7.37
3.14159,3.14159,3.14159,-2.74889,-1.57080,1.17810,-2.74889,-2.74889,3.14159,-2.74889,1.17810,0.78540,-2.74889,3.14159,3.14159,-2.74889,1.57080,1.96350,3.14159,3.14159,3.14159,-2.74889,0.78540,-2.74889,-2.74889,3.14159,-0.78540,-2.74889,-2.74889,3.14159,3.14159,-2.74889
8.65
-2.74889,3.14159,3.14159,-1.17810,-1.57080,0.00000,1.96350,-2.74889,-2.74889,-0.78540,2.35619,-0.39270,3.14159,-2.74889,-2.35619,-2.74889,-0.39270,-2.74889,3.14159,3.14159,-2.74889,3.14159,-0.78540,1.57080,-2.74889,-0.78540,-2.35619,-0.78540,-2.74889,0.78540,-2.74889,-2.74889
9.09
1.57080,-2.74889,-2.74889,-2.74889,-2.74889,-1.17810,1.96350,2.74889,-2.74889,-2.74889,3.14159,2.74889,2.74889,-2.74889,-2.74889,-2.74889,3.14159,-2.74889,2.35619,2.74889,-2.74889,3.14159,0.39270,2.74889,3.14159,3.14159,-0.39270,1.96350,0.00000,2.35619,3.14159,-2.74889
10.35
0.39270,-2.74889,-2.74889,-2.74889,-2.74889,0.78540,2.74889,2.74889,-2.74889,-2.74889,3.14159,2.74889,3.14159,-2.74889,-2.74889,-2.74889,3.14159,-2.74889,2.74889,3.14159,-2.74889,3.14159,0.39270,2.74889,3.14159,3.14159,-2.35619,-0.39270,1.57080,2.74889,3.14159,-2.74889
11.61
-1.17810,-1.96350,2.74889,-2.74889,-2.74889,0.00000,-2.74889,-2.74889,2.74889,-2.74889,-0.39270,2.35619,1.17810,1.57080,2.74889,-2.74889,-0.78540,0.00000,2.74889,2.74889,-2.74889,-2.74889,-1.17810,0.00000,2.74889,3.14159,-0.78540,-2.74889,1.17810,2.35619,-2.35619,-2.74889
11.73
2.35619,-1.17810,1.57080,0.78540,-2.74889,-1.17810,1.96350,2.74889,3.14159,-2.74889,0.39270,-0.39270,2.74889,-0.78540,-1.96350,-2.74889,-0.39270,-1.96350,-1.17810,3.14159,-2.74889,-2.74889,-0.78540,0.78540,1.57080,3.14159,-2.35619,-2.35619,-1.57080,1.96350,3.14159,3.14159
12.08
1.17810,2.35619,3.14159,-2.74889,-2.74889,1.96350,1.57080,1.96350,3.14159,-2.74889,0.00000,0.00000,3.14159,0.39270,3.14159,-2.74889,1.17810,-2.35619,2.35619,3.14159,-2.35619,-2.74889,-1.96350,-0.39270,1.96350,3.14159,-1.57080,-2.74889,-2.35619,1.57080,1.57080,3.14159
14.28
1.57080,2.74889,3.14159,-0.39270,-2.74889,1.17810,2.35619,1.57080,3.14159,-2.74889,0.78540,-2.35619,1.96350,0.78540,3.14159,-2.74889,0.00000,-1.17810,1.17810,2.74889,-2.74889,-2.74889,-1.17810,-0.39270,-2.74889,3.14159,-1.17810,-0.78540,0.78540,1.57080,2.35619,3.14159
14.87
1.17810,1.96350,2.74889,0.78540,-0.78540,2.74889,-1.17810,1.96350,3.14159,-2.74889,-0.78540,-2.35619,1.96350,-2.74889,2.74889,-2.74889,-1.17810,0.78540,-2.35619,3.14159,-2.74889,-2.74889,-1.17810,0.00000,1.57080,2.74889,-2.35619,-1.96350,-1.96350,0.00000,3.14159,3.14159
15.83
1.57080,1.96350,3.14159,-0.39270,0.39270,2.35619,2.35619,1.17810,3.14159,-2.74889,0.39270,-2.35619,2.74889,-2.74889,3.14159,-2.74889,1.17810,0.39270,1.57080,3.14159,-2.74889,-2.74889,-0.78540,0.39270,1.57080,3.14159,-2.74889,-1.57080,-0.39270,1.57080,3.14159,3.14159
16.36
1.17810,0.78540,-0.39270,-2.74889,-1.96350,-2.35619,-0.78540,1.96350,-2.74889,-2.74889,-1.17810,0.00000,2.74889,0.00000,-2.74889,-1.96350,2.35619,1.17810,0.39270,3.14159,-2.74889,-2.35619,-0.78540,1.96350,1.57080,3.14159,-2.74889,-1.57080,-0.78540,-2.74889,3.14159,-2.74889
16.51
-2.74889,0.78540,-1.96350,-1.96350,-2.35619,-1.17810,1.17810,1.17810,3.14159,-2.74889,0.00000,1.17810,2.74889,-2.74889,3.14159,-1.96350,0.39270,1.57080,1.57080,3.14159,-2.74889,-2.74889,1.57080,0.00000,2.74889,-1.57080,-1.17810,-2.74889,0.78540,2.35619,-2.74889,-2.74889
18.75
0.39270,2.74889,3.14159,2.74889,-2.35619,-0.39270,-1.96350,-0.78540,3.14159,-2.74889,-0.78540,-2.35619,1.17810,-1.96350,3.14159,-2.74889,-1.96350,-0.39270,-0.39270,0.78540,-2.74889,-2.74889,-0.39270,-0.39270,1.17810,3.14159,-1.96350,-1.17810,0.39270,0.00000,3.14159,3.14159
20.44
1.96350,-2.74889,-2.35619,0.39270,-2.74889,-0.39270,1.96350,2.35619,2.74889,-2.74889,-1.17810,1.57080,3.14159,-2.74889,-2.74889,-2.74889,1.57080,-1.96350,-2.35619,3.14159,-2.74889,-1.17810,-0.78540,0.78540,2.35619,3.14159,-2.74889,-0.39270,0.00000,1.96350,3.14159,3.14159
21.13
-0.78540,2.74889,3.14159,2.35619,-2.74889,-0.39270,1.17810,1.17810,3.14159,-2.74889,0.00000,-1.96350,3.14159,-2.74889,3.14159,-2.74889,-0.39270,-2.35619,0.78540,2.74889,-2.74889,-2.74889,-0.39270,-0.39270,1.17810,3.14159,-2.74889,-1.57080,0.78540,1.17810,3.14159,3.14159
22.31
1.17810,2.74889,3.14159,2.74889,-2.74889,0.39270,0.78540,0.78540,3.14159,-2.74889,-1.17810,-1.96350,2.74889,-2.74889,3.14159,-2.74889,-1.17810,0.39270,-1.57080,3.14159,-2.74889,-2.74889,0.00000,0.00000,1.96350,3.14159,-2.74889,-1.96350,0.00000,0.78540,3.14159,3.14159
23.72
0.39270,1.96350,3.14159,2.35619,-2.35619,-0.39270,1.17810,0.78540,3.14159,-2.74889,0.00000,-1.57080,3.14159,-2.74889,3.14159,-2.74889,0.39270,0.00000,-1.17810,2.74889,-2.74889,-2.74889,-0.39270,0.00000,1.96350,3.14159,-2.35619,-0.78540,-0.78540,0.78540,3.14159,3.14159
24.07
1.17810,-0.39270,3.14159,2.74889,-2.74889,-0.39270,1.57080,2.35619,3.14159,-2.74889,-0.78540,0.00000,3.14159,1.17810,3.14159,-2.35619,-1.17810,0.39270,-1.96350,2.74889,-2.74889,-2.74889,-0.78540,0.39270,1.17810,3.14159,-2.74889,-0.39270,-1.17810,1.57080,3.14159,3.14159
26.75
1.17810,2.35619,3.14159,2.74889,-2.74889,-0.39270,1.57080,1.57080,3.14159,-2.74889,-0.78540,0.39270,3.14159,1.96350,3.14159,-2.74889,-0.39270,-0.78540,0.00000,3.14159,-2.74889,-2.74889,-1.57080,1.57080,1.57080,3.14159,-2.74889,-0.39270,-0.78540,1.96350,3.14159,3.14159
28.64
2.35619,2.35619,3.14159,3.14159,-2.74889,0.00000,-0.39270,0.39270,2.74889,-2.74889,-0.78540,-1.17810,1.57080,3.14159,3.14159,-1.57080,-2.35619,1.17810,0.00000,2.74889,-2.74889,-2.74889,-0.78540,0.39270,1.17810,3.14159,-2.74889,-1.57080,-0.39270,1.57080,3.14159,3.14159
30.74
1.17810,2.35619,3.14159,1.57080,-2.74889,-0.39270,0.78540,1.96350,3.14159,-2.74889,-1.57080,-0.78540,1.57080,3.14159,3.14159,-1.96350,-1.57080,-1.17810,0.00000,3.14159,-2.74889,-2.74889,-1.57080,0.39270,1.17810,3.14159,-1.96350,-1.96350,-0.39270,0.78540,3.14159,3.14159
34.23
0.39270,3.14159,3.14159,2.74889,-1.57080,-0.39270,0.39270,1.96350,3.14159,-2.74889,-1.57080,0.00000,1.57080,2.74889,3.14159,-2.74889,-0.78540,-0.78540,1.17810,1.96350,-2.74889,-2.74889,-1.96350,0.00000,1.96350,3.14159,-2.74889,-1.17810,-0.39270,1.96350,3.14159,3.14159
35.32
0.39270,2.35619,3.14159,3.14159,-2.35619,0.00000,0.78540,1.57080,3.14159,-2.74889,-1.17810,-0.39270,1.57080,1.96350,3.14159,-2.74889,-0.39270,0.78540,0.00000,1.57080,-2.74889,-2.74889,-1.57080,0.39270,2.35619,3.14159,-2.35619,-0.78540,0.39270,1.57080,3.14159,3.14159
36.23
1.17810,1.17810,3.14159,-2.74889,-1.96350,-0.39270,1.17810,2.35619,3.14159,-2.74889,-1.17810,0.39270,2.35619,3.14159,3.14159,-2.35619,-0.78540,0.78540,0.39270,2.35619,-2.74889,-2.74889,-0.78540,0.39270,2.35619,3.14159,-2.35619,-0.78540,0.00000,0.78540,3.14159,3.14159
36.44
0.78540,3.14159,3.14159,-2.74889,-1.17810,-0.39270,0.78540,1.96350,3.14159,-2.74889,-0.78540,1.17810,1.57080,2.74889,3.14159,-0.78540,-0.78540,0.78540,1.96350,2.35619,-2.74889,-2.74889,-0.78540,0.39270,1.96350,3.14159,-2.35619,-0.78540,-0.78540,1.96350,3.14159,3.14159
37.34
0.00000,2.35619,3.14159,-2.74889,-1.96350,-0.39270,0.39270,1.96350,3.14159,-2.74889,-1.17810,0.78540,0.78540,3.14159,3.14159,-1.57080,-0.39270,0.00000,0.78540,1.96350,-2.74889,-2.74889,-1.57080,1.17810,1.57080,3.14159,-2.35619,-0.78540,0.00000,1.57080,3.14159,3.14159
37.47
0.78540,1.57080,3.14159,-2.74889,-2.74889,-0.39270,0.39270,2.35619,3.14159,-2.74889,-1.17810,0.39270,1.96350,3.14159,3.14159,-2.35619,-0.39270,0.78540,1.17810,2.35619,-2.74889,-2.74889,-0.78540,0.39270,1.96350,3.14159,-1.57080,-0.78540,-0.39270,1.57080,3.14159,3.14159
38.01
0.78540,2.35619,3.14159,-2.74889,-1.57080,-0.39270,0.39270,1.96350,3.14159,-2.74889,-1.17810,0.39270,1.96350,3.14159,3.14159,-2.35619,-0.39270,0.39270,1.57080,2.74889,-2.74889,-2.74889,-1.17810,1.17810,1.96350,3.14159,-1.96350,-0.78540,0.78540,1.57080,3.14159,3.14159
38.67
0.78540,2.74889,-2.74889,-2.74889,-1.17810,-0.39270,1.57080,2.74889,3.14159,-2.35619,0.00000,0.78540,1.57080,-2.74889,-2.74889,-1.17810,0.78540,1.57080,1.17810,3.14159,-2.74889,-1.96350,0.00000,0.78540,1.96350,-2.74889,-1.96350,-0.39270,0.39270,1.57080,-2.74889,-2.74889
39.29
1.57080,2.74889,-2.74889,-2.74889,-1.57080,-0.39270,1.17810,1.96350,3.14159,-1.96350,-0.39270,0.78540,1.96350,-2.74889,-2.74889,-0.78540,-0.39270,0.78540,1.17810,3.14159,-2.74889,-0.78540,0.39270,0.78540,2.74889,-2.74889,-2.35619,-0.78540,0.39270,1.57080,-2.74889,-2.74889
39.56
1.17810,2.74889,-2.74889,-2.74889,-1.57080,0.39270,0.78540,2.35619,3.14159,-1.57080,-0.78540,0.39270,1.57080,-2.74889,-2.74889,-0.78540,0.39270,0.00000,1.96350,3.14159,-2.74889,-1.57080,0.00000,1.17810,1.96350,-2.74889,-1.57080,-1.17810,1.17810,1.57080,-2.74889,-2.74889
39.70
0.39270,2.74889,-2.74889,-2.74889,-1.96350,0.00000,0.78540,1.96350,3.14159,-2.35619,-0.39270,0.78540,1.57080,-2.74889,-2.74889,-1.17810,0.39270,0.78540,1.17810,3.14159,-2.74889,-1.96350,-0.39270,0.78540,2.35619,-2.74889,-2.35619,-0.78540,0.39270,1.57080,-2.74889,-2.74889
39.91
0.39270,2.35619,-2.74889,-2.74889,-1.57080,-0.78540,0.78540,2.35619,3.14159,-1.96350,-0.39270,0.78540,1.96350,-2.74889,-2.74889,-0.39270,0.39270,1.17810,1.57080,3.14159,-2.74889,-1.57080,-0.39270,0.39270,2.35619,-2.74889,-1.96350,-0.78540,0.78540,1.57080,-2.74889,-2.74889
39.98
0.78540,2.74889,-2.74889,-2.74889,-1.96350,-0.39270,0.39270,2.74889,3.14159,-1.96350,-0.78540,0.39270,2.35619,-2.74889,-2.74889,-1.17810,-0.39270,0.39270,1.96350,3.14159,-2.74889,-1.57080,-0.39270,0.78540,1.96350,-2.74889,-1.96350,-0.78540,0.78540,1.57080,-2.74889,-2.74889
40.30
1.57080,2.74889,-2.74889,-2.74889,-1.57080,0.00000,1.17810,1.96350,3.14159,-2.35619,0.00000,0.78540,1.96350,-2.74889,-2.74889,-1.17810,-0.39270,0.78540,1.17810,3.14159,-2.74889,-0.78540,0.00000,0.78540,1.96350,-2.74889,-1.96350,0.00000,0.78540,1.57080,-2.74889,-2.74889
40.32
1.17810,2.74889,-2.74889,-2.74889,-0.78540,0.39270,0.78540,2.35619,3.14159,-1.57080,-0.39270,0.78540,1.96350,-2.74889,-2.74889,-1.17810,0.39270,1.17810,0.78540,3.14159,-2.74889,-1.17810,-0.39270,1.17810,2.35619,-2.74889,-1.57080,0.39270,0.78540,2.35619,-2.74889,-2.74889
40.35
1.17810,2.35619,-2.74889,-2.74889,-1.17810,0.00000,0.39270,2.35619,3.14159,-1.57080,-0.78540,0.39270,2.35619,-2.74889,-2.74889,-1.17810,0.00000,0.78540,1.57080,3.14159,-2.74889,-0.78540,0.00000,0.78540,1.96350,-2.74889,-1.96350,-0.39270,0.78540,1.17810,-2.74889,-2.74889
40.93
0.78540,2.35619,-2.74889,-2.74889,-0.78540,-0.39270,0.78540,2.35619,3.14159,-1.96350,-0.78540,0.78540,1.96350,-2.74889,-2.74889,-0.78540,0.00000,0.78540,1.17810,3.14159,-2.74889,-1.17810,-0.39270,0.78540,1.96350,-2.74889,-1.17810,-0.39270,0.78540,1.17810,-2.74889,-2.74889
40.97
1.57080,2.74889,-2.74889,-2.74889,-1.17810,0.39270,1.17810,2.74889,3.14159,-1.96350,0.00000,0.78540,1.96350,-2.74889,-2.74889,-0.39270,0.39270,0.39270,1.57080,3.14159,-2.74889,-1.57080,0.00000,1.17810,1.96350,-2.74889,-1.96350,-0.39270,0.78540,1.96350,-2.74889,-2.74889
41.06
1.17810,2.35619,-2.74889,-2.74889,-1.96350,-0.39270,0.78540,1.96350,-2.74889,-2.74889,-0.39270,0.39270,1.17810,3.14159,-2.74889,-1.57080,0.00000,0.00000,1.57080,3.14159,-2.74889,-1.57080,-0.78540,0.39270,1.96350,3.14159,-1.96350,-0.78540,0.39270,1.57080,3.14159,-2.74889
41.53
1.17810,2.35619,-2.74889,-2.74889,-1.57080,0.00000,1.17810,2.35619,-2.74889,-2.74889,-0.78540,0.78540,1.96350,3.14159,-2.74889,-1.17810,0.00000,0.78540,1.57080,3.14159,-2.74889,-1.57080,-0.39270,0.39270,1.96350,3.14159,-1.57080,-0.39270,0.39270,1.96350,3.14159,-2.74889
41.60
1.57080,2.35619,-2.74889,-2.74889,-1.57080,-0.39270,1.17810,1.96350,-2.74889,-2.74889,-0.78540,0.39270,1.96350,3.14159,-2.74889,-0.78540,-0.39270,0.78540,1.17810,3.14159,-2.74889,-1.57080,-0.39270,0.78540,1.96350,3.14159,-1.96350,-0.78540,0.39270,1.96350,3.14159,-2.74889
41.60
1.17810,1.96350,-2.74889,-2.74889,-1.57080,-0.39270,1.17810,2.35619,-2.74889,-2.74889,-0.39270,0.78540,1.96350,3.14159,-2.74889,-1.17810,-0.39270,0.39270,1.17810,3.14159,-2.74889,-1.57080,-0.39270,0.78540,1.96350,3.14159,-1.96350,-0.39270,0.39270,1.96350,3.14159,-2.74889
41.91
1.17810,1.96350,-2.74889,-2.74889,-1.17810,0.00000,0.78540,1.96350,-2.74889,-2.74889,-0.39270,0.78540,1.57080,3.14159,-2.74889,-1.17810,0.00000,0.39270,1.57080,3.14159,-2.74889,-1.57080,-0.39270,0.78540,1.96350,3.14159,-1.96350,-0.39270,0.39270,1.57080,3.14159,-2.74889
41.95
1.17810,2.35619,-2.74889,-2.74889,-1.57080,-0.39270,0.78540,1.96350,-2.74889,-2.74889,-0.78540,0.78540,1.96350,3.14159,-2.74889,-1.57080,0.00000,0.39270,1.17810,3.14159,-2.74889,-1.57080,-0.39270,0.39270,1.96350,3.14159,-1.96350,-0.78540,0.39270,1.57080,3.14159,-2.74889
42.07
0.78540,1.96350,-2.74889,-2.74889,-1.17810,0.00000,0.78540,1.57080,-2.74889,-2.35619,-0.78540,0.78540,1.96350,3.14159,-2.74889,-1.17810,0.00000,0.78540,1.57080,3.14159,-2.74889,-1.57080,-0.39270,0.39270,1.96350,3.14159,-1.57080,-0.39270,0.39270,1.57080,3.14159,-2.74889
42.18
1.17810,2.35619,-2.74889,-2.74889,-1.57080,-0.39270,0.78540,2.35619,-2.74889,-1.96350,-0.39270,0.78540,1.96350,3.14159,-2.74889,-0.78540,-0.39270,0.78540,1.17810,3.14159,-2.74889,-1.57080,-0.39270,0.78540,1.57080,3.14159,-1.57080,-0.78540,0.39270,1.17810,3.14159,-2.74889
42.22
1.17810,1.96350,-2.74889,-2.74889,-1.17810,-0.39270,0.78540,1.96350,-2.74889,-2.35619,-0.39270,0.78540,1.96350,3.14159,-2.74889,-1.17810,-0.39270,0.78540,1.57080,3.14159,-2.74889,-1.57080,-0.39270,0.78540,1.57080,3.14159,-1.57080,-0.78540,0.39270,1.96350,3.14159,-2.74889
42.28
1.17810,2.35619,-2.74889,-2.74889,-1.17810,0.00000,0.78540,1.96350,-2.74889,-2.35619,-0.78540,0.39270,1.57080,3.14159,-2.74889,-1.17810,0.00000,0.39270,1.17810,3.14159,-2.74889,-1.57080,-0.39270,0.78540,1.96350,3.14159,-1.57080,-0.39270,0.00000,1.96350,3.14159,-2.74889
42.45
0.78540,1.96350,-2.74889,-2.74889,-1.57080,-0.39270,0.78540,1.57080,-2.74889,-2.35619,-0.78540,0.78540,1.96350,3.14159,-2.74889,-1.17810,0.00000,0.39270,1.17810,3.14159,-2.74889,-1.57080,-0.39270,0.78540,1.96350,3.14159,-1.57080,-0.39270,0.39270,1.57080,3.14159,-2.74889
42.49
1.17810,2.35619,-2.74889,-2.74889,-1.57080,0.00000,1.17810,1.96350,-2.74889,-2.35619,-0.39270,0.78540,1.96350,3.14159,-2.74889,-1.17810,-0.39270,0.78540,1.17810,3.14159,-2.74889,-1.57080,-0.39270,1.17810,1.96350,3.14159,-1.96350,-0.78540,0.39270,1.57080,3.14159,-2.74889
42.55
1.17810,1.96350,-2.74889,-2.74889,-1.17810,0.00000,0.78540,1.96350,-2.74889,-1.96350,-0.78540,0.39270,1.96350,3.14159,-2.74889,-1.17810,-0.39270,0.39270,1.57080,3.14159,-2.74889,-1.57080,-0.78540,0.78540,2.35619,3.14159,-1.96350,-0.39270,0.39270,1.57080,3.14159,-2.74889
42.73
1.17810,2.35619,-2.74889,-2.74889,-1.57080,0.00000,0.78540,1.96350,-2.74889,-2.35619,-0.78540,0.78540,1.57080,3.14159,-2.74889,-1.57080,0.00000,0.39270,1.57080,3.14159,-2.74889,-1.57080,-0.39270,0.78540,1.96350,3.14159,-1.96350,-0.39270,0.39270,1.57080,3.14159,-2.74889
42.76
0.78540,2.35619,-2.74889,-2.74889,-1.57080,0.00000,1.17810,1.96350,-2.74889,-1.96350,-0.78540,0.78540,1.57080,3.14159,-2.74889,-0.78540,0.00000,0.78540,1.57080,3.14159,-2.74889,-1.57080,-0.39270,0.78540,2.35619,3.14159,-1.57080,-0.39270,0.39270,1.57080,3.14159,-2.74889
42.86
1.17810,2.35619,-2.74889,-2.74889,-0.78540,-0.39270,1.17810,1.96350,-2.74889,-1.96350,-0.78540,0.78540,1.57080,3.14159,-2.74889,-1.17810,0.00000,0.39270,1.17810,3.14159,-2.74889,-1.57080,-0.39270,0.78540,1.96350,3.14159,-1.57080,-0.78540,0.39270,1.57080,3.14159,-2.74889
43.08
1.17810,2.35619,-2.74889,-2.74889,-1.17810,-0.39270,1.17810,2.35619,-2.74889,-1.96350,-0.78540,0.78540,1.57080,3.14159,-2.74889,-1.17810,0.00000,0.78540,1.57080,3.14159,-2.74889,-1.57080,-0.39270,0.78540,1.96350,3.14159,-1.96350,-0.78540,0.39270,1.57080,3.14159,-2.74889
43.11
1.17810,1.96350,-2.74889,-2.74889,-1.57080,-0.39270,0.78540,1.96350,-2.74889,-1.96350,-0.78540,0.78540,1.57080,3.14159,-2.74889,-1.57080,-0.39270,0.39270,1.57080,3.14159,-2.74889,-1.57080,-0.39270,0.78540,1.96350,3.14159,-1.96350,-0.78540,0.39270,1.57080,3.14159,-2.74889
43.12
1.17810,2.35619,-2.74889,-2.74889,-1.57080,-0.39270,0.78540,1.96350,-2.74889,-1.96350,-0.78540,0.39270,1.57080,3.14159,-2.74889,-1.17810,-0.39270,0.39270,1.17810,3.14159,-2.74889,-1.17810,-0.39270,0.78540,1.96350,3.14159,-1.96350,-0.78540,0.39270,1.57080,3.14159,-2.74889
43.24
1.17810,2.35619,-2.74889,-2.74889,-1.17810,-0.39270,0.78540,1.96350,-2.74889,-1.96350,-0.78540,0.39270,1.96350,3.14159,-2.74889,-1.17810,0.00000,0.78540,1.57080,3.14159,-2.74889,-1.57080,-0.39270,0.78540,1.96350,3.14159,-1.57080,-0.78540,0.39270,1.57080,3.14159,-2.74889
43.26
1.17810,2.35619,-2.74889,-2.74889,-1.57080,-0.39270,1.17810,2.35619,-2.74889,-1.96350,-0.78540,0.78540,1.96350,3.14159,-2.74889,-1.17810,0.00000,0.78540,1.57080,3.14159,-2.74889,-1.57080,-0.39270,0.78540,1.96350,3.14159,-1.96350,-0.78540,0.39270,1.57080,2.74889,-2.74889
43.33
1.57080,2.35619,-2.74889,-2.74889,-1.17810,-0.39270,0.78540,1.96350,-2.74889,-1.57080,-0.39270,0.78540,1.96350,3.14159,-2.74889,-1.17810,-0.39270,0.39270,1.57080,2.74889,-2.74889,-1.57080,-0.39270,0.78540,1.96350,3.14159,-1.96350,-0.39270,0.39270,1.57080,3.14159,-2.74889
43.46
1.17810,2.35619,-2.74889,-2.74889,-1.17810,-0.39270,0.78540,1.96350,-2.74889,-1.57080,-0.78540,0.78540,1.96350,2.74889,-2.74889,-1.57080,0.00000,0.39270,1.17810,2.74889,-2.74889,-1.57080,-0.39270,0.78540,1.96350,3.14159,-1.57080,-0.78540,0.39270,1.57080,3.14159,-2.74889
43.55
1.17810,2.35619,-2.74889,-2.74889,-1.17810,0.00000,0.78540,1.96350,-2.74889,-1.96350,-0.78540,0.78540,1.96350,2.74889,-2.74889,-1.17810,0.00000,0.39270,1.17810,2.74889,-2.74889,-1.57080,-0.78540,0.78540,1.96350,3.14159,-1.57080,-0.78540,0.39270,1.57080,3.14159,-2.74889
43.80
1.17810,2.35619,-2.74889,-2.74889,-1.57080,0.00000,0.78540,1.96350,-2.74889,-1.96350,-0.78540,0.78540,1.96350,2.74889,-2.74889,-1.17810,0.00000,0.39270,1.57080,2.74889,-2.74889,-1.57080,-0.39270,0.78540,1.96350,3.14159,-1.57080,-0.39270,0.39270,1.57080,3.14159,-2.74889
43.80
1.17810,2.35619,-2.74889,-2.74889,-1.57080,-0.39270,0.78540,1.96350,-2.74889,-1.96350,-0.39270,0.78540,1.96350,3.14159,-2.74889,-1.17810,0.00000,0.39270,1.17810,2.35619,-2.74889,-1.57080,-0.39270,0.78540,1.96350,3.14159,-1.57080,-0.78540,0.39270,1.57080,3.14159,-2.74889
43.82
1.17810,2.35619,-2.74889,-2.74889,-1.17810,-0.39270,0.78540,1.96350,-2.74889,-1.96350,-0.78540,0.78540,1.96350,3.14159,-2.74889,-1.17810,0.00000,0.39270,1.17810,2.35619,-2.74889,-1.57080,-0.39270,0.78540,1.96350,3.14159,-1.57080,-0.78540,0.39270,1.57080,3.14159,-2.74889
43.92
1.17810,2.35619,-2.74889,-2.74889,-1.57080,-0.39270,1.17810,1.96350,-2.74889,-1.96350,-0.78540,0.78540,1.96350,2.74889,-2.74889,-1.17810,-0.39270,0.39270,1.57080,2.35619,-2.74889,-1.57080,-0.39270,0.78540,1.96350,3.14159,-1.96350,-0.78540,0.39270,1.57080,3.14159,-2.74889
44.04
1.17810,2.35619,-2.74889,-2.74889,-1.17810,-0.39270,0.78540,1.96350,-2.74889,-1.96350,-0.78540,0.39270,1.96350,2.74889,-2.74889,-1.17810,0.00000,0.39270,1.57080,2.74889,-2.74889,-1.57080,-0.39270,0.78540,1.96350,3.14159,-1.57080,-0.78540,0.39270,1.57080,2.74889,-2.35619
44.05
1.17810,2.35619,-2.74889,-2.74889,-1.17810,-0.39270,0.78540,1.96350,-2.74889,-1.96350,-0.78540,0.78540,1.96350,3.14159,-2.74889,-1.17810,0.00000,0.78540,1.17810,2.35619,-2.74889,-1.57080,-0.39270,0.78540,1.96350,3.14159,-1.57080,-0.78540,0.39270,1.57080,2.74889,-2.35619
44.06
0.78540,2.35619,-2.74889,-2.74889,-1.57080,-0.39270,0.78540,1.96350,-2.74889,-1.96350,-0.78540,0.78540,1.57080,3.14159,-2.74889,-1.17810,0.00000,0.78540,1.17810,2.35619,-2.74889,-1.57080,-0.39270,0.78540,1.96350,3.14159,-1.96350,-0.78540,0.39270,1.57080,2.74889,-2.35619
44.12
1.17810,2.35619,-2.74889,-2.74889,-1.57080,-0.39270,0.78540,1.96350,-2.74889,-1.96350,-0.78540,0.78540,1.57080,3.14159,-2.74889,-1.17810,-0.39270,0.39270,1.57080,2.35619,-2.74889,-1.57080,-0.39270,0.78540,1.96350,3.14159,-1.96350,-0.78540,0.39270,1.57080,2.74889,-2.74889
44.17
1.17810,2.35619,-2.74889,-2.74889,-1.57080,-0.39270,0.78540,1.96350,-2.74889,-1.96350,-0.78540,0.78540,1.57080,3.14159,-2.74889,-1.17810,0.00000,0.39270,1.17810,2.35619,-2.74889,-1.57080,-0.39270,0.78540,1.96350,3.14159,-1.96350,-0.78540,0.39270,1.57080,2.74889,-2.74889
44.19
1.17810,2.35619,-2.74889,-2.74889,-1.57080,-0.39270,0.78540,1.96350,-2.74889,-1.96350,-0.78540,0.78540,1.57080,3.14159,-2.74889,-1.17810,0.00000,0.78540,1.17810,2.35619,-2.74889,-1.57080,-0.39270,0.78540,1.96350,3.14159,-1.96350,-0.78540,0.39270,1.57080,2.74889,-2.35619
44.21
1.17810,2.35619,-2.74889,-2.74889,-1.57080,-0.39270,0.78540,1.96350,-2.74889,-1.96350,-0.78540,0.78540,1.57080,3.14159,-2.74889,-1.17810,0.00000,0.39270,1.17810,2.35619,-2.74889,-1.57080,-0.39270,0.78540,1.96350,3.14159,-1.96350,-0.78540,0.39270,1.57080,2.74889,-2.35619
44.24
1.17810,2.35619,-2.74889,-2.74889,-1.57080,-0.39270,0.78540,1.96350,-2.74889,-1.96350,-0.78540,0.78540,1.57080,3.14159,-2.35619,-1.17810,-0.39270,0.39270,1.17810,2.35619,-2.74889,-1.57080,-0.39270,0.78540,1.96350,3.14159,-1.57080,-0.78540,0.39270,1.57080,2.74889,-2.74889
44.38
1.17810,2.35619,3.14159,-2.74889,-1.57080,-0.39270,0.78540,1.96350,-2.74889,-1.96350,-0.78540,0.39270,1.57080,2.74889,-2.74889,-1.17810,-0.39270,0.39270,1.17810,2.35619,3.14159,-1.57080,-0.39270,0.78540,1.96350,3.14159,-1.96350,-0.78540,0.39270,1.57080,2.74889,-2.74889
