1.21
0.00000,0.00000,0.00000,0.00000,0.00000,0.00000,0.00000,0.00000,0.00000,0.00000,0.00000,0.00000,0.00000,0.00000,0.00000,0.00000,0.00000,0.00000,0.00000,0.00000,0.00000,0.00000,0.00000,0.00000,0.00000,0.00000,0.00000,0.00000,0.00000,0.00000,0.00000,0.00000
2.39
-0.78540,1.57080,-0.39270,3.14159,-1.17810,-0.39270,0.00000,0.00000,0.00000,-0.78540,0.39270,-1.57080,0.78540,2.35619,-1.17810,0.00000,-0.39270,-2.35619,-1.17810,1.96350,1.17810,1.17810,-1.96350,0.00000,0.00000,1.96350,-1.57080,2.35619,-1.17810,0.00000,-0.39270,-2.74889
4.09
-2.35619,0.39270,-1.17810,1.17810,-1.57080,0.78540,-0.39270,2.74889,1.17810,-0.39270,1.17810,-0.78540,-1.17810,2.35619,0.39270,-2.74889,0.00000,-1.17810,-1.17810,0.39270,-1.17810,0.00000,-2.74889,0.00000,0.39270,3.14159,-2.35619,-0.78540,-0.39270,1.57080,-2.35619,-2.74889
4.09
-1.57080,-0.39270,0.00000,-2.74889,-2.74889,-0.39270,2.35619,2.35619,0.00000,2.35619,2.74889,0.00000,-2.35619,2.35619,0.78540,0.78540,0.78540,-2.74889,-2.35619,0.78540,-1.57080,-1.57080,-0.39270,0.00000,2.35619,3.14159,-1.17810,-0.39270,-1.17810,3.14159,-1.96350,-2.74889
11.28
-1.96350,1.57080,0.78540,-2.74889,-2.74889,0.39270,0.78540,2.35619,1.57080,2.35619,3.14159,-0.39270,-0.78540,2.74889,-1.96350,1.57080,3.14159,-0.78540,-1.96350,1.57080,-1.57080,-1.17810,0.39270,0.78540,1.96350,3.14159,-1.57080,0.00000,-1.57080,1.57080,-2.74889,-2.74889
11.77
1.96350,3.14159,-2.35619,-2.74889,-2.74889,-2.74889,2.74889,-2.74889,-2.74889,0.00000,1.57080,-2.74889,-2.74889,3.14159,-1.96350,0.78540,-2.74889,-2.74889,3.14159,-2.74889,0.00000,1.57080,0.78540,3.14159,3.14159,-2.35619,2.35619,0.78540,2.74889,-2.74889,-0.78540,-2.74889
12.64
3.14159,1.17810,1.57080,-2.74889,-2.74889,-0.78540,3.14159,-1.96350,-2.74889,-1.17810,0.78540,-2.74889,-2.74889,2.74889,-1.17810,0.78540,-0.78540,2.74889,3.14159,-2.74889,-1.57080,0.00000,-0.39270,3.14159,3.14159,-2.74889,-0.39270,0.78540,3.14159,-1.96350,-2.74889,-2.74889
13.38
3.14159,1.96350,-1.96350,-2.74889,-2.35619,-0.78540,2.35619,-2.74889,-2.74889,-1.57080,-1.17810,-1.17810,-2.74889,3.14159,-1.96350,-1.96350,1.57080,-1.96350,2.74889,-1.96350,0.00000,1.17810,0.39270,3.14159,3.14159,-2.74889,0.39270,0.00000,3.14159,-2.74889,-0.39270,-0.39270
15.97
3.14159,2.35619,-0.78540,-2.74889,-2.74889,0.78540,2.74889,-2.74889,-2.74889,-1.96350,-1.17810,-0.39270,-1.96350,3.14159,-0.39270,-2.35619,0.78540,-1.96350,3.14159,-2.74889,-1.17810,0.00000,0.39270,3.14159,3.14159,-2.74889,-0.78540,1.17810,3.14159,-2.74889,-1.96350,-0.78540
18.29
2.35619,2.35619,-1.57080,-2.74889,-1.96350,-1.57080,0.39270,-2.74889,-2.74889,-1.57080,-0.78540,1.96350,-2.74889,-1.17810,-2.74889,-1.57080,1.96350,-2.74889,2.74889,-1.96350,-2.74889,0.78540,1.96350,3.14159,2.35619,-1.96350,0.00000,1.96350,2.74889,-2.35619,-2.35619,-0.39270
18.93
0.78540,3.14159,-2.74889,-2.74889,-1.17810,1.57080,0.78540,-2.74889,-2.74889,-2.74889,0.39270,2.35619,-2.74889,-2.74889,-2.74889,0.39270,2.74889,-2.35619,2.74889,-2.74889,-2.74889,1.96350,0.78540,3.14159,3.14159,-1.96350,1.17810,0.78540,2.74889,-2.74889,-2.74889,-1.17810
22.18
1.17810,3.14159,-2.74889,-2.74889,0.39270,1.96350,1.57080,-2.74889,-2.74889,-1.57080,0.39270,-2.35619,-2.74889,-2.74889,-2.74889,-1.17810,1.96350,-2.74889,3.14159,-2.74889,-1.57080,0.39270,1.57080,3.14159,3.14159,0.00000,1.57080,1.96350,2.74889,-2.74889,-1.57080,0.78540
22.63
2.74889,2.74889,-0.78540,-2.74889,-2.74889,-0.78540,1.96350,-2.74889,-2.74889,-1.57080,0.00000,0.39270,-2.74889,3.14159,-2.74889,0.39270,-1.17810,1.17810,3.14159,-2.74889,-1.17810,-0.39270,1.17810,3.14159,3.14159,-2.74889,-1.17810,0.39270,3.14159,-2.74889,-1.96350,0.39270
22.93
0.78540,2.74889,-2.74889,-2.74889,-1.96350,1.17810,1.17810,-2.74889,-2.74889,0.00000,0.39270,2.35619,-2.74889,-2.74889,-2.74889,0.78540,-0.78540,-2.74889,3.14159,-2.74889,-1.57080,0.39270,0.78540,3.14159,3.14159,-0.39270,-1.57080,2.35619,2.74889,-2.74889,-2.35619,-1.17810
23.66
1.17810,3.14159,0.78540,-2.74889,-2.74889,1.17810,0.39270,-2.74889,-2.74889,-0.39270,-0.39270,2.35619,-2.74889,-2.35619,-2.74889,0.39270,-0.39270,0.39270,2.74889,-2.74889,-1.57080,0.78540,0.78540,3.14159,3.14159,-1.96350,-0.78540,1.57080,2.74889,-2.74889,-2.74889,-1.57080
26.17
2.35619,2.74889,-2.35619,-2.35619,-2.74889,-0.39270,2.74889,-2.74889,-2.74889,-0.39270,0.00000,0.00000,-2.74889,3.14159,-1.57080,1.17810,1.17810,-1.96350,3.14159,-1.96350,-1.96350,0.00000,1.57080,3.14159,3.14159,-1.96350,-0.39270,1.96350,2.74889,-2.74889,-1.96350,-0.39270
28.39
0.78540,3.14159,-0.39270,-2.74889,-1.96350,1.17810,1.57080,-2.74889,-2.74889,-0.78540,-0.78540,1.17810,-2.74889,-2.74889,-2.74889,0.00000,0.39270,0.39270,3.14159,-2.74889,-1.96350,0.00000,0.78540,3.14159,3.14159,-2.35619,0.00000,1.17810,2.35619,-2.74889,-2.74889,-1.96350
28.78
0.39270,3.14159,-2.74889,-2.74889,-2.74889,0.39270,1.17810,-2.74889,-2.74889,-0.78540,-0.39270,0.39270,-2.74889,3.14159,-2.74889,-1.17810,0.78540,1.57080,3.14159,-2.74889,-1.57080,-0.78540,0.78540,3.14159,3.14159,-2.35619,-1.17810,1.17810,3.14159,-2.74889,-2.74889,-0.78540
29.61
0.39270,3.14159,-2.74889,-2.74889,-2.74889,0.39270,1.96350,-2.74889,-2.74889,-1.17810,-0.39270,0.78540,-2.74889,3.14159,-2.74889,-0.78540,0.39270,0.78540,3.14159,-2.74889,-2.35619,-0.78540,0.78540,3.14159,3.14159,-1.96350,-1.57080,1.17810,2.74889,-2.74889,-2.35619,-1.17810
30.68
2.74889,3.14159,-2.74889,-2.74889,-1.17810,1.17810,0.78540,-2.74889,-2.74889,-1.17810,-0.39270,0.78540,-2.74889,-2.74889,-2.74889,-1.57080,0.78540,0.00000,2.74889,-2.74889,-1.96350,-0.39270,1.17810,3.14159,3.14159,-1.17810,-0.78540,1.17810,1.96350,-2.74889,-2.74889,-0.78540
34.45
1.57080,3.14159,-2.74889,-2.74889,-1.57080,0.00000,0.78540,-2.74889,-2.74889,-0.78540,0.00000,1.96350,-2.74889,-2.35619,-2.74889,-1.17810,0.39270,0.78540,2.74889,-2.74889,-2.35619,0.00000,1.17810,3.14159,3.14159,-1.17810,0.00000,1.57080,2.35619,-2.74889,-1.96350,-0.78540
35.29
1.57080,3.14159,-2.74889,-2.74889,-1.96350,0.78540,1.17810,-2.74889,-2.74889,-1.17810,0.00000,1.57080,-2.74889,-2.74889,-2.74889,0.00000,0.78540,2.35619,3.14159,-2.74889,-1.96350,-0.39270,1.17810,3.14159,3.14159,-1.96350,0.00000,0.78540,3.14159,-2.74889,-1.57080,-1.17810
35.62
2.74889,1.96350,-2.74889,-2.74889,-0.78540,0.00000,1.96350,-2.74889,-2.74889,-1.57080,0.78540,1.17810,-2.74889,-2.74889,-2.35619,0.00000,1.57080,-2.74889,2.74889,-2.74889,-1.17810,0.00000,1.17810,3.14159,3.14159,-1.57080,-0.39270,1.17810,2.74889,-2.74889,-1.96350,-0.39270
36.25
1.57080,3.14159,-2.74889,-2.74889,-1.57080,0.00000,1.57080,-2.74889,-2.74889,-1.57080,0.00000,1.57080,-2.74889,-2.74889,-2.74889,-0.78540,1.57080,0.39270,2.35619,-2.74889,-1.57080,-0.39270,0.78540,3.14159,3.14159,-1.57080,0.00000,0.78540,2.74889,-2.74889,-2.35619,-0.39270
36.39
2.35619,3.14159,-2.74889,-2.74889,-0.78540,0.78540,2.35619,-2.74889,-2.74889,-1.57080,0.39270,1.96350,-2.74889,-2.74889,-1.57080,-0.39270,1.57080,-2.74889,3.14159,-2.74889,-1.96350,-0.39270,1.17810,3.14159,3.14159,-1.17810,0.00000,1.96350,2.74889,-2.74889,-1.17810,-0.39270
37.98
1.17810,3.14159,-2.74889,-2.74889,-1.96350,0.39270,1.96350,-2.74889,-2.74889,-0.39270,0.39270,1.57080,-2.74889,-2.74889,-1.96350,-0.39270,1.17810,1.96350,3.14159,-2.74889,-1.57080,0.00000,1.17810,3.14159,3.14159,-1.96350,-0.39270,1.17810,2.35619,-2.74889,-1.96350,-0.78540
38.70
1.17810,3.14159,-2.74889,-2.74889,-1.17810,0.78540,1.57080,-2.74889,-2.74889,-1.17810,0.39270,1.57080,-2.74889,-2.74889,-2.74889,0.00000,0.78540,1.96350,2.74889,-2.74889,-1.17810,-0.39270,0.78540,3.14159,3.14159,-1.57080,0.00000,1.17810,2.74889,-2.74889,-1.96350,-0.78540
38.79
1.96350,3.14159,-2.74889,-2.74889,-1.57080,0.39270,1.57080,-2.74889,-2.74889,-1.17810,0.39270,1.96350,-2.74889,-2.74889,-0.39270,0.00000,0.78540,0.78540,2.74889,-2.74889,-1.17810,0.00000,1.57080,3.14159,3.14159,-0.78540,0.00000,0.78540,2.35619,-2.74889,-1.57080,-0.78540
39.12
1.96350,3.14159,-2.74889,-2.74889,-0.78540,0.39270,1.17810,-2.74889,-2.74889,-1.96350,0.00000,1.57080,-2.74889,-2.74889,-1.17810,-0.39270,1.17810,1.96350,2.74889,-2.74889,-1.57080,0.00000,1.57080,3.14159,3.14159,-1.96350,0.00000,1.17810,2.74889,-2.74889,-1.57080,-0.39270
39.20
1.96350,3.14159,-2.74889,-2.74889,-0.78540,1.17810,1.57080,-2.74889,-2.74889,-1.17810,0.78540,1.57080,-2.74889,-2.74889,-1.17810,-0.39270,1.17810,1.57080,2.74889,-2.74889,-0.78540,0.39270,1.57080,3.14159,3.14159,-0.78540,-0.39270,0.78540,2.35619,-2.74889,-1.17810,-0.78540
39.23
1.57080,3.14159,-2.74889,-2.74889,-1.57080,0.39270,0.78540,-2.74889,-2.74889,-1.17810,-0.39270,1.96350,-2.74889,-2.74889,-1.57080,0.00000,0.39270,1.57080,2.74889,-2.74889,-1.17810,0.00000,1.17810,3.14159,3.14159,-1.17810,0.00000,1.17810,2.74889,-2.74889,-1.96350,-0.39270
39.71
1.57080,3.14159,-2.74889,-2.74889,-1.17810,0.78540,1.17810,-2.74889,-2.74889,-1.17810,0.39270,1.57080,-2.74889,-2.74889,-1.17810,-0.78540,0.78540,1.17810,3.14159,-2.74889,-1.17810,0.00000,1.57080,3.14159,3.14159,-1.57080,0.00000,1.17810,2.35619,-2.74889,-1.57080,0.39270
39.75
1.96350,3.14159,-2.74889,-2.74889,-1.17810,-0.39270,1.96350,-2.74889,-2.74889,-1.17810,0.00000,1.57080,-2.74889,-2.74889,-1.57080,-0.78540,0.78540,1.17810,3.14159,-2.74889,-1.17810,-0.39270,0.78540,3.14159,3.14159,-1.57080,0.00000,1.17810,2.35619,-2.74889,-1.57080,-0.39270
40.09
1.96350,3.14159,-2.74889,-2.74889,-0.78540,0.39270,1.57080,-2.74889,-2.74889,-0.78540,0.78540,1.57080,-2.74889,-2.74889,-1.17810,0.00000,1.17810,1.96350,3.14159,-2.74889,-1.17810,0.00000,1.17810,3.14159,3.14159,-0.78540,-0.78540,1.17810,2.35619,-2.74889,-1.57080,-0.78540
40.54
1.17810,3.14159,-2.74889,-2.74889,-0.39270,0.39270,1.57080,-2.74889,-2.74889,-1.17810,0.39270,1.57080,-2.74889,-2.74889,-1.17810,0.00000,0.78540,2.35619,3.14159,-2.74889,-1.57080,0.39270,1.17810,3.14159,3.14159,-1.17810,0.00000,1.17810,2.35619,-2.74889,-1.96350,-1.17810
40.64
1.96350,3.14159,-2.74889,-2.74889,-1.17810,0.39270,1.96350,-2.74889,-2.74889,-1.17810,0.00000,1.17810,-2.74889,-2.74889,-1.17810,-0.39270,0.78540,1.96350,2.74889,-2.74889,-1.17810,0.00000,1.17810,3.14159,3.14159,-1.17810,0.00000,1.57080,2.74889,-2.74889,-1.96350,-0.78540
40.96
1.96350,3.14159,-2.74889,-2.74889,-0.78540,0.00000,1.96350,-2.74889,-2.74889,-1.17810,0.39270,1.17810,-2.74889,-2.74889,-1.17810,0.00000,0.78540,1.96350,2.74889,-2.74889,-1.57080,-0.39270,1.17810,3.14159,3.14159,-1.17810,0.00000,1.17810,2.74889,-2.74889,-1.57080,-0.78540
41.35
1.57080,3.14159,-2.74889,-2.74889,-0.78540,0.78540,1.57080,-2.74889,-2.74889,-0.78540,0.00000,1.57080,-2.74889,-2.74889,-1.57080,0.00000,1.17810,1.96350,2.74889,-2.74889,-1.57080,0.39270,1.57080,3.14159,3.14159,-1.17810,0.00000,1.17810,2.35619,-2.74889,-1.57080,-0.39270
41.39
1.17810,3.14159,-2.74889,-2.74889,-0.78540,0.39270,1.57080,-2.74889,-2.74889,-0.78540,0.00000,1.57080,-2.74889,-2.74889,-0.78540,-0.39270,1.17810,1.96350,3.14159,-2.74889,-1.17810,0.00000,1.17810,3.14159,3.14159,-1.17810,0.00000,0.78540,2.35619,-2.74889,-1.57080,-0.39270
41.41
1.96350,3.14159,-2.74889,-2.74889,-0.78540,0.78540,1.57080,-2.74889,-2.74889,-1.17810,0.39270,1.57080,-2.74889,-2.74889,-0.78540,0.00000,1.17810,1.96350,3.14159,-2.74889,-0.78540,0.00000,1.17810,3.14159,3.14159,-1.17810,0.39270,1.57080,2.74889,-2.74889,-1.17810,-0.39270
41.49
1.17810,3.14159,-2.74889,-2.74889,-0.78540,0.39270,1.57080,-2.74889,-2.74889,-1.17810,0.39270,1.57080,-2.74889,-2.74889,-1.57080,0.00000,1.17810,2.35619,3.14159,-2.74889,-1.57080,0.00000,1.17810,3.14159,3.14159,-1.17810,0.00000,1.17810,2.74889,-2.74889,-1.57080,-0.39270
41.96
1.57080,3.14159,-2.74889,-2.74889,-0.78540,0.39270,1.96350,-2.74889,-2.74889,-0.78540,0.39270,1.57080,-2.74889,-2.74889,-1.17810,0.00000,1.17810,2.35619,2.74889,-2.74889,-1.17810,0.39270,1.17810,3.14159,3.14159,-1.17810,0.00000,1.17810,2.74889,-2.74889,-1.57080,-0.39270
41.96
1.96350,3.14159,-2.74889,-2.74889,-0.78540,0.39270,1.57080,-2.74889,-2.74889,-0.78540,0.39270,1.57080,-2.74889,-2.74889,-0.78540,0.00000,1.17810,2.35619,3.14159,-2.74889,-1.17810,0.00000,1.17810,3.14159,3.14159,-1.17810,0.00000,1.17810,2.35619,-2.74889,-1.17810,-0.39270
42.07
1.96350,3.14159,-2.74889,-2.74889,-0.78540,0.39270,1.57080,-2.74889,-2.74889,-0.78540,0.39270,1.57080,-2.74889,-2.74889,-1.17810,0.00000,1.17810,1.96350,3.14159,-2.74889,-1.17810,0.00000,1.17810,3.14159,3.14159,-1.17810,0.39270,1.17810,2.35619,-2.74889,-1.57080,-0.39270
42.12
1.57080,3.14159,-2.74889,-2.74889,-0.78540,0.39270,1.96350,-2.74889,-2.74889,-1.17810,0.39270,1.57080,-2.74889,-2.74889,-0.78540,0.00000,1.17810,1.96350,3.14159,-2.74889,-1.17810,0.00000,1.17810,3.14159,3.14159,-1.17810,0.00000,1.17810,2.35619,-2.74889,-1.57080,-0.39270
42.18
1.96350,3.14159,-2.74889,-2.74889,-0.78540,0.78540,1.57080,-2.74889,-2.35619,-0.78540,0.39270,1.96350,-2.74889,-2.74889,-1.17810,0.00000,1.17810,2.35619,3.14159,-2.74889,-1.17810,0.39270,1.17810,3.14159,3.14159,-1.17810,0.00000,1.17810,2.35619,-2.74889,-1.17810,-0.39270
42.48
1.57080,3.14159,-2.74889,-2.74889,-0.39270,0.39270,1.57080,-2.74889,-2.35619,-0.78540,0.39270,1.57080,-2.74889,-2.74889,-0.78540,0.00000,1.17810,1.96350,3.14159,-2.74889,-1.17810,0.00000,1.17810,3.14159,3.14159,-1.17810,0.00000,1.17810,2.35619,-2.74889,-1.57080,-0.39270
42.60
1.57080,3.14159,-2.74889,-1.57080,-0.39270,0.39270,1.57080,-2.74889,-2.74889,-0.78540,0.39270,1.57080,-2.74889,-2.74889,-1.17810,0.00000,1.17810,1.96350,3.14159,-2.74889,-1.17810,0.00000,1.17810,3.14159,3.14159,-1.17810,0.00000,1.57080,2.35619,-2.74889,-1.57080,-0.39270
42.89
1.57080,3.14159,-2.74889,-2.74889,-0.78540,0.78540,1.96350,-2.74889,-2.74889,-0.78540,0.39270,1.57080,-2.74889,-2.74889,-0.78540,0.00000,1.17810,1.96350,3.14159,-2.74889,-1.17810,0.00000,1.17810,2.35619,3.14159,-1.17810,0.00000,1.17810,2.35619,-2.74889,-1.17810,-0.39270
42.97
1.17810,3.14159,-2.74889,-2.74889,-0.78540,0.39270,1.57080,-2.74889,-2.74889,-0.78540,0.39270,1.57080,-2.74889,-2.74889,-1.17810,-0.39270,0.78540,1.96350,3.14159,-2.74889,-1.17810,0.00000,1.17810,2.35619,3.14159,-1.57080,0.00000,1.17810,2.35619,-2.74889,-1.57080,-0.39270
43.33
1.57080,3.14159,-2.74889,-2.35619,-0.78540,0.39270,1.57080,-2.74889,-2.74889,-0.78540,0.39270,1.57080,-2.74889,-2.74889,-1.17810,0.00000,1.17810,2.35619,3.14159,-2.74889,-1.57080,0.00000,1.17810,2.35619,3.14159,-1.57080,0.00000,1.17810,2.35619,-2.74889,-1.57080,-0.39270
43.58
1.57080,3.14159,-2.74889,-1.96350,-0.78540,0.39270,1.17810,-2.74889,-2.74889,-0.78540,0.39270,1.57080,-2.74889,-2.74889,-1.17810,0.00000,1.17810,2.35619,2.74889,-2.74889,-1.17810,0.00000,1.17810,2.35619,3.14159,-1.57080,0.00000,1.17810,2.35619,-2.74889,-1.57080,-0.39270
43.59
1.96350,3.14159,-2.74889,-1.96350,-0.78540,0.39270,1.57080,-2.74889,-2.74889,-1.17810,0.39270,1.57080,-2.74889,-2.74889,-1.17810,0.00000,1.17810,1.96350,3.14159,-2.74889,-1.17810,0.00000,1.17810,2.35619,3.14159,-1.17810,0.39270,1.17810,2.35619,-2.74889,-1.57080,-0.39270
43.63
1.57080,3.14159,-2.74889,-1.96350,-0.78540,0.39270,1.96350,-2.74889,-2.35619,-0.78540,0.00000,1.57080,-2.74889,-2.74889,-1.17810,0.00000,1.17810,1.57080,3.14159,-2.74889,-1.17810,0.00000,1.17810,2.35619,3.14159,-1.17810,0.00000,1.17810,2.74889,-2.74889,-1.17810,-0.39270
43.82
1.96350,3.14159,-2.74889,-1.96350,-0.78540,0.39270,1.96350,-2.74889,-2.35619,-0.78540,0.39270,1.57080,-2.74889,-2.74889,-0.78540,0.00000,1.17810,2.35619,3.14159,-2.74889,-1.17810,0.00000,1.17810,2.35619,3.14159,-1.17810,0.00000,1.17810,2.35619,-2.74889,-1.57080,-0.39270
44.33
1.57080,2.74889,-2.74889,-1.96350,-0.78540,0.39270,1.57080,-2.74889,-2.35619,-0.78540,0.39270,1.57080,-2.74889,-2.74889,-1.17810,0.00000,1.17810,1.96350,3.14159,-2.74889,-1.17810,0.00000,1.17810,2.35619,3.14159,-1.17810,0.00000,1.17810,2.35619,-2.74889,-1.17810,-0.39270
44.49
1.57080,2.74889,-2.74889,-1.57080,-0.78540,0.39270,1.57080,-2.74889,-2.35619,-0.78540,0.39270,1.57080,-2.74889,-2.35619,-1.17810,0.00000,1.17810,2.35619,3.14159,-2.74889,-1.17810,0.00000,1.17810,2.35619,3.14159,-1.17810,0.00000,1.17810,2.35619,-2.74889,-1.57080,-0.39270
44.72
1.57080,3.14159,-2.74889,-1.96350,-0.78540,0.39270,1.57080,-2.74889,-2.35619,-0.78540,0.39270,1.57080,-2.74889,-2.35619,-1.17810,0.00000,1.17810,1.96350,2.74889,-2.74889,-1.17810,0.00000,1.17810,2.35619,3.14159,-1.17810,0.00000,1.17810,2.35619,-2.74889,-1.57080,-0.39270
44.94
1.57080,2.74889,-2.74889,-1.57080,-0.78540,0.39270,1.57080,-2.74889,-2.35619,-1.17810,0.39270,1.57080,-2.74889,-2.35619,-1.17810,0.00000,1.17810,1.96350,2.74889,-2.35619,-1.17810,0.00000,1.17810,2.35619,3.14159,-1.17810,0.00000,1.17810,2.35619,-2.74889,-1.57080,-0.39270
