1.27
0.00000,0.00000,0.00000,0.00000,0.00000,0.00000,0.00000,0.00000,0.00000,0.00000,0.00000,0.00000,0.00000,0.00000,0.00000,0.00000,0.00000,0.00000,0.00000,0.00000,0.00000,0.00000,0.00000,0.00000,0.00000,0.00000,0.00000,0.00000,0.00000,0.00000,0.00000,0.00000
3.11
-0.39270,1.57080,-0.39270,0.78540,-1.17810,-1.17810,0.39270,0.78540,0.78540,1.17810,-1.96350,-1.17810,0.00000,-2.74889,0.00000,0.00000,1.57080,0.39270,1.17810,1.17810,1.17810,-0.39270,-0.78540,2.35619,0.39270,-2.74889,0.39270,1.17810,-0.39270,0.78540,1.57080,-1.96350
5.10
-0.39270,1.96350,0.00000,-0.39270,-1.17810,-0.78540,-1.57080,1.17810,1.17810,2.35619,2.74889,0.78540,0.00000,-2.74889,0.39270,-0.78540,0.00000,0.00000,1.17810,0.78540,1.17810,-2.74889,1.96350,-0.78540,-0.39270,-1.96350,-2.74889,3.14159,-1.96350,-0.39270,-1.17810,-2.74889
5.12
1.17810,1.57080,-1.17810,-1.57080,-2.74889,0.00000,0.39270,-1.96350,2.35619,1.57080,-1.17810,-2.74889,2.74889,-2.74889,-1.96350,1.96350,-1.57080,-2.35619,0.39270,-0.39270,-2.74889,-2.74889,0.00000,-1.57080,0.00000,1.96350,-2.74889,-1.17810,0.78540,-2.74889,1.96350,-2.74889
6.12
-1.17810,0.78540,-1.57080,-1.57080,1.17810,-2.74889,1.17810,0.00000,-0.39270,1.57080,0.39270,-2.35619,2.35619,0.00000,-1.17810,1.96350,3.14159,1.96350,-2.74889,-1.57080,0.78540,-0.78540,1.17810,0.78540,-1.17810,0.39270,2.35619,2.74889,-2.74889,0.39270,-1.96350,1.17810
7.00
3.14159,3.14159,-0.39270,-2.74889,2.35619,-2.74889,2.35619,2.74889,3.14159,-0.39270,2.35619,-2.74889,3.14159,-2.35619,0.39270,3.14159,1.17810,3.14159,-2.74889,-0.39270,-1.17810,-1.57080,0.00000,-2.74889,-2.74889,-2.74889,-0.39270,3.14159,-2.74889,3.14159,-2.74889,3.14159
7.96
-2.74889,3.14159,3.14159,-2.74889,-2.74889,-2.74889,3.14159,2.74889,-1.17810,1.57080,2.74889,-2.74889,2.74889,-2.74889,-2.74889,-1.57080,1.57080,-2.74889,-2.74889,-0.78540,3.14159,0.78540,0.39270,3.14159,-2.74889,-1.57080,1.17810,2.35619,-2.74889,-2.74889,-1.57080,-2.74889
8.68
-1.96350,-1.57080,1.57080,1.96350,0.39270,3.14159,3.14159,3.14159,0.00000,0.00000,2.35619,-2.74889,3.14159,-2.74889,-1.17810,2.35619,0.00000,2.74889,-2.35619,-2.74889,-2.74889,1.96350,3.14159,-2.74889,-2.74889,0.78540,-0.78540,-2.74889,2.35619,-1.17810,-1.57080,3.14159
9.64
-2.74889,1.96350,-2.74889,0.00000,1.57080,3.14159,3.14159,3.14159,-2.74889,-0.78540,3.14159,-2.74889,-1.57080,-2.74889,-2.74889,0.00000,1.57080,3.14159,-2.35619,-2.74889,-0.39270,-1.57080,0.78540,-2.74889,-1.57080,-2.74889,0.00000,0.78540,-2.74889,-2.74889,-2.74889,3.14159
9.74
-2.74889,2.35619,-2.74889,1.96350,2.35619,1.96350,3.14159,2.74889,-2.74889,0.78540,2.74889,-2.74889,3.14159,-2.74889,-1.17810,0.78540,3.14159,3.14159,-1.57080,-2.74889,0.00000,-0.39270,1.17810,-2.74889,-2.74889,-2.74889,0.78540,0.00000,-1.96350,-2.74889,-2.74889,3.14159
10.80
-0.39270,2.74889,1.96350,-1.96350,1.96350,2.74889,1.57080,2.35619,-0.78540,0.39270,1.96350,-2.74889,-2.74889,-2.74889,-0.39270,1.17810,-1.57080,2.74889,-2.74889,-2.74889,-0.39270,-1.96350,2.74889,-2.74889,0.00000,-0.39270,-0.39270,2.35619,2.74889,-2.74889,0.78540,0.00000
13.24
-1.17810,2.74889,1.96350,-1.96350,1.96350,2.74889,1.96350,2.74889,-0.78540,0.39270,1.57080,-2.74889,-2.35619,-2.74889,-0.78540,1.17810,-0.78540,2.74889,-2.74889,-2.74889,-0.39270,-1.96350,2.74889,-2.74889,-0.39270,-0.78540,-0.78540,2.35619,2.74889,-2.74889,0.39270,0.00000
15.66
-2.74889,-2.74889,-1.96350,3.14159,1.57080,-2.74889,2.74889,3.14159,-1.17810,-0.39270,1.17810,-2.74889,3.14159,-2.74889,-2.74889,-1.96350,3.14159,3.14159,-2.74889,-2.74889,-1.96350,0.78540,1.17810,-2.74889,-2.74889,-2.74889,0.39270,2.35619,-2.74889,-2.74889,-2.74889,0.00000
15.77
3.14159,3.14159,-2.74889,1.96350,1.57080,1.57080,2.74889,3.14159,0.78540,0.39270,1.57080,-2.74889,2.74889,-1.17810,-0.39270,0.78540,3.14159,1.17810,-1.96350,3.14159,-0.78540,-0.39270,1.57080,-2.35619,-2.74889,0.00000,0.78540,3.14159,2.74889,0.78540,-2.74889,0.39270
16.86
-1.96350,3.14159,0.78540,0.00000,0.78540,1.17810,3.14159,3.14159,0.00000,0.78540,2.74889,-2.74889,3.14159,-2.74889,-2.74889,1.57080,2.74889,1.17810,-2.74889,-0.39270,-1.17810,0.78540,2.35619,-2.74889,-2.74889,-1.17810,0.00000,1.57080,-0.39270,-2.35619,-2.74889,0.00000
18.06
-2.74889,3.14159,0.78540,-2.74889,0.78540,3.14159,3.14159,3.14159,-1.57080,0.00000,3.14159,-1.96350,1.17810,-1.96350,0.78540,2.35619,3.14159,3.14159,-2.74889,-2.74889,-0.78540,1.17810,1.96350,-2.74889,-2.35619,-0.78540,0.39270,1.57080,2.35619,-2.74889,1.17810,-0.39270
19.20
-2.74889,3.14159,-1.17810,-0.78540,0.78540,2.35619,3.14159,3.14159,-1.96350,-1.17810,3.14159,-2.74889,3.14159,-1.57080,-1.96350,0.39270,3.14159,2.74889,-2.74889,-2.74889,0.39270,0.00000,2.74889,-2.74889,-2.74889,-2.74889,0.78540,1.96350,-2.74889,-2.74889,-2.74889,0.00000
20.55
-2.74889,3.14159,-1.57080,2.74889,0.39270,2.74889,3.14159,3.14159,-2.74889,0.00000,2.35619,-2.74889,2.74889,-2.74889,-0.39270,-0.39270,3.14159,2.35619,-2.74889,-2.74889,-1.17810,0.78540,1.96350,-2.74889,-2.74889,-1.57080,0.00000,0.78540,-2.74889,-2.74889,-2.74889,2.35619
23.23
-2.74889,3.14159,-1.17810,-0.39270,1.17810,1.96350,3.14159,3.14159,0.00000,-1.57080,1.57080,-2.74889,3.14159,-2.74889,-0.78540,0.78540,3.14159,2.35619,-2.74889,-1.57080,-0.39270,1.17810,1.17810,-2.74889,-2.74889,-2.74889,0.00000,0.78540,1.17810,-2.74889,-2.74889,0.00000
23.78
-2.74889,-2.74889,-1.57080,-0.78540,1.57080,2.74889,3.14159,3.14159,-0.39270,1.17810,1.17810,-2.74889,-2.74889,-1.57080,-1.17810,1.17810,3.14159,2.74889,1.57080,-2.35619,-0.78540,0.78540,0.39270,-2.74889,-2.74889,-0.78540,1.17810,1.57080,-2.74889,-2.74889,-2.74889,-2.74889
24.11
-2.74889,-2.74889,-1.17810,1.96350,0.78540,3.14159,3.14159,3.14159,-1.57080,0.00000,1.96350,-2.74889,2.74889,-2.74889,-1.96350,0.39270,3.14159,2.74889,-2.35619,-1.96350,-0.78540,0.39270,0.39270,-2.74889,-2.74889,-1.17810,-0.39270,1.17810,-2.74889,-2.74889,-2.74889,0.39270
25.31
-2.74889,-2.74889,-1.17810,1.96350,0.78540,2.35619,3.14159,3.14159,-1.57080,0.78540,2.74889,-2.74889,3.14159,-2.35619,0.00000,1.57080,3.14159,2.74889,-2.74889,-2.35619,-0.39270,0.39270,0.00000,-2.74889,-2.74889,-1.17810,0.00000,1.57080,-2.74889,-2.74889,-2.74889,-0.78540
25.74
-2.74889,-2.74889,-2.35619,-0.78540,2.35619,2.74889,3.14159,3.14159,-1.96350,0.39270,1.96350,-2.74889,-2.74889,-2.35619,-0.39270,0.39270,3.14159,2.74889,3.14159,-1.96350,-1.17810,1.57080,1.57080,-2.74889,-2.74889,-1.57080,-0.39270,2.35619,-2.74889,-2.74889,-2.35619,-1.96350
28.06
-2.74889,-2.74889,-0.78540,1.96350,2.74889,1.96350,3.14159,2.74889,-1.17810,-0.39270,1.17810,-2.74889,-2.74889,-2.35619,-0.78540,1.17810,3.14159,3.14159,-1.57080,-1.96350,-1.17810,0.00000,2.35619,-2.74889,-2.74889,-0.39270,0.39270,1.17810,-2.74889,-2.74889,-1.17810,0.39270
28.86
3.14159,3.14159,-1.57080,-1.57080,0.00000,1.57080,3.14159,3.14159,-2.35619,-0.39270,3.14159,-2.74889,3.14159,-1.57080,-1.17810,1.17810,2.35619,3.14159,-2.74889,-2.35619,-0.39270,0.00000,0.78540,-2.74889,-2.74889,-1.57080,0.00000,1.17810,-2.74889,-2.74889,-2.35619,0.39270
28.96
-2.74889,-2.74889,-0.78540,0.39270,1.17810,2.35619,2.74889,2.74889,-1.17810,0.39270,2.74889,-2.74889,2.74889,-1.57080,0.00000,1.96350,3.14159,1.96350,-2.35619,-2.74889,-0.78540,0.78540,2.74889,-2.74889,-2.74889,-0.39270,0.39270,1.57080,2.74889,-2.74889,0.39270,0.00000
31.58
-2.74889,-1.57080,-1.17810,2.35619,1.57080,1.57080,3.14159,3.14159,-1.17810,-0.39270,1.96350,-2.74889,-2.74889,0.00000,-0.78540,0.39270,3.14159,2.74889,-2.74889,-1.96350,0.00000,0.78540,2.35619,-2.74889,-2.74889,-1.17810,1.17810,1.57080,-2.74889,-2.74889,-1.57080,0.39270
32.36
-2.74889,-2.74889,-1.96350,-0.39270,1.96350,0.78540,3.14159,3.14159,-1.57080,0.39270,1.57080,-2.74889,-2.74889,-1.96350,0.00000,1.57080,3.14159,2.35619,3.14159,-2.35619,-1.57080,0.78540,2.35619,-2.74889,-2.74889,-1.17810,0.00000,1.96350,-2.74889,-2.74889,-1.57080,-0.78540
33.00
-2.74889,-2.74889,-1.57080,1.57080,1.96350,1.96350,3.14159,3.14159,-0.78540,0.39270,1.17810,-2.74889,-2.74889,-0.39270,-0.39270,0.78540,3.14159,2.74889,-2.74889,-1.57080,0.00000,0.39270,2.35619,-2.74889,-2.74889,-0.78540,0.39270,0.78540,-2.74889,-2.74889,-1.96350,-0.39270
33.89
-2.74889,-1.96350,-1.57080,1.17810,2.35619,1.96350,3.14159,3.14159,-1.17810,0.39270,1.96350,-2.74889,-2.74889,-1.57080,-0.39270,0.78540,3.14159,2.74889,-2.35619,-2.35619,0.39270,1.57080,1.96350,-2.74889,-2.74889,-0.78540,0.39270,1.96350,-2.74889,-2.74889,-1.57080,0.39270
35.01
-2.74889,-2.74889,-0.78540,-0.39270,1.57080,1.96350,3.14159,3.14159,-1.96350,0.39270,1.57080,-2.74889,-2.74889,-1.17810,0.39270,1.57080,2.74889,2.35619,-2.74889,-2.35619,-1.17810,0.39270,1.57080,-2.74889,-2.74889,-0.39270,0.00000,1.57080,-2.74889,-2.74889,-0.39270,0.00000
35.78
-2.74889,-2.74889,-0.78540,-0.39270,1.57080,1.96350,3.14159,3.14159,-1.57080,0.39270,1.96350,-2.74889,-2.74889,-0.78540,0.00000,1.17810,3.14159,2.35619,-2.74889,-1.96350,-0.78540,0.39270,1.17810,-2.74889,-2.74889,-0.39270,0.39270,0.78540,-2.74889,-2.74889,-1.17810,-0.39270
36.38
-2.74889,-2.74889,-1.17810,0.00000,1.57080,1.96350,3.14159,3.14159,-1.96350,0.00000,1.96350,-2.74889,-2.74889,-1.17810,0.00000,1.17810,3.14159,3.14159,-2.74889,-2.35619,-0.78540,0.78540,1.57080,-2.74889,-2.74889,-0.39270,0.78540,1.96350,-2.74889,-2.74889,-1.17810,0.00000
36.49
-2.74889,-2.74889,0.39270,0.39270,1.17810,1.57080,3.14159,3.14159,-1.57080,-0.39270,1.17810,-2.74889,-2.74889,-0.78540,0.39270,1.57080,3.14159,2.74889,-2.74889,-1.57080,-0.78540,0.39270,1.96350,-2.74889,-2.74889,-0.78540,0.39270,1.96350,3.14159,-2.74889,-1.17810,-0.39270
36.90
-2.74889,-2.74889,-0.78540,0.78540,0.78540,2.35619,3.14159,3.14159,-1.17810,0.00000,1.57080,-2.74889,-2.74889,-1.57080,0.39270,1.17810,3.14159,3.14159,-2.74889,-1.96350,-0.78540,0.78540,1.96350,-2.74889,-2.74889,-0.39270,0.00000,2.35619,-2.74889,-2.74889,-1.17810,0.00000
37.43
3.14159,-2.74889,-0.78540,-0.39270,0.78540,1.57080,3.14159,3.14159,-1.17810,-0.39270,1.17810,-2.74889,-2.74889,-1.57080,-0.39270,0.00000,3.14159,2.74889,-2.74889,-2.35619,-0.39270,0.00000,1.96350,-2.74889,-2.74889,-1.17810,0.78540,1.57080,-2.74889,-2.74889,-1.57080,-0.39270
37.95
-2.74889,-2.74889,-1.17810,0.00000,1.57080,1.96350,3.14159,3.14159,-0.78540,0.78540,1.17810,-2.74889,-2.74889,-1.17810,0.00000,1.57080,3.14159,2.74889,-2.74889,-1.57080,-0.39270,1.57080,1.96350,-2.74889,-2.74889,-0.78540,0.78540,1.96350,3.14159,-2.74889,-1.17810,0.78540
37.96
3.14159,-2.74889,-1.17810,-0.78540,0.78540,1.57080,3.14159,3.14159,-0.78540,0.00000,1.96350,-2.74889,-2.74889,-0.78540,0.00000,0.78540,3.14159,3.14159,-2.74889,-1.57080,-0.39270,1.17810,1.17810,-2.74889,-2.74889,-0.78540,0.78540,1.96350,-2.74889,-2.74889,-1.57080,-0.39270
38.07
3.14159,-1.96350,-1.57080,-0.39270,1.17810,1.57080,3.14159,3.14159,-0.78540,0.00000,1.17810,-2.74889,-2.35619,-2.35619,0.39270,0.78540,2.35619,3.14159,-2.74889,-2.35619,0.00000,0.78540,1.57080,-2.74889,-2.74889,-1.17810,0.78540,1.57080,-2.74889,-2.74889,-1.17810,-0.39270
38.76
3.14159,-2.74889,-1.17810,-0.39270,0.78540,1.57080,3.14159,3.14159,-1.17810,0.00000,1.57080,-2.74889,-2.74889,-1.17810,-0.39270,0.78540,3.14159,3.14159,-2.74889,-1.96350,0.00000,0.78540,1.17810,-2.74889,-1.96350,0.00000,0.39270,1.96350,-2.74889,-2.74889,-1.57080,0.00000
39.46
-2.74889,-2.74889,0.00000,0.39270,0.78540,2.35619,3.14159,3.14159,-0.78540,0.39270,1.96350,-2.74889,-2.74889,-1.17810,0.39270,1.17810,3.14159,3.14159,-2.74889,-1.96350,-0.39270,0.39270,2.35619,-2.74889,-1.96350,-0.78540,0.78540,1.96350,3.14159,-2.74889,-1.57080,-0.39270
39.83
-2.74889,-2.74889,-1.17810,0.00000,0.39270,1.96350,3.14159,3.14159,-0.78540,0.39270,1.96350,-2.74889,-2.74889,-0.78540,0.39270,0.78540,3.14159,3.14159,-2.74889,-1.57080,0.00000,1.17810,2.35619,-2.74889,-1.96350,-0.78540,1.17810,2.35619,3.14159,-2.74889,-0.78540,-0.39270
40.47
3.14159,-2.74889,-1.17810,0.00000,0.78540,1.96350,3.14159,3.14159,-1.17810,0.00000,1.57080,-2.74889,-2.74889,-1.17810,-0.39270,0.78540,3.14159,3.14159,-2.74889,-1.96350,-0.39270,0.78540,1.96350,-2.74889,-1.57080,-0.78540,0.78540,1.96350,-2.74889,-2.74889,-1.17810,-0.39270
40.99
-2.74889,-2.74889,-1.17810,-0.39270,0.39270,1.57080,3.14159,-2.74889,-0.78540,0.39270,1.57080,-2.74889,-2.74889,-1.17810,0.00000,1.17810,3.14159,3.14159,-2.74889,-1.96350,0.00000,0.78540,1.57080,-2.74889,-2.35619,-0.78540,0.78540,2.35619,3.14159,-2.74889,-0.78540,-0.39270
41.20
-2.74889,-2.74889,-1.17810,0.00000,0.78540,1.96350,2.74889,-2.74889,-1.17810,0.39270,1.17810,-2.74889,-2.74889,-0.78540,0.00000,1.17810,2.74889,3.14159,-2.74889,-1.57080,-0.39270,1.17810,1.57080,-2.74889,-1.96350,-0.39270,0.78540,1.96350,-2.74889,-2.74889,-1.57080,-0.39270
41.28
-2.74889,-2.74889,-0.39270,-0.78540,0.78540,2.35619,3.14159,-2.74889,-1.17810,0.39270,1.57080,-2.74889,-2.74889,-0.78540,0.00000,1.57080,3.14159,2.74889,-2.74889,-1.17810,-0.39270,1.17810,1.57080,-2.74889,-1.57080,-0.78540,0.78540,1.96350,3.14159,-2.74889,-0.78540,0.00000
41.43
-2.74889,-2.35619,-1.17810,0.39270,0.78540,1.96350,3.14159,-2.74889,-1.57080,0.39270,1.96350,-2.74889,-2.74889,-1.17810,-0.78540,1.57080,1.57080,3.14159,-2.74889,-1.17810,-0.39270,0.78540,2.35619,-2.74889,-1.96350,-0.78540,0.78540,1.96350,3.14159,-2.74889,-1.17810,0.00000
41.51
-2.74889,-2.35619,-0.39270,-0.39270,0.39270,2.35619,3.14159,-2.74889,-1.17810,-0.39270,1.96350,-2.74889,-2.74889,-0.78540,-0.39270,1.17810,1.96350,2.74889,-2.74889,-1.57080,0.00000,1.17810,1.57080,-2.74889,-1.96350,-0.39270,0.78540,1.96350,3.14159,-2.74889,-1.17810,0.00000
41.66
-2.74889,-1.96350,-1.17810,-0.39270,0.39270,1.57080,3.14159,-2.74889,-1.17810,0.00000,1.17810,-2.74889,-2.74889,-1.17810,0.00000,0.78540,2.74889,1.96350,-2.74889,-1.17810,-0.78540,0.78540,1.96350,-2.74889,-2.35619,-0.39270,0.39270,1.96350,3.14159,-2.74889,-1.17810,-0.78540
41.88
-2.74889,-2.35619,-1.57080,-0.78540,0.78540,1.57080,3.14159,-2.74889,-1.17810,0.39270,1.57080,-2.74889,-2.74889,-1.17810,-0.39270,0.78540,2.35619,2.74889,-2.74889,-1.96350,-0.39270,0.39270,2.35619,-2.74889,-2.35619,-1.17810,0.78540,1.96350,3.14159,-2.74889,-0.78540,-0.39270
41.92
-2.74889,-2.74889,-0.78540,-0.39270,0.78540,1.57080,3.14159,-2.74889,-0.39270,0.39270,1.57080,-2.74889,-2.35619,-1.57080,-0.39270,0.78540,2.35619,3.14159,-2.74889,-1.96350,0.00000,1.17810,1.96350,-2.74889,-1.96350,-0.78540,0.78540,1.96350,-2.74889,-2.74889,-0.78540,0.00000
41.94
-2.74889,-2.74889,-1.17810,-0.78540,0.78540,1.96350,3.14159,-2.74889,-1.17810,0.39270,1.57080,-2.74889,-2.74889,-1.57080,-0.39270,1.17810,2.35619,2.74889,-2.74889,-1.17810,-0.39270,0.78540,2.35619,-2.74889,-1.96350,0.00000,0.78540,1.96350,3.14159,-2.74889,-0.78540,0.00000
42.03
-2.74889,-1.96350,-1.17810,0.00000,1.57080,2.35619,3.14159,-1.57080,-0.78540,0.39270,1.96350,-2.74889,-2.74889,-1.17810,-0.78540,1.57080,2.35619,3.14159,-2.74889,-1.17810,-0.78540,0.78540,1.96350,-2.74889,-2.35619,-0.39270,0.78540,1.96350,3.14159,-2.74889,-1.17810,-0.39270
42.06
-2.74889,-1.96350,-1.17810,-1.17810,1.17810,1.57080,3.14159,-2.74889,-0.39270,0.39270,1.57080,-2.74889,-2.74889,-1.17810,0.00000,1.57080,2.74889,2.35619,-2.74889,-1.17810,-0.39270,0.78540,1.96350,-2.74889,-1.96350,-0.78540,0.78540,1.96350,3.14159,-2.74889,-1.57080,0.00000
42.06
-2.74889,-1.57080,-1.57080,-0.78540,0.78540,2.35619,3.14159,-2.74889,-1.17810,0.00000,1.17810,-2.74889,-2.74889,-1.17810,-0.39270,1.17810,2.35619,2.74889,-2.74889,-1.57080,0.00000,1.17810,1.57080,-2.74889,-1.96350,-0.78540,0.78540,2.35619,3.14159,-2.74889,-1.17810,0.00000
42.36
-2.74889,-2.35619,-1.17810,-0.39270,0.78540,1.57080,3.14159,-2.74889,-1.17810,0.00000,1.57080,-2.74889,-2.74889,-1.57080,0.00000,1.17810,2.74889,2.74889,-2.74889,-2.35619,-0.39270,0.78540,1.96350,-2.74889,-2.35619,-0.78540,0.78540,1.57080,3.14159,-2.74889,-0.78540,0.00000
42.75
-2.74889,-2.35619,-1.17810,0.00000,0.78540,1.96350,3.14159,-2.74889,-0.78540,0.39270,1.96350,-2.74889,-2.74889,-1.17810,0.39270,0.78540,2.74889,2.74889,-2.74889,-1.57080,-0.39270,1.17810,1.96350,-2.74889,-1.57080,-0.39270,0.78540,1.96350,3.14159,-2.74889,-1.57080,0.00000
43.11
-2.74889,-1.96350,-1.17810,-0.39270,0.78540,1.96350,3.14159,-2.74889,-0.78540,0.00000,1.57080,-2.74889,-2.74889,-1.17810,-0.78540,1.17810,2.35619,2.74889,-2.74889,-1.96350,0.00000,1.17810,1.96350,-2.74889,-1.57080,-0.39270,0.78540,1.96350,3.14159,-1.96350,-1.17810,0.00000
43.13
-2.74889,-1.57080,-1.17810,-0.78540,0.78540,2.35619,3.14159,-2.74889,-1.17810,0.39270,1.57080,-2.74889,-2.74889,-1.57080,0.00000,1.17810,2.35619,3.14159,-2.74889,-1.57080,-0.78540,0.78540,1.57080,-2.74889,-2.35619,-0.78540,0.39270,1.96350,3.14159,-2.35619,-0.78540,0.00000
43.25
-2.74889,-1.57080,-1.17810,0.00000,0.39270,1.96350,3.14159,-2.74889,-0.78540,0.00000,1.96350,-2.74889,-2.74889,-1.17810,0.00000,1.17810,2.74889,3.14159,-2.74889,-1.57080,-0.39270,0.78540,2.35619,-2.74889,-1.96350,-0.78540,0.39270,1.96350,3.14159,-2.74889,-1.17810,0.00000
43.32
-2.74889,-2.35619,-0.78540,0.00000,0.78540,1.96350,3.14159,-2.74889,-1.17810,0.00000,1.57080,-2.74889,-2.74889,-1.57080,0.00000,0.78540,1.96350,3.14159,-2.74889,-1.57080,-0.39270,0.78540,1.96350,-2.74889,-1.96350,-0.39270,0.78540,1.57080,3.14159,-2.74889,-1.57080,0.00000
43.45
-2.74889,-1.96350,-0.78540,0.00000,0.78540,1.57080,3.14159,-2.74889,-0.78540,0.00000,1.96350,-2.74889,-2.74889,-1.57080,0.00000,0.78540,2.35619,3.14159,-2.74889,-1.57080,-0.39270,0.78540,1.96350,-2.74889,-1.96350,-0.78540,0.39270,1.57080,3.14159,-2.74889,-1.17810,-0.39270
43.49
-2.74889,-1.57080,-1.17810,0.00000,0.78540,1.96350,3.14159,-2.74889,-1.17810,0.39270,1.57080,-2.74889,-2.74889,-0.78540,-0.39270,1.17810,2.35619,3.14159,-2.74889,-1.57080,-0.39270,1.17810,1.96350,-2.74889,-1.57080,-0.78540,0.78540,1.57080,3.14159,-2.74889,-0.78540,0.00000
43.84
-2.74889,-1.57080,-1.17810,-0.39270,1.17810,1.96350,3.14159,-2.74889,-1.17810,0.39270,1.57080,-2.74889,-2.74889,-1.17810,0.00000,1.17810,2.35619,3.14159,-2.74889,-1.17810,0.00000,0.78540,1.96350,-2.74889,-1.96350,-0.39270,0.78540,1.57080,3.14159,-2.74889,-0.78540,0.00000
44.00
-2.74889,-1.96350,-1.17810,0.00000,0.78540,1.57080,3.14159,-2.35619,-1.17810,0.00000,1.57080,-2.74889,-2.35619,-1.17810,0.00000,1.57080,1.96350,3.14159,-2.74889,-1.57080,-0.39270,0.78540,1.96350,-2.74889,-1.96350,-0.39270,0.78540,1.17810,3.14159,-2.74889,-1.17810,0.00000
44.29
-2.74889,-1.96350,-1.17810,0.00000,1.17810,1.96350,3.14159,-1.57080,-0.78540,0.39270,1.57080,-2.74889,-1.96350,-1.17810,0.39270,1.57080,2.35619,3.14159,-2.74889,-1.57080,-0.39270,0.78540,1.96350,-2.74889,-1.57080,-0.78540,0.78540,1.57080,3.14159,-2.74889,-1.57080,0.00000
44.34
-2.74889,-1.96350,-0.78540,0.00000,0.78540,2.35619,3.14159,-2.35619,-0.78540,0.39270,1.57080,-2.74889,-2.35619,-0.78540,0.39270,1.17810,1.96350,3.14159,-2.74889,-1.57080,-0.39270,0.78540,1.96350,-2.74889,-1.96350,-0.39270,0.39270,1.96350,-2.74889,-2.74889,-0.78540,0.00000
44.50
-2.74889,-1.57080,-0.78540,0.39270,0.78540,1.96350,3.14159,-1.96350,-0.39270,0.39270,1.57080,-2.74889,-2.35619,-1.17810,0.00000,1.17810,2.74889,3.14159,-2.74889,-1.57080,-0.39270,1.17810,1.96350,-2.74889,-1.96350,-0.39270,0.78540,1.96350,-2.74889,-2.74889,-0.78540,0.39270
44.65
-2.74889,-1.57080,-1.17810,-0.39270,0.78540,2.35619,3.14159,-2.35619,-0.39270,0.39270,1.96350,-2.74889,-2.35619,-1.17810,0.39270,1.17810,2.35619,3.14159,-2.74889,-1.57080,-0.39270,0.78540,1.96350,-2.74889,-1.57080,-0.39270,0.39270,1.96350,-2.74889,-2.35619,-0.78540,0.00000
45.02
-2.74889,-1.96350,-0.78540,-0.39270,0.78540,1.96350,3.14159,-1.96350,-0.78540,0.39270,1.57080,-2.74889,-2.74889,-0.78540,0.00000,1.17810,1.96350,3.14159,-2.74889,-1.57080,-0.39270,1.17810,1.57080,-2.74889,-1.57080,-0.39270,0.78540,1.96350,3.14159,-1.96350,-0.78540,0.00000
45.10
3.14159,-1.96350,-1.17810,0.00000,0.78540,2.35619,3.14159,-1.96350,-0.78540,0.39270,1.96350,-2.74889,-2.35619,-0.78540,0.00000,1.57080,1.57080,3.14159,-2.74889,-1.57080,-0.39270,1.17810,1.96350,-2.74889,-1.57080,-0.39270,0.78540,1.96350,3.14159,-1.96350,-1.17810,0.39270
45.14
-2.74889,-1.96350,-0.78540,0.00000,1.57080,1.96350,3.14159,-1.96350,-0.78540,0.39270,1.96350,-2.74889,-2.35619,-0.78540,0.39270,1.17810,2.35619,2.74889,-2.74889,-1.17810,-0.39270,0.78540,1.96350,-2.74889,-1.96350,-0.39270,0.39270,1.96350,3.14159,-2.35619,-0.78540,0.00000
45.14
-2.74889,-1.96350,-0.78540,-0.39270,0.78540,2.35619,3.14159,-2.35619,-0.78540,0.39270,1.57080,-2.74889,-2.35619,-0.78540,0.00000,1.17810,2.35619,2.35619,-2.74889,-1.17810,0.00000,0.78540,1.96350,-2.74889,-1.96350,-0.78540,0.78540,1.57080,3.14159,-1.96350,-1.17810,0.00000
45.17
-2.74889,-1.57080,-0.39270,-0.39270,1.17810,1.96350,3.14159,-1.96350,-0.78540,0.39270,1.96350,-2.74889,-2.74889,-0.78540,0.00000,1.17810,2.35619,2.74889,-2.74889,-1.17810,0.00000,0.78540,2.35619,-2.74889,-1.96350,-0.39270,0.78540,1.96350,3.14159,-1.96350,-1.17810,0.39270
45.34
-2.74889,-1.57080,-1.17810,-0.39270,1.57080,1.96350,3.14159,-1.57080,-0.78540,0.39270,1.57080,-2.74889,-2.35619,-0.78540,0.00000,1.17810,2.35619,3.14159,-2.74889,-1.17810,-0.39270,0.78540,2.35619,-2.74889,-1.96350,-0.39270,0.78540,1.96350,3.14159,-1.96350,-1.17810,0.00000
45.50
3.14159,-1.57080,-0.78540,0.39270,1.17810,2.35619,3.14159,-1.96350,-0.39270,0.39270,1.57080,-2.74889,-1.96350,-0.78540,0.39270,1.17810,2.35619,3.14159,-2.74889,-1.17810,0.00000,0.78540,2.35619,-2.74889,-1.57080,-0.39270,1.17810,1.96350,-2.74889,-1.96350,-0.78540,0.39270
45.66
3.14159,-1.57080,-1.17810,0.00000,0.78540,2.35619,3.14159,-1.57080,-0.78540,0.39270,1.96350,-2.74889,-1.96350,-0.78540,0.39270,1.17810,2.35619,2.74889,-2.74889,-1.17810,0.00000,1.17810,2.35619,-2.74889,-1.57080,-0.39270,1.17810,1.96350,-2.74889,-1.96350,-0.78540,0.39270
45.70
-2.74889,-1.57080,-1.17810,0.00000,1.17810,1.96350,3.14159,-1.57080,-0.78540,0.39270,1.96350,-2.74889,-2.35619,-0.78540,0.39270,1.57080,2.74889,3.14159,-2.74889,-1.57080,0.00000,1.17810,1.96350,-2.74889,-1.57080,-0.39270,0.78540,2.35619,3.14159,-1.96350,-0.78540,0.39270
45.73
-2.74889,-1.17810,-0.39270,0.00000,0.78540,1.96350,3.14159,-1.57080,-0.78540,0.39270,1.57080,-2.74889,-1.96350,-0.78540,0.39270,1.57080,2.35619,3.14159,-2.74889,-1.17810,0.00000,0.78540,2.35619,-2.74889,-1.57080,-0.39270,0.78540,1.96350,3.14159,-1.57080,-0.78540,0.39270
46.10
-2.74889,-1.57080,-0.78540,0.00000,1.17810,2.35619,3.14159,-1.96350,-0.39270,0.78540,1.57080,-2.74889,-2.35619,-0.78540,0.00000,1.57080,2.35619,3.14159,-2.35619,-1.17810,0.00000,1.17810,2.35619,-2.74889,-1.57080,-0.39270,0.78540,1.96350,3.14159,-2.35619,-0.78540,0.00000
46.11
-2.74889,-1.57080,-0.78540,0.00000,0.78540,2.35619,3.14159,-1.96350,-0.39270,0.78540,1.57080,-2.74889,-2.35619,-0.78540,0.39270,1.57080,2.35619,3.14159,-2.35619,-1.17810,0.00000,1.17810,2.35619,-2.74889,-1.57080,0.00000,0.78540,1.96350,3.14159,-1.96350,-0.78540,0.39270
46.15
-2.74889,-1.57080,-0.78540,0.00000,1.17810,2.35619,3.14159,-1.57080,-0.78540,0.78540,1.96350,-2.74889,-1.96350,-0.78540,0.39270,1.57080,2.74889,3.14159,-1.96350,-1.17810,0.00000,1.17810,1.96350,-2.74889,-1.57080,-0.39270,0.78540,2.35619,3.14159,-2.35619,-0.78540,0.00000
46.38
-2.74889,-1.17810,-0.78540,0.39270,1.17810,2.35619,3.14159,-1.57080,-0.39270,0.78540,1.96350,-2.74889,-1.57080,-0.78540,0.39270,1.57080,2.35619,3.14159,-2.74889,-1.17810,0.00000,1.17810,2.35619,-2.74889,-1.57080,-0.39270,0.78540,2.35619,3.14159,-1.96350,-0.78540,0.39270
46.44
3.14159,-1.57080,-0.78540,0.00000,1.17810,2.35619,3.14159,-1.96350,-0.39270,0.39270,1.96350,-2.74889,-1.96350,-0.78540,0.39270,1.17810,2.35619,3.14159,-2.35619,-1.17810,0.00000,1.17810,2.35619,3.14159,-1.57080,-0.39270,0.78540,1.96350,3.14159,-1.96350,-0.78540,0.39270
46.45
3.14159,-1.57080,-0.78540,0.00000,1.17810,2.35619,3.14159,-1.96350,-0.39270,0.78540,1.96350,-2.74889,-1.96350,-0.78540,0.00000,1.17810,2.35619,3.14159,-2.35619,-1.17810,0.00000,1.17810,2.35619,3.14159,-1.57080,-0.39270,0.78540,1.96350,3.14159,-1.96350,-0.78540,0.39270
46.48
3.14159,-1.57080,-0.78540,0.00000,1.17810,2.35619,3.14159,-1.57080,-0.39270,0.78540,1.96350,-2.74889,-1.96350,-0.78540,0.00000,1.57080,2.35619,3.14159,-2.35619,-1.17810,0.00000,1.17810,2.35619,3.14159,-1.57080,-0.39270,0.78540,1.96350,3.14159,-1.96350,-0.78540,0.39270
46.54
3.14159,-1.57080,-0.78540,0.00000,1.17810,2.35619,3.14159,-1.57080,-0.39270,0.78540,1.96350,-2.74889,-1.96350,-0.78540,0.39270,1.57080,2.35619,3.14159,-2.35619,-1.17810,0.00000,1.17810,2.35619,3.14159,-1.57080,-0.39270,0.78540,1.96350,3.14159,-1.96350,-0.78540,0.39270
