161.02
1.17810,2.35619,-2.74889,-1.96350,-1.17810,-0.39270,0.78540,1.96350,2.74889,-2.35619,-1.57080,-0.78540,0.00000,0.78540,1.17810,1.57080,2.35619,3.14159,-1.96350,-1.17810,0.00000,0.78540,1.96350,2.74889,-2.74889,-1.57080,-0.78540,0.39270,1.17810,1.57080,1.96350,2.74889,1.57080,2.35619,-2.74889,-1.96350,-1.17810,0.00000,0.78540,1.96350,2.74889,-2.35619,-1.57080,-0.78540,0.00000,0.39270,1.17810,1.57080,2.35619,3.14159,-1.96350,-1.17810,0.00000,0.78540,1.96350,3.14159,-2.74889,-1.57080,-0.78540,0.39270,1.17810,1.17810,1.96350,2.74889
204.22
1.17810,2.35619,-2.74889,-1.96350,-1.17810,-0.39270,0.78540,1.96350,2.74889,-2.35619,-1.57080,-0.78540,0.00000,0.78540,1.17810,1.57080,2.35619,3.14159,-1.96350,-1.17810,0.00000,0.78540,1.96350,2.74889,-2.74889,-1.57080,-0.78540,0.39270,1.17810,1.57080,1.96350,2.74889,1.96350,2.74889,-2.35619,-1.57080,-0.78540,0.39270,1.17810,2.35620,3.14159,-1.96349,-1.17810,-0.39270,0.39270,0.78540,1.57080,1.96350,2.74889,3.53429,-1.57080,-0.78540,0.39270,1.17810,2.35620,3.53429,-2.35619,-1.17810,-0.39270,0.78540,1.57080,1.57080,2.35620,3.14159
250.92
1.17810,2.35619,-2.74889,-1.96350,-1.17810,-0.39270,0.78540,1.96350,2.74889,-2.35619,-1.57080,-0.78540,0.00000,0.78540,1.17810,1.57080,2.35619,3.14159,-1.96350,-1.17810,0.00000,0.78540,1.96350,2.74889,-2.74889,-1.57080,-0.78540,0.39270,1.17810,1.57080,1.96350,2.74889,2.35620,3.14159,-1.96349,-1.17810,-0.39270,0.78540,1.57080,2.74890,3.53429,-1.57079,-0.78540,-0.00000,0.78540,1.17810,1.96350,2.35620,3.14159,3.92699,-1.17810,-0.39270,0.78540,1.57080,2.74890,3.92699,-1.96349,-0.78540,-0.00000,1.17810,1.96350,1.96350,2.74890,3.53429
294.02
1.17810,2.35619,-2.74889,-1.96350,-1.17810,-0.39270,0.78540,1.96350,2.74889,-2.35619,-1.57080,-0.78540,0.00000,0.78540,1.17810,1.57080,2.35619,3.14159,-1.96350,-1.17810,0.00000,0.78540,1.96350,2.74889,-2.74889,-1.57080,-0.78540,0.39270,1.17810,1.57080,1.96350,2.74889,2.74890,3.53429,-1.57079,-0.78540,-0.00000,1.17810,1.96350,3.14160,3.92699,-1.17809,-0.39270,0.39270,1.17810,1.57080,2.35620,2.74890,3.53429,4.31969,-0.78540,-0.00000,1.17810,1.96350,3.14160,4.31969,-1.57079,-0.39270,0.39270,1.57080,2.35620,2.35620,3.14160,3.92699
326.96
1.17810,2.35619,-2.74889,-1.96350,-1.17810,-0.39270,0.78540,1.96350,2.74889,-2.35619,-1.57080,-0.78540,0.00000,0.78540,1.17810,1.57080,2.35619,3.14159,-1.96350,-1.17810,0.00000,0.78540,1.96350,2.74889,-2.74889,-1.57080,-0.78540,0.39270,1.17810,1.57080,1.96350,2.74889,3.14160,3.92699,-1.17809,-0.39270,0.39270,1.57080,2.35620,3.53430,4.31969,-0.78539,-0.00000,0.78540,1.57080,1.96350,2.74890,3.14160,3.92699,4.71239,-0.39270,0.39270,1.57080,2.35620,3.53430,4.71239,-1.17809,-0.00000,0.78540,1.96350,2.74890,2.74890,3.53430,4.31969
344.72
1.17810,2.35619,-2.74889,-1.96350,-1.17810,-0.39270,0.78540,1.96350,2.74889,-2.35619,-1.57080,-0.78540,0.00000,0.78540,1.17810,1.57080,2.35619,3.14159,-1.96350,-1.17810,0.00000,0.78540,1.96350,2.74889,-2.74889,-1.57080,-0.78540,0.39270,1.17810,1.57080,1.96350,2.74889,3.53430,4.31969,-0.78539,-0.00000,0.78540,1.96350,2.74890,3.92700,4.71239,-0.39269,0.39270,1.17810,1.96350,2.35620,3.14160,3.53430,4.31969,5.10509,-0.00000,0.78540,1.96350,2.74890,3.92700,5.10509,-0.78539,0.39270,1.17810,2.35620,3.14160,3.14160,3.92700,4.71239
