238.86
0.39270,1.17810,2.35619,3.14159,-1.57080,-0.78540,0.39270,1.57080,2.74889,-2.74889,-1.57080,-0.78540,0.39270,1.17810,1.17810,1.96350,3.14159,-2.35619,-1.17810,0.00000,0.78540,1.96350,-2.74889,-2.35619,-1.17810,0.00000,1.17810,1.96350,2.74889,-2.74889,-2.35619,-1.57080,0.39270,1.57080,2.35619,3.14159,-1.57080,-0.39270,0.39270,1.57080,2.74889,-2.74889,-1.57080,-0.78540,0.00000,0.78540,1.57080,1.96350,3.14159,-2.35619,-1.17810,0.00000,0.78540,1.96350,-2.74889,-1.96350,-1.17810,0.00000,0.78540,1.96350,-2.74889,-2.74889,-2.74889,-1.57080
283.62
0.78540,1.57080,2.74889,3.53429,-1.17810,-0.39270,0.78540,1.96350,3.14159,-2.35619,-1.17810,-0.39270,0.78540,1.57080,1.57080,2.35620,3.53429,-1.96349,-0.78540,0.39270,1.17810,2.35620,-2.35619,-1.96349,-0.78540,0.39270,1.57080,2.35620,3.14159,-2.35619,-1.96349,-1.17810,0.39270,1.57080,2.35619,3.14159,-1.57080,-0.39270,0.39270,1.57080,2.74889,-2.74889,-1.57080,-0.78540,0.00000,0.78540,1.57080,1.96350,3.14159,-2.35619,-1.17810,0.00000,0.78540,1.96350,-2.74889,-1.96350,-1.17810,0.00000,0.78540,1.96350,-2.74889,-2.74889,-2.74889,-1.57080
312.27
1.17810,1.96350,3.14159,3.92699,-0.78540,-0.00000,1.17810,2.35620,3.53429,-1.96349,-0.78540,-0.00000,1.17810,1.96350,1.96350,2.74890,3.92699,-1.57079,-0.39270,0.78540,1.57080,2.74890,-1.96349,-1.57079,-0.39270,0.78540,1.96350,2.74890,3.53429,-1.96349,-1.57079,-0.78540,0.39270,1.57080,2.35619,3.14159,-1.57080,-0.39270,0.39270,1.57080,2.74889,-2.74889,-1.57080,-0.78540,0.00000,0.78540,1.57080,1.96350,3.14159,-2.35619,-1.17810,0.00000,0.78540,1.96350,-2.74889,-1.96350,-1.17810,0.00000,0.78540,1.96350,-2.74889,-2.74889,-2.74889,-1.57080
320.44
1.57080,2.35620,3.53429,4.31969,-0.39270,0.39270,1.57080,2.74890,3.92699,-1.57079,-0.39270,0.39270,1.57080,2.35620,2.35620,3.14160,4.31969,-1.17809,-0.00000,1.17810,1.96350,3.14160,-1.57079,-1.17809,-0.00000,1.17810,2.35620,3.14160,3.92699,-1.57079,-1.17809,-0.39270,0.39270,1.57080,2.35619,3.14159,-1.57080,-0.39270,0.39270,1.57080,2.74889,-2.74889,-1.57080,-0.78540,0.00000,0.78540,1.57080,1.96350,3.14159,-2.35619,-1.17810,0.00000,0.78540,1.96350,-2.74889,-1.96350,-1.17810,0.00000,0.78540,1.96350,-2.74889,-2.74889,-2.74889,-1.57080
320.44
2.74889,3.53429,4.71238,5.49778,0.78539,1.57079,2.74889,3.92699,5.10508,-0.39270,0.78539,1.57079,2.74889,3.53429,3.53429,4.31969,5.49778,0.00000,1.17809,2.35619,3.14159,4.31969,-0.39270,0.00000,1.17809,2.35619,3.53429,4.31969,5.10508,-0.39270,0.00000,0.78539,1.57080,2.74890,3.53429,4.31969,-0.39270,0.78540,1.57080,2.74890,3.92699,-1.57079,-0.39270,0.39270,1.17810,1.96350,2.74890,3.14160,4.31969,-1.17809,-0.00000,1.17810,1.96350,3.14160,-1.57079,-0.78540,-0.00000,1.17810,1.96350,3.14160,-1.57079,-1.57079,-1.57079,-0.39270
