183.89
1.17810,2.35619,3.14159,-1.96350,-0.78540,0.00000,1.17810,2.35619,-2.74889,-1.96350,-0.78540,0.00000,1.17810,1.57080,2.35619,2.74889,-2.35619,-1.57080,-0.39270,0.39270,1.57080,2.74889,-2.35619,-1.57080,-0.39270,0.78540,1.96350,2.74889,-2.74889,-2.35619,-1.57080,-0.78540,1.57080,2.74889,3.14159,-1.57080,-0.39270,0.78540,1.57080,2.74889,-2.74889,-1.17810,-0.39270,0.39270,1.17810,2.35619,2.35619,-2.74889,-2.35619,-1.17810,0.00000,0.78540,1.96350,3.14159,-1.96350,-1.17810,0.00000,1.17810,1.96350,3.14159,-2.74889,-1.96350,-1.57080,-0.78540
223.56
1.17810,2.35619,3.14159,-1.96350,-0.78540,0.00000,1.17810,2.35619,-2.74889,-1.96350,-0.78540,0.00000,1.17810,1.57080,2.35619,2.74889,-2.35619,-1.57080,-0.39270,0.39270,1.57080,2.74889,-2.35619,-1.57080,-0.39270,0.78540,1.96350,2.74889,-2.74889,-2.35619,-1.57080,-0.78540,4.71239,5.89048,6.28318,1.57079,2.74889,3.92699,4.71239,5.89048,0.39270,1.96349,2.74889,3.53429,4.31969,5.49778,5.49778,0.39270,0.78540,1.96349,3.14159,3.92699,5.10509,6.28318,1.17809,1.96349,3.14159,4.31969,5.10509,6.28318,0.39270,1.17809,1.57079,2.35619
247.47
1.57080,2.74889,3.53429,-1.57080,-0.39270,0.39270,1.57080,2.74889,-2.35619,-1.57080,-0.39270,0.39270,1.57080,1.96350,2.74889,3.14159,-1.96349,-1.17810,-0.00000,0.78540,1.96350,3.14159,-1.96349,-1.17810,-0.00000,1.17810,2.35620,3.14159,-2.35619,-1.96349,-1.17810,-0.39270,1.57080,2.74889,3.14159,-1.57080,-0.39270,0.78540,1.57080,2.74889,-2.74889,-1.17810,-0.39270,0.39270,1.17810,2.35619,2.35619,-2.74889,-2.35619,-1.17810,0.00000,0.78540,1.96350,3.14159,-1.96350,-1.17810,0.00000,1.17810,1.96350,3.14159,-2.74889,-1.96350,-1.57080,-0.78540
304.39
1.96350,3.14159,3.92699,-1.17810,-0.00000,0.78540,1.96350,3.14159,-1.96349,-1.17810,-0.00000,0.78540,1.96350,2.35620,3.14159,3.53429,-1.57079,-0.78540,0.39270,1.17810,2.35620,3.53429,-1.57079,-0.78540,0.39270,1.57080,2.74890,3.53429,-1.96349,-1.57079,-0.78540,-0.00000,1.57080,2.74889,3.14159,-1.57080,-0.39270,0.78540,1.57080,2.74889,-2.74889,-1.17810,-0.39270,0.39270,1.17810,2.35619,2.35619,-2.74889,-2.35619,-1.17810,0.00000,0.78540,1.96350,3.14159,-1.96350,-1.17810,0.00000,1.17810,1.96350,3.14159,-2.74889,-1.96350,-1.57080,-0.78540
345.99
2.35620,3.53429,4.31969,-0.78540,0.39270,1.17810,2.35620,3.53429,-1.57079,-0.78540,0.39270,1.17810,2.35620,2.74890,3.53429,3.92699,-1.17809,-0.39270,0.78540,1.57080,2.74890,3.92699,-1.17809,-0.39270,0.78540,1.96350,3.14160,3.92699,-1.57079,-1.17809,-0.39270,0.39270,1.57080,2.74889,3.14159,-1.57080,-0.39270,0.78540,1.57080,2.74889,-2.74889,-1.17810,-0.39270,0.39270,1.17810,2.35619,2.35619,-2.74889,-2.35619,-1.17810,0.00000,0.78540,1.96350,3.14159,-1.96350,-1.17810,0.00000,1.17810,1.96350,3.14159,-2.74889,-1.96350,-1.57080,-0.78540
365.92
2.74890,3.92699,4.71239,-0.39270,0.78540,1.57080,2.74890,3.92699,-1.17809,-0.39270,0.78540,1.57080,2.74890,3.14160,3.92699,4.31969,-0.78539,-0.00000,1.17810,1.96350,3.14160,4.31969,-0.78539,-0.00000,1.17810,2.35620,3.53430,4.31969,-1.17809,-0.78539,-0.00000,0.78540,1.57080,2.74889,3.14159,-1.57080,-0.39270,0.78540,1.57080,2.74889,-2.74889,-1.17810,-0.39270,0.39270,1.17810,2.35619,2.35619,-2.74889,-2.35619,-1.17810,0.00000,0.78540,1.96350,3.14159,-1.96350,-1.17810,0.00000,1.17810,1.96350,3.14159,-2.74889,-1.96350,-1.57080,-0.78540
