3.00
0.00000,0.78540,0.39270,-0.39270,-0.78540,0.00000,0.39270,0.39270,0.00000,-0.39270,-0.39270,-0.39270,0.39270,0.00000,0.39270,0.39270,-0.39270,0.00000,0.00000,0.39270,0.00000,0.39270,1.17810,0.00000,0.00000,0.39270,-0.39270,-0.39270,0.00000,0.00000,-0.39270,0.00000
33.86
0.00000,0.78540,1.57080,-1.57080,-1.17810,0.00000,0.00000,1.17810,-1.57080,-1.57080,-0.39270,-0.39270,0.78540,0.78540,1.17810,1.57080,-1.57080,-0.39270,-0.39270,0.78540,0.39270,1.57080,-0.39270,0.00000,0.39270,0.39270,0.78540,-1.57080,-1.17810,-1.17810,-0.78540,0.00000
65.76
0.00000,0.39270,2.74889,-2.74889,-1.57080,0.39270,0.00000,1.17810,-1.96350,-2.74889,-1.17810,-0.39270,0.78540,1.57080,1.96350,3.14159,-2.74889,-0.39270,0.00000,1.17810,1.17810,3.14159,-1.96350,0.00000,0.00000,1.17810,1.96350,-2.74889,-1.57080,-1.17810,-0.78540,0.00000
73.09
-0.39270,0.78540,3.14159,-2.74889,-1.96350,0.00000,0.00000,1.96350,-2.74889,-2.74889,-1.57080,-0.39270,0.78540,1.96350,2.35619,3.14159,-2.74889,-1.17810,0.39270,1.17810,1.96350,3.14159,-2.74889,-0.39270,-0.39270,1.57080,2.35619,-2.74889,-2.35619,-1.57080,-0.78540,0.00000
73.88
0.00000,1.17810,2.74889,-2.74889,-1.96350,-0.39270,0.78540,1.57080,-2.74889,-2.74889,-0.78540,-0.39270,0.78540,1.57080,3.14159,2.74889,-2.74889,-1.96350,-0.78540,0.39270,1.96350,3.14159,3.14159,-1.57080,0.00000,0.78540,1.96350,-2.74889,-2.74889,-1.96350,-2.74889,0.00000
74.16
0.00000,1.17810,1.96350,-2.74889,-1.57080,-0.78540,0.39270,1.57080,-2.74889,-2.74889,-1.57080,-0.39270,0.39270,1.17810,3.14159,3.14159,-2.74889,-1.57080,-0.78540,0.78540,1.96350,3.14159,3.14159,-1.17810,0.00000,1.57080,2.74889,-2.74889,-2.74889,-2.35619,-2.74889,-0.39270
74.35
0.00000,1.17810,2.74889,-2.74889,-1.57080,-0.39270,0.39270,1.57080,-2.74889,-2.74889,-1.57080,-0.39270,0.39270,1.57080,3.14159,1.96350,-2.74889,-1.96350,-0.78540,0.78540,1.57080,3.14159,3.14159,-0.78540,0.00000,1.17810,2.35619,-2.74889,-2.74889,-1.17810,-2.74889,0.00000
74.72
0.39270,1.17810,2.74889,-2.74889,-1.57080,-0.39270,0.78540,1.57080,-2.74889,-2.74889,-1.57080,-0.78540,0.78540,1.17810,3.14159,2.74889,-2.74889,-1.57080,0.00000,0.78540,1.96350,3.14159,3.14159,-1.17810,0.39270,0.78540,2.35619,-2.74889,-2.74889,-1.17810,-2.74889,-0.39270
74.90
0.00000,0.78540,2.74889,-2.74889,-1.96350,-0.39270,0.39270,1.57080,-2.74889,-2.74889,-1.17810,0.00000,0.78540,1.57080,2.74889,2.74889,-2.74889,-1.96350,-0.39270,0.39270,2.35619,3.14159,3.14159,-1.57080,0.00000,1.17810,3.14159,-2.74889,-2.74889,-1.57080,-1.17810,0.00000
75.65
0.00000,1.57080,1.96350,-2.74889,-1.57080,-0.39270,0.39270,1.57080,-2.74889,-2.74889,-0.78540,-0.39270,0.39270,1.17810,2.74889,2.35619,-2.74889,-1.96350,-0.39270,0.39270,1.96350,3.14159,3.14159,-1.17810,0.00000,0.78540,2.35619,-2.74889,-2.74889,-1.17810,-2.74889,-0.39270
75.72
-0.39270,1.57080,2.35619,-2.74889,-1.57080,-0.78540,0.39270,1.57080,-2.74889,-2.35619,-1.17810,-0.39270,0.39270,1.17810,3.14159,2.74889,-2.74889,-1.96350,-0.78540,0.78540,2.35619,3.14159,3.14159,-1.17810,0.00000,0.78540,2.74889,-2.74889,-2.74889,-1.57080,-1.96350,-0.39270
75.80
-0.39270,1.17810,2.74889,-2.74889,-1.96350,-0.78540,0.39270,1.96350,-2.74889,-2.74889,-1.17810,-0.39270,0.39270,1.17810,3.14159,2.74889,-2.74889,-1.17810,-0.39270,1.17810,1.96350,3.14159,3.14159,-1.17810,0.00000,1.17810,2.74889,-2.35619,-2.74889,-1.57080,-1.17810,-0.39270
75.86
0.00000,1.57080,2.35619,-2.74889,-1.57080,-0.39270,0.39270,1.96350,-2.74889,-2.74889,-0.78540,0.00000,1.17810,1.17810,3.14159,2.74889,-2.74889,-1.96350,-0.78540,0.78540,1.57080,3.14159,3.14159,-1.17810,-0.39270,1.17810,2.74889,-2.74889,-2.74889,-1.17810,-1.17810,-0.39270
77.26
0.00000,0.78540,2.35619,-2.74889,-1.96350,-0.39270,0.39270,1.17810,-2.74889,-2.35619,-1.57080,-0.78540,0.78540,1.96350,2.35619,2.35619,-2.74889,-1.57080,-0.78540,0.78540,1.57080,3.14159,3.14159,-1.57080,0.00000,0.78540,1.96350,-2.74889,-2.74889,-0.78540,-1.96350,0.00000
78.38
0.00000,1.17810,2.35619,-2.74889,-1.57080,-0.39270,0.39270,1.57080,-2.74889,-2.74889,-0.78540,-0.78540,0.39270,0.78540,2.35619,2.35619,-2.74889,-1.96350,-0.78540,0.78540,1.57080,3.14159,3.14159,-1.57080,0.00000,0.78540,2.35619,-2.74889,-2.74889,-1.17810,-1.57080,0.00000
78.94
0.00000,1.17810,2.74889,-2.74889,-1.57080,-0.78540,0.39270,1.57080,-2.74889,-2.74889,-1.17810,-0.39270,0.39270,1.17810,2.74889,2.74889,-2.74889,-1.57080,-0.39270,0.78540,1.96350,3.14159,3.14159,-0.78540,0.39270,1.57080,2.35619,-2.74889,-2.74889,-1.57080,-0.39270,0.00000
79.66
0.39270,1.17810,2.74889,-2.74889,-1.17810,-0.39270,0.39270,1.57080,-2.74889,-2.74889,-1.17810,-0.78540,0.78540,1.17810,2.35619,2.35619,-2.74889,-1.57080,-0.39270,0.39270,1.96350,3.14159,3.14159,-1.17810,0.00000,1.17810,2.35619,-2.74889,-2.74889,-1.57080,-1.17810,0.00000
80.01
0.39270,1.17810,2.74889,-2.74889,-1.57080,-0.39270,0.39270,1.57080,-2.74889,-2.35619,-1.17810,-0.39270,0.39270,1.17810,2.74889,2.74889,-2.74889,-1.57080,-0.39270,0.78540,1.96350,3.14159,3.14159,-1.17810,0.00000,1.17810,2.35619,-2.74889,-2.74889,-1.17810,-1.96350,0.00000
80.29
0.39270,1.17810,2.74889,-2.74889,-1.17810,-0.39270,0.39270,1.57080,-2.74889,-2.35619,-1.17810,-0.39270,0.39270,1.17810,1.96350,2.74889,-2.74889,-1.57080,-0.39270,0.39270,1.96350,3.14159,3.14159,-1.17810,0.00000,1.17810,2.35619,-2.74889,-2.74889,-0.78540,-0.78540,0.00000
80.48
0.00000,1.57080,2.74889,-2.74889,-1.57080,-0.39270,0.39270,1.96350,-2.74889,-2.74889,-1.17810,0.00000,0.78540,1.57080,2.35619,2.74889,-2.74889,-1.57080,-0.39270,0.78540,1.96350,3.14159,3.14159,-1.17810,0.00000,1.17810,2.35619,-2.74889,-2.74889,-1.17810,-1.17810,0.00000
80.52
0.00000,1.17810,2.74889,-2.74889,-1.57080,-0.39270,0.39270,1.96350,-2.74889,-2.74889,-1.17810,-0.39270,0.39270,1.17810,2.35619,2.74889,-2.74889,-1.57080,-0.39270,0.78540,1.96350,3.14159,3.14159,-1.17810,0.00000,1.17810,2.35619,-2.74889,-2.74889,-1.57080,-1.57080,-0.39270
80.67
0.39270,1.17810,2.74889,-2.74889,-1.57080,-0.78540,0.78540,1.96350,-2.74889,-2.35619,-1.57080,-0.39270,0.78540,1.57080,2.35619,2.74889,-2.74889,-1.57080,-0.39270,0.78540,1.57080,3.14159,3.14159,-1.17810,0.00000,1.17810,1.96350,-2.74889,-2.74889,-1.57080,-1.57080,-0.39270
80.99
0.39270,1.17810,2.74889,-2.74889,-1.57080,-0.39270,0.39270,1.57080,-2.74889,-2.35619,-1.17810,0.00000,0.78540,1.57080,1.96350,2.35619,-2.74889,-1.57080,-0.39270,0.78540,1.57080,3.14159,3.14159,-1.17810,0.00000,0.78540,1.96350,-2.74889,-2.74889,-1.17810,-1.17810,-0.39270
81.11
0.00000,1.17810,1.96350,-2.74889,-1.57080,-0.39270,0.39270,1.57080,-2.74889,-2.74889,-1.17810,-0.78540,0.39270,1.57080,1.96350,2.74889,-2.74889,-1.57080,-0.39270,0.39270,1.57080,3.14159,3.14159,-1.17810,0.00000,1.17810,2.35619,-2.74889,-2.74889,-1.57080,-1.17810,-0.39270
81.17
0.00000,1.17810,2.35619,-2.74889,-1.96350,-0.78540,0.39270,1.57080,-2.74889,-2.74889,-1.17810,-0.39270,0.39270,0.78540,2.35619,2.74889,-2.74889,-1.57080,-0.39270,0.78540,1.57080,3.14159,3.14159,-1.17810,0.00000,1.17810,2.35619,-2.74889,-2.74889,-1.57080,-1.17810,0.00000
81.53
0.00000,1.17810,2.35619,-2.74889,-1.96350,-0.78540,0.39270,1.57080,-2.74889,-2.74889,-1.17810,-0.39270,0.39270,1.57080,2.35619,2.74889,-2.74889,-1.57080,-0.39270,0.39270,1.57080,3.14159,3.14159,-1.17810,0.00000,1.17810,1.96350,-2.74889,-2.74889,-1.96350,-1.17810,-0.39270
81.67
0.00000,1.17810,2.35619,-2.74889,-1.57080,-0.39270,0.39270,1.57080,-2.74889,-2.74889,-1.17810,-0.39270,0.78540,1.17810,1.96350,2.74889,-2.74889,-1.57080,-0.39270,0.78540,1.57080,3.14159,3.14159,-1.17810,0.00000,1.17810,2.35619,-2.74889,-2.74889,-1.57080,-0.78540,-0.39270
81.80
0.39270,1.17810,2.35619,-2.74889,-1.57080,-0.39270,0.39270,1.57080,-2.74889,-2.74889,-1.17810,-0.39270,0.39270,1.17810,1.96350,2.35619,-2.74889,-1.57080,-0.39270,0.78540,1.57080,3.14159,3.14159,-1.17810,0.00000,1.17810,2.35619,-2.74889,-2.74889,-1.57080,-1.17810,-0.39270
81.84
0.39270,1.17810,2.35619,-2.74889,-1.57080,-0.39270,0.39270,1.57080,-2.74889,-2.74889,-1.17810,-0.39270,0.78540,1.57080,1.96350,2.74889,-2.74889,-1.57080,-0.39270,0.78540,1.57080,3.14159,3.14159,-1.17810,0.00000,1.17810,1.96350,-2.74889,-2.74889,-1.57080,-1.17810,-0.39270
81.86
0.39270,1.17810,2.35619,-2.74889,-1.96350,-0.78540,0.39270,1.57080,-2.74889,-2.74889,-1.17810,-0.39270,0.39270,1.17810,1.96350,2.35619,-2.74889,-1.57080,-0.39270,0.39270,1.57080,3.14159,3.14159,-1.17810,0.00000,1.17810,1.96350,-2.74889,-2.74889,-1.57080,-1.17810,-0.39270
81.99
0.39270,1.17810,2.35619,-2.74889,-1.57080,-0.78540,0.39270,1.57080,-2.74889,-2.74889,-1.17810,-0.39270,0.39270,1.17810,1.96350,2.74889,-2.74889,-1.57080,-0.39270,0.78540,1.57080,3.14159,3.14159,-1.17810,0.00000,1.17810,1.96350,-2.74889,-2.74889,-1.96350,-1.17810,-0.39270
82.10
0.39270,1.17810,2.35619,-2.74889,-1.57080,-0.39270,0.39270,1.57080,-2.74889,-2.35619,-1.17810,-0.39270,0.39270,1.17810,1.96350,2.35619,-2.74889,-1.57080,-0.39270,0.39270,1.96350,3.14159,3.14159,-1.17810,0.00000,1.17810,2.35619,-2.74889,-2.74889,-1.57080,-1.17810,-0.39270
82.10
0.00000,1.17810,2.35619,-2.74889,-1.57080,-0.78540,0.39270,1.57080,-2.74889,-2.74889,-1.17810,-0.39270,0.39270,1.57080,1.57080,2.35619,-2.74889,-1.57080,-0.39270,0.39270,1.57080,2.74889,3.14159,-1.17810,0.00000,1.17810,1.96350,-2.74889,-2.74889,-1.57080,-1.17810,0.00000
82.17
0.00000,1.17810,2.35619,-2.74889,-1.57080,-0.78540,0.39270,1.57080,-2.74889,-2.74889,-1.17810,-0.39270,0.39270,1.57080,1.57080,2.74889,-2.74889,-1.57080,-0.39270,0.39270,1.57080,2.74889,3.14159,-1.17810,0.00000,0.78540,1.96350,-2.74889,-2.74889,-1.57080,-1.17810,-0.39270
82.20
0.39270,1.17810,1.96350,-2.74889,-1.57080,-0.78540,0.39270,1.57080,-2.74889,-2.74889,-1.17810,-0.39270,0.39270,1.57080,1.96350,2.74889,-2.74889,-1.57080,-0.39270,0.39270,1.57080,2.74889,3.14159,-1.17810,0.00000,1.17810,1.96350,-2.74889,-2.35619,-1.96350,-1.17810,-0.39270
82.36
0.00000,1.17810,2.35619,-2.74889,-1.57080,-0.78540,0.39270,1.57080,-2.74889,-2.74889,-1.57080,-0.39270,0.39270,1.17810,1.96350,2.35619,-2.74889,-1.57080,-0.39270,0.39270,1.57080,2.74889,3.14159,-1.17810,0.00000,0.78540,2.35619,-2.74889,-2.35619,-1.96350,-1.17810,0.00000
82.36
0.00000,1.17810,2.35619,-2.74889,-1.57080,-0.78540,0.39270,1.57080,-2.74889,-2.74889,-1.57080,-0.39270,0.39270,1.17810,1.96350,2.35619,-2.74889,-1.57080,-0.39270,0.39270,1.96350,2.74889,3.14159,-1.17810,0.00000,1.17810,1.96350,-2.74889,-2.35619,-1.96350,-1.17810,-0.39270
82.36
0.39270,1.17810,2.35619,-2.74889,-1.57080,-0.78540,0.39270,1.57080,-2.74889,-2.35619,-1.17810,-0.39270,0.39270,1.17810,1.57080,2.35619,-2.74889,-1.57080,-0.78540,0.39270,1.57080,2.74889,3.14159,-1.17810,0.00000,1.17810,1.96350,-2.74889,-2.74889,-1.57080,-1.17810,-0.39270
82.43
0.39270,1.17810,2.35619,-2.74889,-1.57080,-0.78540,0.78540,1.57080,-2.74889,-2.35619,-1.17810,-0.39270,0.39270,1.17810,1.96350,2.74889,-2.74889,-1.57080,-0.39270,0.39270,1.57080,3.14159,3.14159,-1.17810,0.00000,1.17810,1.96350,-2.74889,-2.35619,-1.96350,-1.17810,-0.39270
82.47
0.39270,1.17810,2.35619,-2.74889,-1.57080,-0.39270,0.39270,1.57080,-2.74889,-2.35619,-1.57080,-0.39270,0.39270,1.17810,1.96350,2.74889,-2.74889,-1.57080,-0.39270,0.78540,1.96350,3.14159,3.14159,-0.78540,0.00000,1.17810,1.96350,-2.74889,-2.35619,-1.57080,-1.17810,0.00000
83.23
0.00000,1.17810,1.96350,-2.74889,-1.96350,-0.78540,0.39270,1.57080,3.14159,-2.74889,-1.17810,-0.39270,0.39270,1.17810,1.57080,2.35619,-2.74889,-1.57080,-0.78540,0.39270,1.57080,3.14159,3.14159,-1.17810,-0.39270,0.78540,1.96350,-2.74889,-2.74889,-1.96350,-1.57080,-0.39270
83.30
0.00000,0.78540,1.96350,-2.74889,-1.96350,-0.78540,0.39270,1.57080,3.14159,-2.74889,-1.57080,-0.39270,0.39270,1.17810,1.57080,2.35619,-2.74889,-1.57080,-0.78540,0.39270,1.57080,3.14159,3.14159,-1.17810,0.00000,1.17810,1.96350,-2.74889,-2.74889,-1.96350,-1.17810,-0.39270
83.30
0.00000,1.17810,1.96350,-2.74889,-1.57080,-0.78540,0.39270,1.57080,3.14159,-2.74889,-1.57080,-0.39270,0.39270,1.17810,1.57080,2.35619,-2.74889,-1.57080,-0.39270,0.39270,1.57080,3.14159,3.14159,-1.17810,0.00000,1.17810,1.96350,-2.74889,-2.74889,-1.57080,-1.17810,-0.39270
83.32
0.00000,0.78540,1.96350,-2.74889,-1.96350,-0.78540,0.39270,1.57080,3.14159,-2.74889,-1.57080,-0.39270,0.39270,0.78540,1.57080,2.35619,-2.74889,-1.57080,-0.78540,0.39270,1.57080,3.14159,3.14159,-1.17810,0.00000,0.78540,1.96350,-2.74889,-2.35619,-1.96350,-1.57080,-0.39270
83.47
0.00000,0.78540,1.96350,-2.74889,-1.96350,-0.78540,0.39270,1.57080,3.14159,-2.74889,-1.57080,-0.39270,0.39270,1.17810,1.57080,2.35619,-2.74889,-1.57080,-0.78540,0.39270,1.57080,3.14159,3.14159,-1.17810,0.00000,0.78540,1.96350,-2.74889,-2.74889,-1.96350,-1.17810,-0.39270
83.74
0.39270,1.17810,1.96350,-2.74889,-1.96350,-0.78540,0.39270,1.57080,2.74889,-2.74889,-1.17810,-0.39270,0.39270,1.17810,1.57080,2.35619,-2.74889,-1.57080,-0.39270,0.39270,1.57080,3.14159,3.14159,-1.17810,0.00000,1.17810,1.96350,-2.74889,-2.74889,-1.57080,-1.17810,0.00000
84.12
0.00000,1.17810,1.96350,-2.74889,-1.96350,-0.78540,0.39270,1.57080,2.74889,-2.74889,-1.17810,-0.39270,0.39270,1.17810,1.57080,2.35619,-2.74889,-1.57080,-0.39270,0.39270,1.57080,3.14159,3.14159,-1.17810,-0.39270,0.78540,1.96350,-2.74889,-2.74889,-1.96350,-1.17810,-0.39270
84.12
0.00000,1.17810,1.96350,-2.74889,-1.96350,-0.78540,0.39270,1.57080,2.74889,-2.74889,-1.17810,-0.78540,0.39270,1.17810,1.57080,2.35619,-2.74889,-1.57080,-0.78540,0.39270,1.57080,3.14159,3.14159,-1.17810,-0.39270,0.78540,1.96350,-2.74889,-2.74889,-1.96350,-1.17810,-0.39270
84.22
0.00000,0.78540,1.96350,-2.74889,-1.96350,-0.78540,0.39270,1.57080,2.74889,-2.74889,-1.57080,-0.39270,0.39270,1.17810,1.57080,2.35619,-2.74889,-1.57080,-0.78540,0.39270,1.57080,3.14159,3.14159,-1.17810,0.00000,0.78540,1.96350,-2.74889,-2.74889,-1.96350,-1.57080,-0.39270
84.25
0.00000,1.17810,1.96350,-2.74889,-1.96350,-0.78540,0.39270,1.57080,3.14159,-2.74889,-1.57080,-0.39270,0.39270,1.17810,1.57080,2.35619,-2.74889,-1.57080,-0.78540,0.39270,1.57080,2.74889,3.14159,-1.17810,-0.39270,0.78540,1.96350,-2.74889,-2.74889,-1.96350,-1.17810,-0.39270
84.33
0.00000,0.78540,1.96350,-2.74889,-1.96350,-0.78540,0.39270,1.57080,3.14159,-2.74889,-1.57080,-0.39270,0.39270,1.17810,1.57080,2.35619,-2.74889,-1.57080,-0.78540,0.39270,1.57080,2.74889,3.14159,-1.17810,0.00000,0.78540,1.96350,-2.74889,-2.35619,-1.96350,-1.17810,-0.39270
84.44
0.00000,1.17810,1.96350,-2.74889,-1.96350,-0.78540,0.39270,1.57080,2.74889,-2.74889,-1.57080,-0.39270,0.39270,1.17810,1.57080,2.35619,-2.74889,-1.57080,-0.39270,0.39270,1.57080,3.14159,3.14159,-1.17810,0.00000,0.78540,1.96350,-2.74889,-2.35619,-1.57080,-1.17810,-0.39270
84.79
0.00000,1.17810,1.96350,-2.74889,-1.96350,-0.78540,0.39270,1.57080,2.74889,-2.74889,-1.17810,-0.78540,0.39270,1.17810,1.57080,2.35619,-2.74889,-1.57080,-0.78540,0.39270,1.57080,2.74889,3.14159,-1.17810,0.00000,0.78540,1.96350,-2.74889,-2.74889,-1.57080,-1.17810,-0.39270
84.92
0.00000,0.78540,1.96350,-2.74889,-1.96350,-0.78540,0.39270,1.57080,2.35619,-2.74889,-1.57080,-0.78540,0.39270,1.17810,1.96350,2.35619,-2.74889,-1.96350,-0.78540,0.39270,1.57080,2.74889,3.14159,-1.17810,0.00000,0.78540,1.96350,-2.74889,-2.74889,-1.96350,-1.17810,-0.39270
84.93
0.00000,1.17810,1.96350,-2.74889,-1.96350,-0.78540,0.39270,1.57080,2.74889,-2.74889,-1.57080,-0.78540,0.39270,1.17810,1.57080,2.35619,-2.74889,-1.96350,-0.39270,0.39270,1.57080,2.74889,3.14159,-1.17810,-0.39270,0.78540,1.96350,-2.74889,-2.74889,-1.96350,-1.17810,-0.39270
85.17
0.00000,1.17810,1.96350,-2.74889,-1.96350,-0.78540,0.39270,1.57080,2.74889,-2.74889,-1.57080,-0.39270,0.39270,1.17810,1.57080,2.35619,-2.74889,-1.57080,-0.78540,0.39270,1.57080,2.74889,3.14159,-1.17810,0.00000,0.78540,1.96350,-2.74889,-2.74889,-1.96350,-1.17810,-0.39270
85.29
0.00000,1.17810,1.96350,-2.74889,-1.96350,-0.78540,0.39270,1.57080,2.74889,-2.74889,-1.57080,-0.39270,0.39270,1.17810,1.57080,2.35619,-2.74889,-1.57080,-0.78540,0.39270,1.57080,2.74889,3.14159,-1.17810,0.00000,0.78540,1.96350,-2.74889,-2.35619,-1.96350,-1.17810,-0.39270
85.30
0.00000,1.17810,1.96350,-2.74889,-1.96350,-0.78540,0.39270,1.57080,2.74889,-2.35619,-1.57080,-0.78540,0.39270,1.17810,1.57080,2.35619,-2.74889,-1.57080,-0.78540,0.39270,1.57080,2.74889,3.14159,-1.17810,0.00000,0.78540,1.96350,-2.74889,-2.35619,-1.96350,-1.17810,-0.39270
85.35
0.00000,1.17810,2.35619,-2.74889,-1.96350,-0.78540,0.39270,1.57080,2.74889,-2.35619,-1.57080,-0.39270,0.39270,1.17810,1.57080,2.35619,-2.74889,-1.57080,-0.39270,0.39270,1.57080,2.74889,3.14159,-1.17810,0.00000,0.78540,1.96350,-2.74889,-2.35619,-1.96350,-1.17810,-0.39270
85.36
0.00000,1.17810,2.35619,-2.74889,-1.96350,-0.78540,0.39270,1.57080,2.74889,-2.35619,-1.57080,-0.39270,0.39270,1.17810,1.57080,2.35619,-2.74889,-1.57080,-0.78540,0.39270,1.57080,2.74889,3.14159,-1.17810,0.00000,0.78540,1.96350,-2.74889,-2.35619,-1.96350,-1.17810,-0.39270
85.37
0.00000,1.17810,2.35619,-2.74889,-1.96350,-0.78540,0.39270,1.57080,2.74889,-2.35619,-1.57080,-0.39270,0.39270,1.17810,1.96350,2.35619,-2.74889,-1.57080,-0.78540,0.39270,1.57080,2.74889,3.14159,-1.17810,0.00000,0.78540,1.96350,-2.74889,-2.35619,-1.96350,-1.17810,-0.39270
85.37
0.00000,1.17810,2.35619,-2.74889,-1.96350,-0.78540,0.39270,1.57080,2.74889,-2.35619,-1.57080,-0.39270,0.39270,1.17810,1.96350,2.35619,-2.74889,-1.57080,-0.39270,0.39270,1.57080,2.74889,3.14159,-1.17810,0.00000,0.78540,1.96350,-2.74889,-2.35619,-1.96350,-1.17810,-0.39270
85.37
0.00000,1.17810,1.96350,-2.74889,-1.96350,-0.78540,0.39270,1.57080,2.74889,-2.35619,-1.57080,-0.39270,0.39270,1.17810,1.57080,2.35619,-2.74889,-1.57080,-0.78540,0.39270,1.57080,2.74889,3.14159,-1.17810,0.00000,0.78540,1.96350,-2.74889,-2.35619,-1.96350,-1.17810,-0.39270
