2.71
-0.39270,-0.78540,-0.39270,0.00000,0.39270,0.39270,-0.78540,0.39270,0.00000,0.00000,0.00000,0.00000,-0.78540,0.00000,0.00000,0.00000,-0.39270,0.39270,0.39270,-0.78540,-0.39270,-0.39270,0.39270,0.39270,0.00000,-0.39270,0.78540,-0.39270,0.00000,-0.39270,0.00000,-0.78540
59.59
-1.96350,-2.35619,-0.39270,0.00000,0.78540,1.96350,-2.35619,-1.57080,-0.39270,0.00000,0.39270,1.96350,-2.35619,-0.78540,-0.39270,-0.39270,0.00000,1.17810,1.57080,-2.35619,-0.78540,-0.39270,0.39270,1.57080,2.35619,-1.96350,-0.78540,0.39270,-0.39270,0.39270,1.17810,-2.35619
75.15
-2.74889,-2.74889,-0.78540,0.00000,1.17810,1.96350,-2.74889,-1.96350,-0.39270,0.00000,0.78540,2.74889,-2.74889,-2.74889,-0.78540,-0.39270,0.00000,0.78540,1.96350,-2.74889,-1.57080,-0.39270,0.39270,1.57080,2.35619,-2.74889,-1.96350,-0.39270,0.00000,0.39270,1.17810,-2.74889
76.48
-2.74889,-1.57080,-0.39270,0.39270,1.96350,3.14159,-2.74889,-0.78540,0.00000,1.57080,2.35619,3.14159,-2.74889,-1.96350,-1.17810,0.00000,1.17810,2.35619,-2.74889,-2.74889,-1.17810,0.00000,1.57080,1.96350,-2.74889,-2.35619,-0.39270,0.39270,1.17810,1.57080,3.14159,-2.74889
76.80
-2.74889,-1.96350,-0.78540,0.78540,1.96350,3.14159,-2.74889,-1.17810,-0.39270,1.17810,2.35619,3.14159,-2.74889,-1.57080,-1.17810,0.00000,0.78540,1.57080,-2.74889,-2.74889,-1.57080,-0.39270,1.57080,1.96350,-2.74889,-2.35619,-1.17810,0.00000,0.78540,1.57080,3.14159,-2.74889
77.45
-2.74889,-1.57080,-0.78540,0.78540,1.57080,3.14159,-2.74889,-1.17810,0.00000,1.17810,1.57080,3.14159,-2.74889,-1.17810,-1.57080,0.00000,0.78540,1.57080,-2.74889,-2.74889,-1.17810,-0.39270,1.17810,1.96350,-2.74889,-1.96350,-1.17810,-0.39270,1.17810,1.96350,3.14159,-2.74889
77.96
-2.74889,-1.96350,-0.39270,0.39270,1.96350,3.14159,-2.74889,-1.17810,0.00000,0.78540,2.74889,3.14159,-2.74889,-1.17810,-0.78540,-0.39270,0.78540,1.96350,-2.74889,-2.74889,-1.17810,-0.39270,1.17810,1.96350,-2.74889,-2.35619,-0.78540,0.39270,1.57080,1.57080,2.74889,-2.74889
78.31
-2.74889,-1.17810,-0.78540,0.39270,1.57080,3.14159,-2.74889,-1.17810,-0.39270,1.17810,2.35619,3.14159,-2.74889,-1.57080,-1.17810,0.00000,0.78540,1.57080,-2.74889,-2.74889,-1.17810,-0.39270,0.78540,1.96350,-2.74889,-2.35619,-0.78540,0.00000,1.17810,1.96350,2.74889,-2.74889
78.57
-2.74889,-1.57080,-0.39270,0.39270,1.96350,3.14159,-2.74889,-1.57080,0.00000,1.17810,1.96350,3.14159,-2.74889,-1.96350,-1.17810,0.39270,0.78540,1.96350,-2.74889,-2.74889,-1.17810,0.00000,1.57080,2.35619,-2.74889,-1.96350,-0.78540,0.00000,0.78540,1.17810,2.74889,-2.74889
79.06
-2.74889,-1.57080,-0.78540,0.39270,1.96350,3.14159,-2.74889,-1.17810,0.00000,1.17810,1.96350,3.14159,-2.74889,-1.57080,-1.57080,-0.39270,0.78540,1.96350,-2.74889,-2.74889,-1.17810,0.00000,1.17810,1.96350,-2.74889,-1.96350,-1.57080,0.00000,1.17810,1.17810,2.74889,-2.74889
79.56
-2.74889,-1.96350,-0.39270,0.39270,1.96350,3.14159,-2.74889,-1.17810,0.00000,1.17810,1.96350,3.14159,-2.74889,-1.96350,-1.57080,-0.39270,0.78540,1.96350,-2.74889,-2.74889,-1.57080,0.00000,1.17810,1.96350,-2.74889,-1.96350,-1.17810,0.39270,0.78540,1.57080,2.35619,-2.74889
80.21
-2.74889,-1.96350,-0.39270,0.78540,1.57080,3.14159,-2.74889,-1.17810,0.00000,1.17810,1.96350,3.14159,-2.74889,-1.57080,-1.17810,-0.39270,0.78540,1.96350,-2.74889,-2.74889,-1.17810,0.00000,1.17810,1.96350,-2.74889,-2.35619,-0.78540,0.39270,0.78540,1.17810,2.35619,-2.74889
80.34
-2.74889,-1.57080,-0.78540,0.78540,1.96350,3.14159,-2.74889,-0.78540,0.00000,0.78540,2.35619,3.14159,-2.74889,-1.57080,-0.78540,-0.39270,0.78540,1.96350,-2.74889,-2.74889,-1.17810,0.00000,1.17810,2.35619,-2.74889,-1.96350,-0.78540,0.00000,0.78540,1.96350,2.35619,-2.74889
80.63
-2.74889,-1.57080,-0.39270,0.78540,1.96350,3.14159,-2.74889,-1.17810,0.00000,0.78540,1.96350,3.14159,-2.74889,-1.17810,-1.17810,-0.39270,0.78540,1.96350,-2.74889,-2.35619,-1.17810,0.00000,1.17810,2.35619,-2.74889,-2.35619,-1.17810,0.39270,0.78540,1.57080,2.74889,-2.74889
80.76
-2.74889,-1.57080,-0.39270,0.78540,1.96350,3.14159,-2.74889,-1.17810,0.00000,0.78540,1.96350,3.14159,-2.74889,-1.57080,-1.17810,0.00000,0.78540,1.96350,-2.74889,-2.74889,-1.17810,0.00000,1.17810,1.96350,-2.74889,-1.96350,-0.78540,0.00000,0.78540,1.17810,2.35619,-2.74889
80.76
-2.74889,-1.57080,-0.39270,0.78540,1.57080,3.14159,-2.74889,-1.17810,0.00000,1.17810,2.35619,3.14159,-2.74889,-1.96350,-1.17810,-0.78540,0.78540,1.96350,-2.74889,-2.74889,-1.17810,0.00000,1.17810,2.35619,-2.74889,-1.96350,-0.78540,0.39270,1.17810,1.57080,2.35619,-2.74889
80.83
-2.74889,-1.57080,-0.39270,0.78540,1.96350,3.14159,-2.74889,-1.17810,0.00000,1.17810,1.96350,3.14159,-2.74889,-1.57080,-0.78540,-0.39270,0.78540,1.96350,-2.74889,-2.74889,-1.17810,0.00000,1.17810,2.74889,-2.74889,-1.96350,-0.78540,0.39270,1.17810,1.17810,2.35619,-2.74889
80.93
-2.74889,-1.57080,-0.78540,0.78540,1.57080,3.14159,-2.74889,-1.17810,0.00000,1.17810,1.96350,3.14159,-2.74889,-1.57080,-1.17810,-0.39270,0.78540,1.96350,-2.74889,-2.74889,-1.17810,0.00000,1.17810,2.35619,-2.74889,-1.96350,-0.78540,0.39270,1.57080,1.57080,2.35619,-2.74889
80.95
-2.74889,-1.57080,-0.39270,0.78540,1.96350,3.14159,-2.74889,-1.17810,0.00000,1.17810,1.96350,3.14159,-2.74889,-1.96350,-0.78540,-0.39270,0.78540,1.96350,-2.74889,-2.74889,-1.17810,-0.39270,1.17810,2.35619,-2.74889,-1.96350,-0.78540,0.39270,1.17810,1.57080,2.35619,-2.74889
81.01
-2.74889,-1.57080,-0.78540,0.78540,1.96350,3.14159,-2.74889,-1.17810,0.00000,1.17810,2.35619,3.14159,-2.74889,-1.57080,-0.78540,-0.39270,0.78540,1.96350,-2.74889,-2.74889,-1.17810,0.00000,1.17810,2.35619,-2.74889,-1.96350,-1.17810,0.39270,0.78540,1.57080,2.35619,-2.74889
81.10
-2.74889,-1.17810,-0.39270,0.78540,1.96350,3.14159,-2.74889,-1.17810,0.00000,0.78540,1.96350,3.14159,-2.74889,-1.57080,-1.17810,-0.39270,0.78540,1.96350,-2.74889,-2.35619,-1.57080,0.00000,1.17810,2.35619,-2.74889,-1.96350,-0.78540,0.00000,1.17810,1.57080,2.35619,-2.74889
81.16
-2.74889,-1.57080,-0.39270,0.78540,1.57080,3.14159,-2.74889,-1.17810,0.00000,0.78540,1.96350,3.14159,-2.74889,-1.57080,-0.78540,-0.39270,0.78540,1.96350,-2.74889,-2.74889,-1.17810,0.00000,1.17810,2.35619,-2.74889,-1.96350,-0.78540,0.00000,0.78540,1.57080,2.35619,-2.74889
81.24
-2.74889,-1.57080,-0.39270,0.78540,2.35619,3.14159,-2.74889,-1.17810,0.00000,1.17810,2.35619,3.14159,-2.74889,-1.96350,-1.17810,0.00000,0.78540,1.96350,-2.74889,-2.35619,-1.17810,0.00000,1.17810,2.35619,-2.74889,-1.57080,-0.78540,0.39270,1.17810,1.96350,2.35619,-2.74889
81.61
-2.74889,-1.57080,-0.39270,0.78540,1.96350,3.14159,-2.74889,-1.17810,0.00000,1.17810,2.35619,3.14159,-2.74889,-1.57080,-1.17810,-0.39270,0.39270,1.96350,-2.74889,-2.35619,-1.17810,0.00000,1.17810,1.96350,-2.74889,-1.57080,-0.78540,0.39270,1.17810,1.57080,2.35619,-2.74889
82.26
-2.74889,-1.57080,-0.39270,0.78540,1.96350,3.14159,-2.74889,-1.17810,0.00000,1.17810,1.96350,3.14159,-2.74889,-1.17810,-0.78540,-0.39270,0.78540,1.96350,-2.74889,-2.35619,-1.17810,0.00000,1.17810,2.35619,-2.74889,-1.57080,-0.78540,0.39270,1.17810,1.57080,2.35619,-2.74889
82.28
-2.74889,-1.57080,-0.39270,0.78540,1.96350,2.74889,-2.74889,-1.17810,0.00000,1.17810,2.35619,3.14159,-2.74889,-1.57080,-1.17810,0.00000,0.78540,1.96350,-2.74889,-2.35619,-1.17810,0.00000,1.17810,2.35619,-2.74889,-1.96350,-0.78540,0.00000,1.17810,1.17810,2.35619,-2.74889
83.01
-2.74889,-1.57080,-0.39270,0.78540,1.96350,3.14159,-2.35619,-0.78540,0.00000,1.17810,2.35619,3.14159,-2.74889,-1.57080,-1.17810,0.00000,0.78540,1.96350,-2.74889,-2.35619,-1.17810,0.00000,1.17810,2.35619,-2.74889,-1.57080,-0.78540,0.00000,1.17810,1.57080,2.35619,-2.74889
83.14
-2.74889,-1.57080,-0.39270,0.78540,1.96350,3.14159,-2.35619,-1.17810,0.00000,1.17810,1.96350,3.14159,-2.74889,-1.17810,-1.17810,0.00000,0.78540,1.96350,-2.74889,-2.35619,-1.17810,0.00000,1.17810,2.35619,-2.74889,-1.96350,-0.78540,0.39270,1.17810,1.57080,1.96350,-2.74889
83.49
-2.74889,-1.57080,-0.39270,0.78540,1.96350,2.74889,-2.35619,-1.17810,0.00000,1.17810,2.35619,3.14159,-2.74889,-1.57080,-0.78540,-0.39270,0.78540,1.96350,-2.74889,-2.35619,-1.17810,0.00000,1.17810,2.35619,-2.74889,-1.96350,-0.78540,0.39270,1.17810,1.57080,2.35619,-2.74889
83.51
-2.74889,-1.57080,-0.39270,0.78540,1.96350,3.14159,-2.35619,-1.17810,0.00000,1.17810,2.35619,3.14159,-2.74889,-1.57080,-0.78540,0.00000,0.78540,1.96350,-2.74889,-1.96350,-1.17810,0.00000,1.17810,2.35619,-2.74889,-1.57080,-0.78540,0.39270,1.17810,1.57080,2.35619,-2.74889
83.52
-2.74889,-1.57080,-0.39270,0.78540,1.96350,2.74889,-2.35619,-1.17810,0.00000,1.17810,2.35619,3.14159,-2.74889,-1.57080,-0.78540,0.00000,0.78540,1.96350,-2.74889,-2.35619,-1.17810,0.00000,1.17810,2.35619,-2.74889,-1.96350,-0.78540,0.39270,1.17810,1.57080,2.35619,-2.74889
83.55
-2.74889,-1.57080,-0.39270,0.78540,1.96350,3.14159,-2.35619,-1.17810,0.00000,1.17810,2.35619,3.14159,-2.74889,-1.57080,-0.78540,0.00000,0.78540,1.96350,-2.74889,-1.96350,-1.17810,0.00000,1.17810,2.35619,-2.74889,-1.96350,-0.78540,0.39270,1.17810,1.57080,2.35619,-2.74889
83.59
-2.74889,-1.57080,-0.39270,0.78540,1.96350,3.14159,-2.35619,-1.17810,0.00000,1.17810,2.35619,3.14159,-2.74889,-1.57080,-0.78540,0.00000,0.78540,1.96350,-2.74889,-2.35619,-1.17810,0.00000,1.17810,2.35619,-2.74889,-1.96350,-0.78540,0.39270,1.17810,1.57080,2.35619,-2.74889
83.62
-2.35619,-1.57080,-0.39270,0.78540,1.96350,3.14159,-2.35619,-1.17810,0.00000,1.17810,2.35619,3.14159,-2.74889,-1.57080,-0.78540,-0.39270,0.78540,1.96350,-2.74889,-1.96350,-1.17810,0.00000,1.17810,2.35619,-2.74889,-1.96350,-0.78540,0.39270,1.17810,1.57080,2.35619,-2.74889
83.67
-2.35619,-1.57080,-0.39270,0.78540,1.96350,3.14159,-2.35619,-1.17810,0.00000,1.17810,2.35619,3.14159,-2.74889,-1.57080,-0.78540,-0.39270,0.78540,1.96350,-2.74889,-2.35619,-1.17810,0.00000,1.17810,2.35619,-2.74889,-1.96350,-0.78540,0.39270,1.17810,1.57080,2.35619,-2.74889
83.71
-2.35619,-1.57080,-0.39270,0.78540,1.96350,3.14159,-2.35619,-1.17810,0.00000,1.17810,2.35619,3.14159,-2.74889,-1.57080,-0.78540,0.00000,0.78540,1.96350,-2.74889,-1.96350,-1.17810,0.00000,1.17810,2.35619,-2.74889,-1.96350,-0.78540,0.39270,1.17810,1.57080,2.35619,-2.74889
