11.42
0.39270,-0.39270,-0.78540,-0.78540,-0.39270,0.00000,0.39270,0.39270,0.78540,-0.78540,-0.39270,-0.78540,0.39270,0.39270,0.39270,0.00000,0.78540,0.78540,-0.78540,-0.39270,0.00000,0.00000,0.39270,0.78540,-0.78540,-0.78540,0.00000,0.00000,0.39270,0.00000,0.00000,0.78540
93.81
0.39270,1.57080,-2.35619,-2.74889,-1.17810,0.00000,0.39270,1.17810,2.74889,-2.74889,-1.17810,-0.78540,0.39270,0.39270,0.00000,0.39270,2.74889,2.74889,-1.57080,-0.78540,-0.39270,0.39270,1.17810,2.74889,-2.74889,-1.57080,0.00000,0.00000,0.78540,0.78540,1.17810,2.74889
104.74
1.57080,2.35619,-2.74889,-2.74889,-0.78540,-0.39270,0.78540,1.96350,3.14159,-2.74889,-1.96350,-0.78540,0.78540,0.78540,0.78540,1.17810,3.14159,3.14159,-1.96350,-1.17810,0.00000,1.17810,1.96350,3.14159,-2.74889,-1.96350,-0.78540,0.00000,0.78540,1.17810,1.96350,3.14159
104.85
1.57080,2.74889,-2.74889,-1.96350,-0.78540,0.00000,1.17810,1.96350,3.14159,-2.35619,-1.17810,-0.39270,0.00000,0.78540,1.17810,-2.74889,-2.74889,3.14159,-1.57080,-0.78540,0.39270,1.17810,2.35619,3.14159,-2.74889,-1.17810,-0.39270,0.39270,1.17810,1.57080,1.96350,3.14159
104.89
1.57080,2.35619,-2.74889,-1.96350,-0.78540,0.00000,1.17810,1.96350,3.14159,-2.35619,-1.17810,-0.78540,0.00000,0.78540,1.17810,-2.74889,-2.74889,3.14159,-1.96350,-0.78540,0.00000,1.17810,1.96350,3.14159,-2.74889,-1.17810,-0.39270,0.39270,1.17810,1.57080,1.96350,3.14159
105.01
1.96350,2.74889,-2.74889,-1.57080,-0.78540,0.39270,1.17810,1.96350,3.14159,-2.35619,-1.17810,-0.39270,0.39270,0.78540,1.17810,-2.74889,-2.74889,3.14159,-1.57080,-0.78540,0.39270,1.17810,2.35619,3.14159,-2.74889,-1.17810,-0.39270,0.39270,1.17810,1.57080,1.96350,3.14159
105.07
1.57080,2.35619,-2.74889,-1.96350,-0.78540,0.00000,1.17810,1.96350,3.14159,-2.35619,-1.57080,-0.39270,0.00000,0.78540,1.17810,-2.74889,-2.74889,3.14159,-1.96350,-0.78540,0.00000,1.17810,1.96350,3.14159,-2.74889,-1.17810,-0.39270,0.39270,1.17810,1.57080,1.96350,2.74889
105.09
1.57080,2.35619,-2.74889,-1.96350,-0.78540,0.00000,1.17810,1.96350,3.14159,-2.35619,-1.57080,-0.78540,0.00000,0.78540,1.17810,-2.74889,-2.74889,3.14159,-1.57080,-0.78540,0.00000,1.17810,1.96350,3.14159,-2.74889,-1.17810,-0.39270,0.39270,1.17810,1.57080,1.96350,2.74889
105.11
1.57080,2.35619,-2.74889,-1.96350,-0.78540,0.00000,1.17810,1.96350,3.14159,-2.35619,-1.57080,-0.78540,0.00000,0.78540,1.17810,-2.74889,-2.74889,3.14159,-1.96350,-0.78540,0.00000,1.17810,1.96350,3.14159,-2.74889,-1.17810,-0.39270,0.39270,1.17810,1.57080,1.96350,2.74889
105.20
1.96350,2.74889,-2.74889,-1.57080,-0.78540,0.39270,1.17810,2.35619,3.14159,-1.96350,-1.17810,-0.39270,0.39270,0.78540,1.17810,-2.74889,-2.74889,3.14159,-1.57080,-0.78540,0.39270,1.17810,2.35619,3.14159,-2.74889,-1.17810,-0.39270,0.39270,1.17810,1.96350,2.35619,3.14159
105.26
1.96350,2.74889,-2.74889,-1.57080,-0.78540,0.39270,1.17810,2.35619,3.14159,-1.96350,-1.17810,-0.39270,0.39270,0.78540,1.17810,-2.74889,-2.74889,3.14159,-1.57080,-0.78540,0.39270,1.17810,2.35619,3.14159,-2.74889,-1.17810,-0.39270,0.78540,1.17810,1.96350,2.35619,3.14159
106.16
1.17810,2.74889,-2.74889,-1.96350,-0.78540,0.00000,1.17810,1.96350,3.14159,-2.35619,-1.17810,-0.39270,0.39270,1.17810,1.17810,2.35619,2.74889,3.14159,-1.17810,-0.78540,0.00000,1.17810,1.96350,3.14159,-2.74889,-0.78540,0.00000,0.78540,0.78540,0.39270,1.57080,2.74889
106.24
1.17810,2.74889,-2.74889,-1.57080,-0.78540,0.39270,1.17810,1.96350,3.14159,-2.35619,-1.17810,-0.39270,0.39270,1.17810,1.17810,2.74889,2.74889,3.14159,-1.57080,-0.78540,0.00000,1.17810,1.96350,3.14159,-2.74889,-0.78540,-0.39270,0.78540,0.78540,0.39270,1.57080,2.74889
106.41
1.17810,2.74889,-2.74889,-1.57080,-0.78540,0.39270,1.17810,2.35619,3.14159,-2.35619,-1.17810,-0.39270,0.39270,1.17810,1.17810,2.74889,2.74889,3.14159,-1.57080,-0.78540,0.39270,0.78540,1.96350,3.14159,-2.74889,-0.78540,-0.39270,0.78540,1.17810,0.78540,1.57080,2.74889
107.00
1.17810,2.74889,-2.74889,-1.57080,-0.78540,0.39270,1.17810,2.35619,3.14159,-2.35619,-0.78540,0.00000,0.39270,1.17810,1.17810,2.35619,2.74889,3.14159,-1.57080,-0.78540,0.39270,1.17810,1.96350,3.14159,-2.74889,-0.78540,-0.39270,0.39270,1.17810,0.78540,1.57080,3.14159
107.48
1.57080,2.74889,-2.74889,-1.96350,-0.78540,0.00000,0.78540,1.96350,3.14159,-1.96350,-1.17810,-0.78540,0.39270,0.78540,1.57080,2.74889,3.14159,3.14159,-1.96350,-0.78540,0.00000,0.78540,1.96350,3.14159,-2.74889,-1.57080,0.00000,0.39270,0.78540,1.57080,1.57080,2.74889
107.63
1.57080,2.74889,-2.74889,-1.57080,-0.78540,0.00000,1.17810,1.96350,3.14159,-2.35619,-1.17810,-0.39270,0.39270,0.78540,1.57080,2.74889,2.74889,3.14159,-2.35619,-0.78540,0.00000,1.17810,1.96350,3.14159,-2.74889,-1.17810,-0.39270,0.78540,1.57080,1.17810,1.57080,2.35619
108.04
1.57080,2.74889,-2.74889,-1.57080,-0.78540,0.00000,0.78540,1.96350,3.14159,-2.74889,-1.17810,-0.39270,0.39270,0.78540,1.57080,2.35619,3.14159,3.14159,-1.96350,-0.78540,0.00000,0.78540,1.96350,3.14159,-2.74889,-1.17810,-0.39270,0.78540,0.78540,1.57080,1.57080,2.35619
108.33
1.57080,2.74889,-2.74889,-1.57080,-0.78540,0.00000,1.17810,1.96350,3.14159,-2.74889,-1.57080,-0.78540,0.39270,1.17810,1.57080,1.96350,3.14159,3.14159,-1.96350,-0.78540,0.00000,0.78540,2.35619,3.14159,-2.74889,-1.17810,0.00000,0.39270,1.17810,1.57080,1.57080,2.35619
108.49
1.17810,2.74889,-2.74889,-1.57080,-0.78540,0.00000,1.17810,1.96350,3.14159,-2.74889,-1.57080,-0.78540,0.00000,1.17810,1.57080,1.96350,3.14159,3.14159,-1.96350,-0.78540,0.00000,0.78540,2.35619,3.14159,-2.74889,-1.57080,0.00000,0.39270,1.17810,1.17810,1.96350,2.74889
109.48
1.57080,2.35619,-2.74889,-1.96350,-0.78540,0.00000,0.78540,1.96350,3.14159,-2.74889,-1.57080,-0.78540,0.00000,1.17810,1.17810,1.57080,3.14159,3.14159,-1.96350,-0.78540,0.00000,1.17810,1.57080,3.14159,-2.35619,-1.57080,-0.39270,0.39270,0.78540,0.39270,1.96350,3.14159
110.07
1.57080,2.35619,-2.74889,-1.96350,-0.78540,0.00000,0.78540,1.96350,3.14159,-2.74889,-1.17810,-0.78540,0.00000,1.17810,1.57080,1.17810,2.74889,3.14159,-1.96350,-0.78540,0.00000,0.78540,2.35619,3.14159,-2.74889,-1.17810,-0.39270,0.39270,0.78540,1.17810,1.57080,2.74889
110.75
1.57080,2.35619,-2.74889,-1.96350,-0.78540,0.00000,1.17810,1.96350,3.14159,-2.74889,-1.57080,-0.78540,0.00000,1.17810,1.57080,1.57080,2.74889,3.14159,-1.96350,-0.78540,0.39270,1.17810,1.96350,3.14159,-2.74889,-1.17810,-0.39270,0.78540,0.78540,1.17810,2.35619,2.74889
110.79
1.57080,2.35619,-2.74889,-1.96350,-0.78540,0.00000,0.78540,1.96350,3.14159,-2.74889,-1.17810,-0.78540,0.00000,1.17810,1.57080,1.57080,2.74889,3.14159,-1.96350,-0.78540,0.00000,0.78540,1.96350,3.14159,-2.74889,-1.17810,-0.39270,0.78540,0.78540,1.17810,1.96350,3.14159
111.05
1.57080,2.35619,-2.74889,-1.96350,-0.78540,0.00000,0.78540,1.96350,3.14159,-2.74889,-1.17810,-0.78540,0.00000,1.17810,1.57080,1.57080,2.74889,3.14159,-1.96350,-0.78540,0.00000,1.17810,1.96350,3.14159,-2.74889,-1.17810,-0.39270,0.39270,0.78540,1.17810,1.57080,3.14159
111.06
1.57080,2.35619,-2.74889,-1.96350,-0.78540,0.00000,0.78540,1.57080,3.14159,-2.74889,-1.57080,-0.78540,-0.39270,1.17810,1.17810,1.17810,2.74889,3.14159,-1.96350,-0.78540,0.00000,0.78540,1.96350,3.14159,-2.74889,-1.57080,-0.39270,0.39270,1.17810,1.17810,1.57080,2.74889
111.18
1.57080,2.35619,-2.74889,-1.96350,-0.78540,0.00000,0.78540,1.96350,3.14159,-2.35619,-1.17810,-0.78540,0.00000,0.78540,1.17810,1.57080,3.14159,3.14159,-1.57080,-0.78540,0.00000,1.17810,1.96350,3.14159,-2.74889,-1.17810,-0.39270,0.78540,1.57080,1.17810,1.57080,2.74889
112.14
1.57080,2.35619,-2.74889,-1.96350,-0.78540,0.00000,0.78540,1.57080,2.74889,-2.35619,-1.57080,-0.78540,0.00000,0.78540,1.17810,1.57080,2.74889,3.14159,-1.96350,-0.78540,0.00000,0.78540,1.96350,3.14159,-2.74889,-1.17810,0.00000,0.39270,1.17810,1.17810,1.96350,2.74889
112.15
1.96350,2.35619,-2.74889,-1.96350,-0.78540,0.00000,0.78540,1.96350,3.14159,-2.35619,-1.17810,-0.78540,0.00000,1.17810,1.17810,1.57080,2.74889,3.14159,-1.96350,-0.78540,0.00000,1.17810,1.96350,3.14159,-2.74889,-1.17810,-0.39270,0.39270,1.17810,1.17810,1.96350,3.14159
112.48
1.57080,2.35619,-2.74889,-1.96350,-0.78540,0.00000,1.17810,1.96350,3.14159,-2.35619,-1.17810,-0.78540,0.00000,0.78540,1.17810,1.57080,2.74889,3.14159,-1.96350,-0.78540,0.39270,1.17810,1.96350,3.14159,-2.74889,-1.17810,-0.39270,0.78540,1.17810,1.17810,1.96350,2.74889
112.72
1.57080,2.35619,-2.74889,-1.96350,-0.78540,0.00000,0.78540,1.96350,3.14159,-2.35619,-1.17810,-0.78540,0.00000,1.17810,1.17810,1.96350,2.74889,3.14159,-1.96350,-0.78540,0.00000,1.17810,1.96350,3.14159,-2.74889,-1.17810,-0.39270,0.39270,1.17810,1.17810,1.96350,2.74889
112.75
1.57080,2.35619,-2.74889,-1.96350,-0.78540,0.00000,0.78540,1.96350,2.74889,-2.74889,-1.17810,-0.78540,0.00000,0.78540,1.17810,1.57080,2.74889,3.14159,-1.96350,-0.78540,0.00000,0.78540,1.96350,3.14159,-2.74889,-1.57080,-0.39270,0.39270,1.17810,1.57080,1.57080,2.74889
112.80
1.57080,2.35619,-2.74889,-1.96350,-0.78540,0.00000,0.78540,1.96350,3.14159,-2.74889,-1.57080,-0.78540,0.00000,0.78540,1.17810,1.57080,2.74889,3.14159,-1.96350,-0.78540,0.00000,1.17810,1.96350,3.14159,-2.74889,-1.57080,-0.39270,0.39270,1.17810,1.17810,1.57080,2.74889
112.87
1.57080,2.35619,-2.74889,-1.96350,-0.78540,0.00000,0.78540,1.96350,3.14159,-2.74889,-1.57080,-0.78540,0.00000,0.78540,1.17810,1.96350,2.74889,3.14159,-1.96350,-0.78540,0.00000,1.17810,1.96350,3.14159,-2.74889,-1.17810,-0.39270,0.39270,1.17810,1.57080,1.96350,2.74889
113.15
1.57080,2.35619,-2.74889,-1.96350,-0.78540,0.00000,1.17810,1.96350,3.14159,-2.35619,-1.57080,-0.78540,0.00000,0.78540,1.17810,1.96350,2.74889,3.14159,-1.96350,-0.78540,0.00000,1.17810,1.96350,3.14159,-2.74889,-1.57080,-0.39270,0.39270,1.17810,1.17810,1.57080,2.74889
113.16
1.57080,2.35619,-2.74889,-1.96350,-0.78540,0.00000,0.78540,1.96350,3.14159,-2.35619,-1.57080,-0.78540,0.00000,0.78540,1.17810,1.57080,2.74889,3.14159,-1.96350,-1.17810,0.00000,1.17810,1.96350,3.14159,-2.74889,-1.57080,-0.39270,0.39270,1.17810,1.17810,1.57080,2.74889
113.20
1.57080,2.35619,-2.74889,-1.96350,-0.78540,0.00000,0.78540,1.96350,3.14159,-2.35619,-1.57080,-0.78540,0.00000,0.78540,1.17810,1.57080,2.74889,3.14159,-1.96350,-0.78540,0.00000,1.17810,1.96350,3.14159,-2.74889,-1.17810,-0.39270,0.39270,1.17810,1.17810,1.57080,2.74889
113.57
1.57080,2.35619,-2.74889,-1.96350,-0.78540,0.00000,0.78540,1.96350,3.14159,-2.35619,-1.57080,-0.78540,0.00000,0.78540,1.17810,1.57080,2.74889,3.14159,-1.96350,-0.78540,0.00000,1.17810,1.96350,3.14159,-2.74889,-1.57080,-0.39270,0.39270,1.17810,1.17810,1.96350,2.74889
113.74
1.57080,2.35619,-2.74889,-1.96350,-0.78540,0.00000,0.78540,1.96350,2.74889,-2.35619,-1.57080,-0.78540,0.00000,0.78540,1.17810,1.57080,2.35619,3.14159,-1.96350,-0.78540,0.00000,0.78540,1.96350,3.14159,-2.74889,-1.57080,-0.39270,0.39270,1.17810,1.57080,1.57080,2.74889
113.83
1.57080,2.35619,-2.74889,-1.96350,-0.78540,0.00000,0.78540,1.96350,2.74889,-2.35619,-1.57080,-0.78540,0.00000,0.39270,1.17810,1.57080,2.35619,3.14159,-1.96350,-1.17810,0.00000,0.78540,1.96350,3.14159,-2.74889,-1.57080,-0.39270,0.39270,1.17810,1.17810,1.96350,2.74889
113.88
1.57080,2.35619,-2.74889,-1.96350,-0.78540,0.00000,0.78540,1.96350,2.74889,-2.35619,-1.57080,-0.78540,0.00000,0.78540,1.17810,1.57080,2.35619,3.14159,-1.96350,-1.17810,0.00000,0.78540,1.96350,3.14159,-2.74889,-1.57080,-0.39270,0.39270,1.17810,1.57080,1.96350,2.74889
113.92
1.57080,2.35619,-2.74889,-1.96350,-0.78540,0.00000,0.78540,1.96350,2.74889,-2.35619,-1.57080,-0.78540,0.00000,0.78540,1.17810,1.57080,2.35619,3.14159,-1.96350,-0.78540,0.00000,0.78540,1.96350,3.14159,-2.74889,-1.57080,-0.39270,0.39270,1.17810,1.57080,1.96350,2.74889
113.99
1.57080,2.35619,-2.74889,-1.96350,-1.17810,0.00000,0.78540,1.96350,2.74889,-2.35619,-1.57080,-0.78540,0.00000,0.78540,1.17810,1.57080,2.35619,3.14159,-1.96350,-1.17810,0.00000,0.78540,1.96350,3.14159,-2.74889,-1.57080,-0.39270,0.39270,1.17810,1.57080,1.96350,2.74889
114.07
1.57080,2.35619,-2.74889,-1.96350,-1.17810,0.00000,0.78540,1.96350,2.74889,-2.35619,-1.57080,-0.78540,0.00000,0.39270,1.17810,1.57080,2.35619,3.14159,-1.96350,-1.17810,0.00000,0.78540,1.96350,3.14159,-2.74889,-1.57080,-0.78540,0.39270,1.17810,1.17810,1.96350,2.74889
