8.80
0.39270,0.78540,0.39270,0.78540,-0.78540,0.00000,0.39270,0.39270,0.39270,-0.39270,-0.39270,-0.39270,0.39270,0.78540,0.78540,0.78540,0.78540,-0.39270,-1.17810,0.00000,0.39270,0.39270,-0.78540,-0.39270,-0.78540,0.00000,0.00000,0.78540,0.39270,-0.78540,-0.78540,-0.39270
9.29
0.39270,2.35619,0.39270,-0.39270,-0.39270,0.78540,0.78540,-0.39270,-0.39270,0.00000,0.00000,0.78540,-0.39270,1.17810,1.17810,1.96350,-0.39270,-1.17810,-1.17810,0.39270,0.00000,1.17810,-1.17810,-0.78540,-0.78540,-0.39270,-0.39270,0.39270,1.17810,-1.57080,-1.57080,0.00000
76.48
0.39270,1.57080,2.74889,2.74889,-1.17810,-0.39270,0.78540,0.78540,2.74889,-2.74889,-0.39270,-0.39270,0.39270,1.17810,1.57080,2.74889,2.74889,-2.74889,-1.17810,0.00000,0.39270,1.57080,-2.74889,-2.35619,-0.78540,0.00000,0.39270,2.35619,2.74889,-2.74889,-2.74889,-1.17810
79.12
0.78540,1.96350,3.14159,3.14159,-1.17810,0.00000,0.78540,1.57080,3.14159,-2.74889,-1.17810,-0.78540,0.78540,1.57080,1.96350,3.14159,3.14159,-2.74889,-1.57080,0.00000,0.78540,1.96350,-2.74889,-2.74889,-0.78540,0.00000,1.17810,2.35619,3.14159,-2.74889,-2.74889,-1.17810
79.72
0.78540,2.35619,3.14159,3.14159,-1.57080,-0.78540,0.78540,1.96350,3.14159,-2.74889,-1.17810,-0.78540,0.78540,0.78540,2.35619,2.74889,3.14159,-2.74889,-0.78540,0.00000,0.78540,1.96350,-2.74889,-2.35619,-1.17810,0.78540,1.17810,2.35619,-2.74889,-2.74889,-2.74889,-1.17810
80.34
1.17810,1.57080,3.14159,3.14159,-1.96350,-0.78540,0.78540,1.96350,3.14159,-2.74889,-1.17810,-0.78540,0.39270,0.78540,2.35619,3.14159,3.14159,-2.74889,-1.17810,0.39270,1.17810,2.35619,-2.74889,-1.57080,-0.78540,0.39270,1.17810,2.74889,-2.74889,-2.74889,-2.74889,-1.57080
80.72
0.78540,1.57080,3.14159,3.14159,-2.35619,-0.39270,0.39270,1.96350,3.14159,-2.74889,-1.96350,-0.78540,0.39270,1.57080,1.96350,1.96350,3.14159,-2.74889,-1.17810,0.00000,0.78540,1.57080,-2.74889,-2.35619,-1.17810,0.00000,0.78540,2.35619,-2.74889,-2.74889,-2.74889,-1.57080
80.84
0.78540,1.57080,3.14159,3.14159,-1.96350,-0.39270,0.78540,1.57080,3.14159,-2.74889,-1.96350,-1.17810,0.78540,1.17810,2.35619,2.35619,3.14159,-2.74889,-1.17810,-0.39270,0.78540,2.35619,-2.74889,-1.96350,-0.78540,-0.39270,1.57080,2.35619,-2.74889,-2.74889,-2.74889,-1.57080
80.85
0.39270,1.57080,3.14159,3.14159,-1.57080,-0.78540,0.39270,1.96350,3.14159,-2.74889,-1.96350,-0.39270,0.78540,1.57080,1.57080,3.14159,3.14159,-2.74889,-1.17810,0.00000,0.78540,1.57080,-2.74889,-2.35619,-1.17810,0.00000,1.17810,2.35619,-2.74889,-2.74889,-2.74889,-1.57080
81.33
0.78540,1.57080,3.14159,3.14159,-1.57080,-0.78540,0.39270,1.96350,3.14159,-2.74889,-1.17810,-1.17810,0.78540,0.78540,2.35619,2.35619,3.14159,-2.74889,-0.78540,-0.39270,1.17810,1.96350,-2.74889,-1.57080,-1.17810,0.00000,1.17810,1.96350,-2.35619,-2.74889,-2.74889,-1.57080
83.86
0.39270,1.57080,3.14159,3.14159,-1.17810,-0.39270,0.78540,1.96350,3.14159,-2.74889,-1.57080,-0.78540,0.78540,0.78540,1.96350,2.74889,3.14159,-1.96350,-1.17810,0.00000,0.78540,2.35619,-2.74889,-2.35619,-1.17810,0.39270,1.17810,2.35619,-2.74889,-2.74889,-2.74889,-1.96350
84.47
0.39270,1.57080,3.14159,3.14159,-1.57080,-0.39270,0.39270,1.57080,3.14159,-2.74889,-1.17810,-0.78540,0.39270,1.17810,1.57080,2.74889,3.14159,-2.74889,-1.17810,0.00000,1.17810,1.96350,-2.74889,-1.96350,-1.17810,0.00000,1.17810,2.74889,-2.74889,-2.74889,-2.74889,-1.57080
84.79
0.39270,1.57080,3.14159,3.14159,-1.96350,-0.39270,0.39270,1.57080,3.14159,-2.74889,-1.57080,-0.78540,0.00000,0.78540,1.96350,2.74889,3.14159,-1.96350,-1.17810,0.00000,1.17810,1.96350,-2.74889,-1.57080,-0.78540,0.00000,1.17810,1.96350,-2.74889,-2.74889,-2.74889,-1.96350
84.99
0.78540,1.96350,3.14159,3.14159,-1.57080,-0.39270,0.39270,1.57080,3.14159,-2.74889,-1.57080,-0.39270,0.00000,0.78540,1.57080,1.96350,3.14159,-2.74889,-1.17810,0.00000,1.17810,1.96350,-2.74889,-2.35619,-1.17810,0.00000,1.17810,1.96350,-2.74889,-2.74889,-2.74889,-1.57080
85.02
0.78540,1.57080,3.14159,3.14159,-1.57080,-0.39270,0.78540,1.57080,3.14159,-2.74889,-1.57080,-0.78540,0.39270,0.78540,1.96350,2.74889,3.14159,-2.74889,-1.17810,0.00000,0.78540,1.96350,-2.74889,-1.96350,-1.17810,0.00000,1.17810,2.35619,-2.74889,-2.74889,-2.74889,-1.57080
85.12
0.39270,1.57080,3.14159,3.14159,-1.57080,-0.39270,0.39270,1.57080,3.14159,-2.74889,-1.57080,-0.78540,0.39270,0.78540,1.57080,2.35619,3.14159,-2.74889,-1.17810,-0.39270,0.78540,2.35619,-2.74889,-1.96350,-0.78540,0.00000,0.78540,2.35619,-2.74889,-2.74889,-2.74889,-1.57080
85.27
0.78540,1.96350,3.14159,3.14159,-1.57080,-0.39270,0.78540,1.57080,3.14159,-2.74889,-1.57080,-0.39270,0.39270,0.78540,1.96350,1.96350,3.14159,-2.74889,-0.78540,0.00000,1.17810,2.35619,-2.74889,-1.96350,-0.78540,0.00000,1.17810,2.35619,-2.74889,-2.74889,-2.74889,-1.57080
85.36
0.78540,1.57080,3.14159,3.14159,-1.57080,-0.39270,0.78540,1.57080,3.14159,-2.74889,-1.57080,-0.39270,0.39270,0.78540,1.57080,2.35619,3.14159,-2.74889,-0.78540,0.39270,0.78540,2.35619,-2.74889,-1.96350,-0.78540,0.00000,1.17810,1.96350,-2.74889,-2.74889,-2.74889,-1.57080
85.87
0.39270,1.57080,3.14159,3.14159,-1.57080,-0.39270,0.78540,1.57080,3.14159,-2.74889,-1.17810,-0.78540,0.39270,0.78540,1.96350,2.35619,3.14159,-2.35619,-1.17810,0.00000,0.78540,2.35619,-2.74889,-1.96350,-0.78540,0.00000,0.78540,1.96350,-2.74889,-2.74889,-2.74889,-1.96350
86.00
0.78540,1.17810,3.14159,3.14159,-1.57080,-0.39270,0.78540,1.57080,3.14159,-2.74889,-1.57080,-0.78540,0.39270,0.78540,1.96350,1.96350,3.14159,-2.35619,-1.17810,0.00000,1.17810,1.96350,-2.74889,-1.57080,-0.78540,0.00000,1.17810,1.96350,-2.74889,-2.74889,-2.74889,-1.57080
86.27
0.39270,1.57080,3.14159,3.14159,-1.57080,-0.39270,0.78540,1.57080,3.14159,-2.74889,-1.57080,-0.78540,0.00000,0.78540,1.96350,1.96350,3.14159,-2.35619,-1.17810,0.00000,1.17810,1.96350,-2.74889,-1.57080,-0.78540,0.00000,1.17810,1.96350,-2.74889,-2.74889,-2.74889,-1.57080
86.49
0.78540,1.57080,3.14159,3.14159,-1.57080,-0.39270,0.39270,1.96350,3.14159,-2.74889,-1.17810,-0.78540,0.00000,0.78540,1.96350,1.96350,3.14159,-1.96350,-1.17810,0.00000,1.17810,2.35619,-2.74889,-1.96350,-0.78540,0.00000,1.17810,1.96350,-2.74889,-2.74889,-2.74889,-1.57080
86.55
0.78540,1.96350,3.14159,3.14159,-1.57080,-0.39270,0.78540,1.57080,3.14159,-2.74889,-1.17810,-0.39270,0.39270,1.17810,1.96350,1.96350,3.14159,-2.35619,-0.78540,0.00000,1.17810,2.35619,-2.74889,-1.96350,-0.78540,0.00000,1.17810,1.96350,-2.74889,-2.74889,-2.74889,-1.57080
86.67
0.78540,1.57080,3.14159,3.14159,-1.57080,-0.39270,0.78540,1.57080,3.14159,-2.74889,-1.57080,-0.78540,0.39270,0.78540,1.57080,2.35619,3.14159,-2.35619,-1.17810,0.00000,1.17810,2.35619,-2.74889,-1.96350,-0.78540,0.00000,0.78540,2.35619,-2.74889,-2.74889,-2.74889,-1.17810
86.69
0.39270,1.57080,3.14159,3.14159,-1.57080,-0.39270,0.78540,1.57080,3.14159,-2.74889,-1.57080,-0.39270,0.39270,1.17810,1.96350,1.96350,3.14159,-2.35619,-1.17810,0.00000,1.17810,2.35619,-2.74889,-1.96350,-0.78540,0.00000,1.17810,2.35619,-2.74889,-2.74889,-2.74889,-1.57080
86.77
0.78540,1.57080,3.14159,3.14159,-1.57080,-0.39270,0.78540,1.57080,3.14159,-2.74889,-1.57080,-0.78540,0.00000,1.17810,1.57080,2.35619,3.14159,-2.35619,-0.78540,0.00000,1.17810,2.35619,-2.74889,-1.96350,-0.78540,0.00000,0.78540,1.96350,-2.74889,-2.74889,-2.74889,-1.57080
86.96
0.78540,1.57080,3.14159,3.14159,-1.17810,-0.39270,0.78540,1.57080,3.14159,-2.74889,-1.17810,-0.39270,0.39270,0.78540,1.96350,2.35619,3.14159,-1.96350,-1.17810,0.00000,1.17810,1.96350,-2.74889,-1.96350,-0.78540,0.00000,1.17810,2.35619,-2.74889,-2.74889,-2.74889,-1.57080
87.07
0.78540,1.57080,3.14159,3.14159,-1.57080,-0.39270,0.78540,1.57080,3.14159,-2.35619,-1.17810,-0.39270,0.00000,1.17810,1.57080,2.35619,3.14159,-2.35619,-1.17810,0.00000,1.17810,2.35619,-2.74889,-1.57080,-0.78540,0.00000,1.17810,1.96350,-2.74889,-2.74889,-2.74889,-1.57080
87.36
0.78540,1.57080,2.74889,3.14159,-1.57080,-0.39270,0.78540,1.57080,3.14159,-2.74889,-1.57080,-0.78540,0.39270,1.17810,1.57080,2.74889,3.14159,-1.96350,-0.78540,0.00000,1.17810,2.35619,-2.74889,-1.96350,-1.17810,0.00000,1.17810,2.35619,-2.74889,-2.74889,-2.74889,-1.17810
87.38
0.39270,1.57080,3.14159,3.14159,-1.57080,-0.39270,0.78540,1.57080,2.74889,-2.74889,-1.57080,-0.39270,0.39270,0.78540,1.57080,1.96350,3.14159,-1.96350,-1.17810,0.00000,1.17810,1.96350,-2.74889,-1.96350,-0.78540,0.39270,1.17810,2.35619,-2.74889,-2.74889,-2.74889,-1.57080
87.43
0.78540,1.57080,3.14159,3.14159,-1.57080,-0.39270,0.78540,1.96350,3.14159,-2.35619,-1.17810,-0.39270,0.00000,1.17810,1.57080,1.96350,3.14159,-1.96350,-0.78540,0.00000,1.17810,2.35619,-2.74889,-1.57080,-0.78540,0.39270,1.17810,1.96350,-2.74889,-2.74889,-2.74889,-1.17810
88.07
0.78540,1.57080,2.74889,3.14159,-1.57080,-0.39270,0.78540,1.96350,3.14159,-2.74889,-1.57080,-0.39270,0.39270,1.17810,1.96350,2.35619,3.14159,-1.96350,-0.78540,0.00000,1.17810,2.35619,-2.74889,-1.96350,-0.78540,0.00000,1.17810,1.96350,-2.74889,-2.74889,-2.74889,-1.57080
88.51
0.78540,1.57080,2.74889,3.14159,-1.57080,-0.39270,0.78540,1.57080,2.74889,-2.74889,-1.57080,-0.39270,0.39270,1.17810,1.57080,2.35619,3.14159,-1.96350,-1.17810,0.00000,1.17810,1.96350,-2.74889,-1.96350,-1.17810,0.00000,1.17810,1.96350,-2.74889,-2.74889,-2.74889,-1.17810
88.58
0.78540,1.57080,2.35619,3.14159,-1.57080,-0.39270,0.78540,1.57080,2.74889,-2.74889,-1.57080,-0.39270,0.39270,0.78540,1.57080,1.96350,3.14159,-1.96350,-1.17810,0.00000,0.78540,1.96350,-2.74889,-1.96350,-1.17810,0.00000,1.17810,1.96350,-2.74889,-2.74889,-2.74889,-1.57080
88.66
0.78540,1.57080,2.74889,3.14159,-1.57080,-0.39270,0.39270,1.57080,2.74889,-2.74889,-1.57080,-0.78540,0.39270,1.17810,1.57080,2.35619,3.14159,-1.96350,-0.78540,0.00000,1.17810,1.96350,-2.74889,-1.96350,-0.78540,0.00000,1.17810,1.96350,-2.74889,-2.74889,-2.74889,-1.57080
88.69
0.78540,1.57080,2.74889,3.14159,-1.57080,-0.39270,0.39270,1.57080,2.74889,-2.74889,-1.57080,-0.78540,0.39270,1.17810,1.57080,2.35619,3.14159,-1.96350,-1.17810,0.00000,1.17810,1.96350,-2.74889,-1.96350,-1.17810,0.00000,1.17810,1.96350,-2.74889,-2.74889,-2.74889,-1.57080
88.71
0.78540,1.57080,2.74889,3.14159,-1.57080,-0.39270,0.39270,1.57080,2.74889,-2.74889,-1.57080,-0.78540,0.00000,0.78540,1.57080,1.96350,3.14159,-1.96350,-1.17810,0.00000,1.17810,1.96350,-2.74889,-1.96350,-1.17810,0.00000,1.17810,1.96350,-2.74889,-2.74889,-2.74889,-1.57080
88.77
0.78540,1.57080,2.35619,3.14159,-1.57080,-0.78540,0.39270,1.57080,2.74889,-2.74889,-1.57080,-0.78540,0.00000,0.78540,1.57080,1.96350,3.14159,-1.96350,-1.17810,0.00000,0.78540,1.96350,-2.74889,-1.96350,-1.17810,0.00000,1.17810,1.96350,-2.74889,-2.74889,-2.74889,-1.57080
88.78
0.78540,1.57080,2.35619,3.14159,-1.57080,-0.39270,0.39270,1.57080,2.74889,-2.74889,-1.57080,-0.78540,0.00000,0.78540,1.57080,1.96350,3.14159,-2.35619,-1.17810,0.00000,1.17810,1.96350,-2.74889,-1.96350,-1.17810,0.00000,1.17810,1.96350,-2.74889,-2.74889,-2.74889,-1.57080
88.80
0.39270,1.57080,2.35619,3.14159,-1.57080,-0.78540,0.39270,1.57080,2.74889,-2.74889,-1.57080,-0.78540,0.00000,0.78540,1.57080,1.96350,3.14159,-2.35619,-1.17810,0.00000,1.17810,1.96350,-2.74889,-1.96350,-1.17810,0.00000,1.17810,1.96350,-2.74889,-2.74889,-2.74889,-1.57080
88.86
0.78540,1.57080,2.35619,3.14159,-1.57080,-0.78540,0.39270,1.57080,2.74889,-2.74889,-1.57080,-0.78540,0.00000,0.78540,1.57080,1.96350,3.14159,-2.35619,-1.17810,0.00000,0.78540,1.96350,-2.74889,-1.96350,-1.17810,0.00000,1.17810,1.96350,-2.74889,-2.74889,-2.74889,-1.57080
88.88
0.39270,1.57080,2.74889,3.14159,-1.57080,-0.39270,0.39270,1.57080,2.74889,-2.74889,-1.57080,-0.78540,0.00000,0.78540,1.57080,1.96350,3.14159,-1.96350,-1.17810,0.00000,0.78540,1.96350,-2.74889,-1.96350,-1.17810,0.00000,1.17810,1.96350,-2.74889,-2.74889,-2.74889,-1.57080
88.98
0.39270,1.17810,2.35619,3.14159,-1.57080,-0.78540,0.39270,1.57080,2.74889,-2.74889,-1.57080,-0.78540,0.00000,0.78540,1.57080,1.96350,2.74889,-2.35619,-1.17810,0.00000,0.78540,1.96350,-2.74889,-1.96350,-1.17810,0.00000,0.78540,1.96350,-2.74889,-2.74889,-2.74889,-1.57080
89.13
0.39270,1.57080,2.35619,3.14159,-1.57080,-0.39270,0.39270,1.57080,2.74889,-2.74889,-1.57080,-0.78540,0.00000,0.78540,1.57080,1.96350,3.14159,-2.35619,-1.17810,0.00000,0.78540,1.96350,-2.74889,-1.96350,-1.17810,0.00000,0.78540,1.96350,-2.74889,-2.74889,-2.74889,-1.57080
