10.71
-0.78540,-0.39270,-0.39270,0.00000,0.78540,0.78540,-0.39270,-0.78540,0.00000,0.39270,0.39270,0.00000,-0.78540,-0.39270,-0.78540,0.00000,0.00000,0.39270,0.78540,-0.39270,-0.39270,0.00000,0.39270,0.39270,0.78540,-0.78540,-0.39270,0.00000,0.00000,0.00000,0.78540,-0.78540
67.46
-2.35619,-0.78540,-0.78540,0.39270,1.17810,2.35619,-1.57080,-0.78540,-0.39270,0.78540,1.57080,1.57080,-2.35619,-1.17810,-1.17810,0.00000,0.00000,1.17810,2.35619,-1.96350,-0.78540,0.00000,0.78540,0.78540,1.96350,-0.78540,-0.78540,0.39270,0.39270,0.78540,1.96350,-2.35619
91.93
-2.74889,-1.57080,-0.39270,0.39270,1.57080,3.14159,-2.74889,-1.17810,-0.39270,0.39270,1.96350,3.14159,-2.74889,-1.17810,-0.78540,-0.39270,0.78540,1.96350,3.14159,-2.74889,-1.57080,-0.39270,1.17810,1.57080,3.14159,-1.96350,-1.17810,0.39270,0.78540,1.17810,3.14159,-2.74889
92.00
-2.74889,3.14159,-1.57080,-0.39270,0.78540,1.96350,3.14159,3.14159,-1.17810,0.00000,1.17810,1.96350,-2.74889,-2.74889,-1.57080,-1.17810,-0.39270,0.78540,1.96350,-2.74889,-1.96350,-1.17810,0.00000,1.17810,2.35619,-2.74889,-1.96350,-0.78540,0.00000,0.78540,1.17810,2.35619
92.11
-2.74889,3.14159,-1.57080,-0.39270,0.78540,1.96350,3.14159,3.14159,-1.17810,0.00000,1.17810,1.96350,-2.74889,-2.74889,-1.57080,-1.17810,-0.39270,0.78540,1.96350,-2.74889,-2.35619,-1.17810,0.00000,1.17810,2.35619,-2.74889,-1.96350,-0.78540,0.00000,0.78540,1.17810,2.35619
92.13
-2.74889,3.14159,-1.57080,-0.39270,0.78540,1.96350,3.14159,3.14159,-1.17810,0.00000,1.17810,1.96350,-2.74889,-2.74889,-1.96350,-1.17810,-0.39270,0.78540,1.96350,-2.74889,-2.35619,-1.17810,0.00000,1.17810,2.35619,-2.74889,-1.96350,-0.78540,0.00000,0.78540,1.57080,2.35619
92.36
-2.74889,3.14159,-1.57080,-0.39270,0.78540,1.96350,3.14159,3.14159,-1.17810,0.00000,1.17810,1.96350,-2.74889,-2.74889,-1.96350,-1.17810,-0.39270,0.78540,1.96350,-2.74889,-2.35619,-1.17810,0.00000,1.17810,2.35619,-2.74889,-1.96350,-0.78540,0.00000,0.78540,1.17810,2.35619
92.40
-2.74889,3.14159,-1.57080,-0.39270,0.78540,1.96350,3.14159,3.14159,-1.17810,0.00000,1.17810,1.96350,-2.74889,-2.74889,-1.96350,-1.17810,-0.39270,0.78540,1.96350,-2.74889,-2.35619,-1.17810,0.00000,1.17810,2.35619,-2.74889,-1.96350,-0.78540,0.00000,0.39270,1.17810,2.35619
92.49
-2.74889,3.14159,-1.57080,-0.39270,0.78540,1.96350,3.14159,3.14159,-1.17810,0.00000,1.17810,1.96350,-2.74889,-2.74889,-1.96350,-1.17810,-0.39270,0.78540,1.96350,-2.74889,-2.35619,-1.17810,0.00000,1.17810,2.35619,-2.74889,-1.96350,-0.78540,0.00000,0.39270,1.17810,1.96350
92.59
2.74889,3.14159,-1.57080,-0.39270,0.78540,1.96350,3.14159,3.14159,-1.17810,0.00000,1.17810,1.96350,-2.74889,-2.74889,-1.96350,-1.17810,-0.39270,0.78540,1.96350,-2.74889,-1.96350,-1.17810,0.00000,1.57080,2.35619,-2.74889,-1.57080,-1.17810,0.39270,0.78540,0.78540,2.35619
92.60
3.14159,3.14159,-1.57080,-0.39270,0.78540,1.96350,3.14159,3.14159,-1.17810,0.00000,0.78540,1.96350,-2.74889,-2.74889,-1.96350,-1.17810,-0.39270,0.78540,1.57080,-2.74889,-2.35619,-1.17810,0.00000,1.17810,2.35619,-2.74889,-1.96350,-1.17810,0.39270,0.78540,1.17810,2.35619
92.67
3.14159,3.14159,-1.57080,-0.39270,0.78540,1.96350,3.14159,3.14159,-1.17810,0.00000,0.78540,1.96350,-2.74889,-2.74889,-1.96350,-1.17810,-0.39270,0.78540,1.57080,-2.74889,-2.35619,-1.17810,0.00000,1.17810,2.35619,-2.74889,-1.96350,-1.17810,0.39270,0.39270,1.17810,2.35619
93.16
3.14159,3.14159,-1.57080,-0.39270,0.78540,1.96350,3.14159,3.14159,-1.17810,0.00000,0.78540,1.96350,-2.74889,-2.74889,-1.96350,-1.17810,-0.39270,0.78540,1.96350,-2.74889,-2.35619,-1.17810,0.00000,1.17810,2.35619,-2.74889,-1.96350,-0.78540,0.39270,0.39270,1.17810,2.35619
93.38
3.14159,3.14159,-1.57080,-0.39270,0.78540,1.96350,3.14159,3.14159,-1.17810,0.00000,1.17810,1.96350,-2.74889,-2.74889,-1.96350,-1.17810,-0.39270,0.78540,1.96350,-2.74889,-2.35619,-1.17810,0.00000,1.17810,2.35619,-2.74889,-1.96350,-0.78540,0.39270,0.39270,1.17810,2.35619
93.52
3.14159,3.14159,-1.57080,-0.39270,0.78540,1.96350,3.14159,3.14159,-1.17810,0.00000,1.17810,1.96350,-2.74889,-2.74889,-1.96350,-1.17810,-0.39270,0.78540,1.96350,-2.74889,-2.35619,-1.17810,0.00000,1.17810,2.35619,-2.74889,-1.96350,-0.78540,0.00000,0.78540,1.17810,2.35619
93.56
3.14159,3.14159,-1.57080,-0.39270,0.78540,1.96350,3.14159,3.14159,-1.17810,0.00000,1.17810,1.96350,-2.74889,-2.74889,-1.96350,-1.17810,-0.39270,0.78540,1.96350,-2.74889,-2.35619,-1.17810,0.00000,1.17810,2.35619,-2.74889,-1.96350,-0.78540,0.00000,0.39270,1.17810,2.35619
93.66
3.14159,3.14159,-1.57080,-0.39270,0.78540,1.96350,3.14159,3.14159,-1.17810,0.00000,1.17810,1.96350,-2.74889,-2.74889,-1.96350,-1.17810,-0.39270,0.78540,1.96350,-2.74889,-2.35619,-1.17810,0.00000,1.17810,2.35619,-2.74889,-1.96350,-0.78540,0.00000,0.39270,1.17810,1.96350
93.78
2.74889,3.14159,-1.57080,-0.39270,0.78540,1.96350,3.14159,3.14159,-1.17810,0.39270,1.17810,1.96350,-2.74889,-2.74889,-1.96350,-1.17810,-0.39270,0.78540,1.96350,-2.74889,-2.35619,-1.17810,0.00000,1.17810,2.35619,-2.74889,-1.96350,-0.78540,0.00000,0.39270,1.17810,1.96350
93.81
2.74889,3.14159,-1.57080,-0.39270,0.78540,1.57080,3.14159,3.14159,-1.17810,0.00000,1.17810,1.96350,-2.74889,-2.74889,-1.96350,-1.17810,-0.39270,0.78540,1.96350,-2.74889,-2.35619,-1.17810,0.00000,1.17810,2.35619,-2.74889,-1.96350,-1.17810,0.00000,0.78540,1.17810,1.96350
93.97
2.74889,3.14159,-1.57080,-0.39270,0.78540,1.96350,3.14159,3.14159,-1.17810,0.00000,1.17810,1.96350,-2.74889,-2.35619,-1.96350,-1.17810,-0.39270,0.78540,1.96350,-2.74889,-2.35619,-1.17810,0.00000,1.17810,2.35619,-2.74889,-1.96350,-0.78540,0.00000,0.78540,1.17810,2.35619
94.01
2.74889,3.14159,-1.57080,-0.39270,0.78540,1.96350,3.14159,3.14159,-1.17810,0.00000,1.17810,1.96350,-2.74889,-2.35619,-1.96350,-1.17810,-0.39270,0.78540,1.96350,-2.74889,-2.35619,-1.17810,0.00000,1.17810,2.35619,-2.74889,-1.96350,-0.78540,0.00000,0.39270,1.17810,2.35619
94.04
2.74889,3.14159,-1.57080,-0.39270,0.78540,1.96350,3.14159,3.14159,-1.17810,0.00000,1.17810,1.96350,-2.74889,-2.74889,-2.35619,-1.17810,-0.39270,0.78540,1.96350,-2.74889,-2.35619,-1.17810,0.00000,1.17810,2.35619,-2.74889,-1.96350,-0.78540,0.00000,0.39270,1.17810,1.96350
94.20
2.74889,3.14159,-1.57080,-0.39270,0.78540,1.96350,3.14159,3.14159,-1.17810,0.00000,1.17810,1.96350,-2.74889,-2.74889,-1.96350,-1.17810,-0.39270,0.78540,1.96350,-2.74889,-2.35619,-1.17810,0.00000,1.17810,2.35619,-2.74889,-1.96350,-0.78540,0.00000,0.39270,1.17810,1.96350
94.23
2.74889,3.14159,-1.57080,-0.39270,0.78540,1.96350,2.74889,3.14159,-1.17810,0.00000,1.17810,1.96350,-2.74889,-2.74889,-1.96350,-1.17810,-0.39270,0.78540,1.96350,-2.74889,-2.35619,-1.17810,0.00000,1.17810,2.35619,-2.74889,-1.96350,-0.78540,0.00000,0.78540,1.17810,1.96350
