9.62
0.39270,0.78540,0.78540,-0.78540,-0.39270,-0.39270,0.39270,0.39270,0.39270,0.78540,0.00000,-0.39270,0.00000,-0.39270,0.78540,0.00000,0.78540,0.78540,-0.39270,-0.39270,0.39270,0.78540,0.78540,-0.78540,-0.78540,0.00000,0.00000,0.39270,0.39270,0.39270,-0.78540,-0.78540
85.58
0.39270,0.78540,2.74889,-2.74889,-1.17810,-0.78540,0.39270,0.78540,2.35619,2.74889,-0.78540,-0.78540,0.39270,-0.39270,0.78540,1.17810,2.74889,2.74889,-1.17810,-0.39270,0.39270,1.17810,2.74889,-2.74889,-1.57080,0.00000,0.00000,0.78540,1.96350,1.96350,-2.74889,-2.74889
88.69
0.39270,1.57080,3.14159,-2.74889,-1.96350,-1.17810,0.78540,1.57080,2.74889,3.14159,-1.96350,-0.78540,0.78540,0.78540,1.96350,1.57080,3.14159,3.14159,-1.96350,-0.39270,0.39270,1.57080,3.14159,-2.74889,-2.35619,-0.39270,0.39270,1.96350,2.35619,3.14159,-2.74889,-2.74889
88.78
0.78540,1.96350,3.14159,-2.74889,-1.17810,-0.39270,0.78540,1.96350,3.14159,3.14159,-0.78540,-1.17810,0.39270,0.78540,0.39270,2.35619,2.74889,3.14159,-1.57080,-1.17810,0.78540,1.57080,3.14159,-2.74889,-1.17810,-0.78540,0.39270,1.57080,2.35619,3.14159,-2.74889,-2.74889
90.16
0.78540,1.57080,3.14159,-2.74889,-1.17810,-0.78540,0.39270,1.57080,3.14159,3.14159,-1.57080,-1.57080,-0.39270,0.78540,1.17810,2.35619,2.74889,3.14159,-1.57080,-1.17810,0.78540,1.17810,3.14159,-2.74889,-1.17810,-0.39270,0.78540,1.96350,2.35619,2.74889,-2.74889,-2.74889
90.49
0.78540,2.35619,3.14159,-2.74889,-1.57080,-0.39270,0.78540,1.17810,3.14159,3.14159,-1.57080,-0.78540,0.00000,1.17810,1.57080,-2.74889,3.14159,-2.74889,-1.57080,-0.39270,0.78540,1.96350,3.14159,-2.74889,-1.57080,-0.39270,0.39270,1.17810,1.96350,2.35619,-2.74889,-2.74889
91.25
0.78540,1.96350,3.14159,-2.74889,-1.57080,-0.39270,0.78540,1.57080,3.14159,3.14159,-1.57080,-0.78540,-0.39270,0.78540,1.96350,-2.74889,3.14159,-2.74889,-1.17810,-0.39270,0.78540,1.57080,3.14159,-2.74889,-1.17810,-0.39270,0.78540,1.96350,1.57080,2.74889,-2.74889,-2.74889
91.87
0.78540,1.96350,3.14159,-2.74889,-1.17810,-0.39270,0.78540,1.96350,3.14159,3.14159,-1.57080,-1.17810,-0.39270,1.17810,1.17810,-2.74889,3.14159,-2.35619,-1.57080,-0.39270,0.78540,1.96350,3.14159,-2.74889,-1.57080,-0.39270,0.39270,1.96350,2.35619,2.74889,-2.74889,-2.74889
92.39
1.17810,1.57080,3.14159,-2.74889,-1.57080,-0.39270,0.78540,1.57080,3.14159,3.14159,-1.57080,-1.17810,-0.39270,0.39270,1.57080,1.57080,3.14159,3.14159,-1.96350,-0.39270,0.78540,1.57080,3.14159,-2.74889,-1.17810,-0.39270,0.00000,1.57080,2.74889,3.14159,-2.74889,-2.74889
92.46
1.17810,1.96350,3.14159,-2.74889,-1.57080,-0.39270,0.78540,1.57080,2.74889,3.14159,-1.57080,-0.39270,0.00000,0.78540,1.96350,-2.74889,3.14159,-2.74889,-1.57080,-0.39270,0.78540,1.57080,3.14159,-2.74889,-1.57080,0.00000,0.39270,1.57080,2.35619,2.74889,-2.74889,-2.74889
94.15
0.78540,1.17810,3.14159,-2.74889,-1.57080,-0.39270,0.39270,1.57080,3.14159,3.14159,-1.96350,-1.17810,-0.39270,1.17810,1.17810,2.35619,2.74889,3.14159,-1.17810,-0.78540,0.78540,1.57080,3.14159,-2.74889,-1.57080,-0.39270,0.39270,1.57080,1.96350,2.74889,-2.74889,-2.74889
94.36
1.17810,1.57080,3.14159,-2.74889,-1.57080,-0.78540,0.39270,1.17810,3.14159,3.14159,-1.96350,-0.78540,-0.39270,1.17810,1.17810,1.96350,3.14159,3.14159,-1.57080,-0.39270,0.78540,1.57080,3.14159,-2.74889,-1.57080,-0.39270,0.39270,1.17810,1.96350,2.74889,-2.74889,-2.74889
94.55
0.78540,1.57080,3.14159,-2.74889,-1.57080,-0.39270,0.39270,1.57080,3.14159,3.14159,-2.35619,-0.78540,-0.39270,1.17810,1.57080,1.96350,3.14159,3.14159,-1.57080,-0.39270,0.78540,1.57080,3.14159,-2.74889,-1.57080,-0.39270,0.39270,1.57080,2.35619,2.74889,-2.74889,-2.74889
95.05
0.78540,1.57080,3.14159,-2.74889,-1.57080,-0.39270,0.39270,1.17810,3.14159,3.14159,-1.96350,-0.78540,-0.39270,0.78540,1.17810,2.35619,3.14159,3.14159,-1.57080,-0.39270,0.78540,1.57080,3.14159,-2.74889,-1.57080,-0.39270,0.39270,1.57080,2.35619,2.74889,-2.74889,-2.74889
95.18
0.78540,1.57080,3.14159,-2.74889,-1.57080,-0.39270,0.78540,1.57080,3.14159,3.14159,-1.96350,-1.17810,0.00000,0.78540,1.17810,1.96350,3.14159,3.14159,-1.17810,-0.39270,0.78540,1.57080,3.14159,-2.74889,-1.17810,-0.39270,0.39270,1.57080,1.96350,3.14159,-2.74889,-2.74889
96.13
0.78540,1.57080,2.74889,-2.74889,-1.57080,-0.39270,0.39270,1.57080,3.14159,3.14159,-1.96350,-1.17810,-0.39270,0.39270,1.57080,2.35619,3.14159,3.14159,-1.57080,-0.39270,0.39270,1.57080,3.14159,-2.74889,-1.57080,-0.39270,0.39270,1.57080,2.35619,2.74889,-2.74889,-2.74889
96.40
0.78540,1.96350,3.14159,-2.35619,-1.17810,-0.39270,0.78540,1.96350,3.14159,3.14159,-1.57080,-0.78540,0.00000,1.17810,1.57080,-2.74889,3.14159,-2.35619,-1.17810,-0.39270,0.78540,1.96350,3.14159,-2.35619,-1.17810,0.00000,0.78540,1.57080,2.35619,2.74889,-2.74889,-1.96350
96.70
0.78540,1.96350,3.14159,-2.74889,-1.17810,-0.39270,0.39270,1.96350,-2.74889,3.14159,-1.57080,-0.78540,0.00000,0.78540,1.96350,2.35619,3.14159,-2.35619,-1.17810,-0.39270,0.78540,1.96350,3.14159,-2.35619,-1.17810,-0.39270,0.78540,1.17810,2.35619,2.74889,-2.74889,-1.96350
96.71
0.78540,1.96350,3.14159,-2.74889,-1.17810,-0.39270,0.78540,1.96350,-2.74889,3.14159,-1.17810,-0.78540,0.00000,1.17810,1.96350,2.35619,3.14159,-2.35619,-1.17810,-0.39270,0.78540,1.96350,3.14159,-2.35619,-1.57080,-0.39270,0.78540,1.17810,2.35619,2.74889,-2.74889,-1.96350
96.73
0.78540,1.96350,3.14159,-2.74889,-1.17810,-0.39270,0.39270,1.96350,-2.74889,3.14159,-1.17810,-0.78540,0.00000,1.17810,1.57080,2.35619,3.14159,-2.35619,-1.17810,-0.39270,0.78540,1.96350,3.14159,-2.35619,-1.17810,-0.39270,0.39270,1.17810,2.35619,2.74889,-2.74889,-1.96350
97.09
0.78540,1.96350,2.74889,-2.35619,-1.17810,-0.39270,0.78540,1.96350,-2.74889,3.14159,-1.17810,-0.78540,0.39270,0.78540,1.17810,2.74889,3.14159,-2.35619,-1.17810,-0.39270,0.78540,1.57080,3.14159,-2.35619,-1.17810,0.00000,0.78540,1.57080,1.96350,3.14159,-2.74889,-1.96350
97.52
0.78540,1.96350,3.14159,-2.35619,-1.17810,-0.39270,0.78540,1.96350,-2.74889,3.14159,-1.17810,-0.78540,0.00000,0.78540,1.57080,2.35619,3.14159,-2.35619,-1.17810,-0.39270,0.78540,1.96350,3.14159,-1.96350,-1.17810,0.00000,0.78540,1.57080,1.96350,3.14159,-2.74889,-1.57080
97.93
0.78540,1.96350,2.74889,-2.35619,-1.17810,-0.39270,0.78540,1.96350,-2.74889,3.14159,-1.17810,-0.78540,0.00000,0.78540,1.57080,1.96350,3.14159,-2.35619,-1.17810,-0.39270,0.78540,1.57080,3.14159,-1.96350,-1.17810,0.00000,0.78540,1.57080,2.35619,3.14159,-2.74889,-1.96350
98.08
0.78540,1.96350,2.74889,-2.35619,-1.17810,-0.39270,0.78540,1.96350,-2.74889,3.14159,-1.57080,-0.78540,0.00000,1.17810,1.96350,2.35619,3.14159,-2.35619,-1.17810,0.00000,0.78540,1.57080,3.14159,-2.35619,-1.17810,-0.39270,0.78540,1.57080,2.35619,3.14159,-2.74889,-1.96350
98.33
0.78540,1.96350,3.14159,-1.96350,-1.17810,-0.39270,0.78540,1.96350,-2.74889,3.14159,-1.17810,-0.39270,0.39270,1.17810,1.57080,2.35619,3.14159,-2.35619,-1.17810,-0.39270,0.78540,1.96350,3.14159,-2.35619,-1.17810,-0.39270,0.78540,1.57080,2.35619,3.14159,-2.74889,-1.96350
98.55
0.78540,1.96350,3.14159,-2.35619,-1.17810,-0.39270,0.78540,1.96350,-2.74889,3.14159,-1.17810,-0.39270,0.00000,1.17810,1.57080,2.35619,3.14159,-2.35619,-1.17810,-0.39270,0.78540,1.96350,3.14159,-2.35619,-1.17810,0.00000,0.78540,1.57080,2.35619,3.14159,-2.74889,-1.96350
98.74
1.17810,1.96350,3.14159,-2.35619,-1.17810,-0.39270,0.78540,1.96350,-2.74889,3.14159,-1.17810,-0.39270,0.39270,1.17810,1.57080,2.35619,3.14159,-2.35619,-1.17810,-0.39270,0.78540,1.96350,3.14159,-2.35619,-1.17810,0.00000,0.78540,1.57080,2.35619,3.14159,-2.74889,-1.96350
98.81
0.78540,1.96350,3.14159,-2.35619,-1.17810,-0.39270,0.78540,1.96350,-2.74889,3.14159,-1.17810,-0.39270,0.39270,1.17810,1.57080,2.35619,3.14159,-2.35619,-1.17810,0.00000,0.78540,1.96350,3.14159,-1.96350,-1.17810,0.00000,0.78540,1.57080,2.35619,3.14159,-2.74889,-1.96350
98.91
0.78540,1.96350,3.14159,-2.35619,-1.17810,-0.39270,0.78540,1.96350,-2.74889,3.14159,-1.17810,-0.39270,0.39270,1.17810,1.57080,2.35619,3.14159,-1.96350,-1.17810,0.00000,0.78540,1.96350,3.14159,-1.96350,-1.17810,0.00000,0.78540,1.57080,2.35619,3.14159,-2.74889,-1.96350
98.94
0.78540,1.96350,2.74889,-2.35619,-1.17810,-0.39270,0.78540,1.96350,-2.74889,3.14159,-1.17810,-0.39270,0.39270,0.78540,1.57080,1.96350,3.14159,-2.35619,-1.17810,-0.39270,0.78540,1.96350,3.14159,-2.35619,-1.17810,-0.39270,0.78540,1.57080,2.35619,3.14159,-2.74889,-1.96350
98.94
0.78540,1.96350,2.74889,-2.35619,-1.17810,-0.39270,0.78540,1.96350,-2.74889,3.14159,-1.57080,-0.39270,0.39270,1.17810,1.57080,2.35619,3.14159,-2.35619,-1.17810,-0.39270,0.78540,1.96350,3.14159,-2.35619,-1.17810,-0.39270,0.78540,1.57080,2.35619,3.14159,-2.74889,-1.96350
99.02
0.78540,1.96350,2.74889,-2.35619,-1.17810,-0.39270,0.78540,1.96350,-2.74889,3.14159,-1.17810,-0.39270,0.39270,1.17810,1.57080,2.35619,3.14159,-2.35619,-1.17810,0.00000,0.78540,1.96350,3.14159,-2.35619,-1.17810,-0.39270,0.78540,1.57080,2.35619,3.14159,-2.74889,-1.96350
99.23
0.78540,1.57080,2.35619,-2.35619,-1.57080,-0.39270,0.39270,1.57080,3.14159,3.14159,-1.57080,-0.78540,0.00000,0.78540,1.57080,1.96350,3.14159,-2.74889,-1.57080,-0.39270,0.39270,1.57080,2.74889,-2.35619,-1.17810,-0.39270,0.39270,1.17810,1.96350,3.14159,-2.74889,-1.96350
99.33
1.17810,1.96350,3.14159,-2.74889,-1.17810,-0.39270,0.78540,1.57080,3.14159,3.14159,-1.57080,-0.39270,0.39270,0.78540,1.57080,2.35619,3.14159,-2.35619,-1.17810,-0.39270,0.78540,1.96350,2.74889,-2.35619,-1.17810,-0.39270,0.78540,1.57080,2.35619,3.14159,-2.74889,-1.96350
99.55
0.78540,1.96350,3.14159,-2.35619,-1.17810,-0.39270,0.78540,1.57080,3.14159,3.14159,-1.57080,-0.39270,0.00000,1.17810,1.57080,2.35619,3.14159,-2.35619,-1.17810,-0.39270,0.78540,1.96350,2.74889,-2.35619,-1.17810,-0.39270,0.78540,1.57080,2.74889,3.14159,-2.74889,-2.35619
99.66
1.17810,1.57080,3.14159,-2.35619,-1.17810,-0.39270,0.78540,1.57080,3.14159,3.14159,-1.57080,-0.78540,0.39270,1.17810,1.57080,2.35619,3.14159,-2.35619,-1.17810,-0.39270,0.78540,1.96350,3.14159,-2.35619,-1.17810,-0.39270,0.78540,1.57080,2.35619,3.14159,-2.74889,-1.96350
99.75
0.78540,1.96350,3.14159,-2.35619,-1.17810,-0.39270,0.78540,1.57080,3.14159,3.14159,-1.57080,-0.78540,0.39270,1.17810,1.57080,2.35619,3.14159,-2.35619,-1.17810,-0.39270,0.78540,1.96350,3.14159,-2.35619,-1.17810,-0.39270,0.39270,1.57080,2.35619,3.14159,-2.74889,-1.96350
99.89
0.78540,1.96350,3.14159,-2.35619,-1.17810,-0.39270,0.78540,1.96350,3.14159,3.14159,-1.57080,-0.39270,0.39270,1.17810,1.57080,2.35619,3.14159,-2.35619,-1.17810,-0.39270,0.78540,1.96350,3.14159,-2.35619,-1.17810,-0.39270,0.39270,1.57080,2.35619,3.14159,-2.74889,-1.96350
100.04
1.17810,1.96350,2.74889,-2.35619,-1.17810,-0.39270,0.78540,1.57080,3.14159,3.14159,-1.57080,-0.78540,0.00000,0.78540,1.57080,1.96350,3.14159,-2.35619,-1.17810,0.00000,0.78540,1.57080,2.74889,-2.35619,-1.17810,-0.39270,0.78540,1.57080,2.35619,3.14159,-2.74889,-1.96350
100.26
0.78540,1.96350,2.74889,-2.35619,-1.57080,-0.39270,0.78540,1.57080,3.14159,3.14159,-1.57080,-0.78540,0.00000,1.17810,1.57080,1.96350,3.14159,-2.35619,-1.17810,-0.39270,0.78540,1.96350,2.74889,-2.35619,-1.57080,-0.39270,0.78540,1.57080,2.35619,3.14159,-2.74889,-1.96350
100.29
0.78540,1.96350,2.74889,-2.35619,-1.17810,-0.39270,0.78540,1.57080,3.14159,3.14159,-1.57080,-0.78540,0.00000,1.17810,1.57080,1.96350,3.14159,-2.35619,-1.17810,-0.39270,0.78540,1.96350,2.74889,-2.35619,-1.17810,-0.39270,0.78540,1.57080,2.74889,3.14159,-2.74889,-1.96350
100.31
0.78540,1.57080,2.74889,-2.35619,-1.17810,-0.39270,0.78540,1.57080,3.14159,3.14159,-1.57080,-0.78540,0.00000,0.78540,1.57080,2.35619,3.14159,-2.35619,-1.17810,-0.39270,0.78540,1.96350,2.74889,-2.35619,-1.17810,-0.39270,0.39270,1.57080,2.35619,3.14159,-2.74889,-1.96350
100.35
0.78540,1.96350,2.74889,-2.74889,-1.17810,-0.39270,0.78540,1.57080,2.74889,3.14159,-1.57080,-0.39270,0.39270,0.78540,1.57080,1.96350,3.14159,-2.35619,-1.17810,-0.39270,0.78540,1.96350,2.74889,-2.35619,-1.17810,-0.39270,0.39270,1.57080,1.96350,2.74889,-2.74889,-1.96350
100.66
1.17810,1.57080,2.74889,-2.35619,-1.17810,-0.39270,0.78540,1.57080,2.74889,3.14159,-1.57080,-0.78540,0.00000,1.17810,1.57080,1.96350,2.74889,-2.35619,-1.17810,-0.39270,0.78540,1.57080,2.74889,-2.35619,-1.17810,-0.39270,0.39270,1.57080,2.35619,3.14159,-2.74889,-1.96350
100.69
0.78540,1.96350,2.74889,-2.35619,-1.17810,-0.39270,0.78540,1.57080,2.74889,3.14159,-1.57080,-0.78540,0.00000,0.78540,1.17810,1.96350,3.14159,-2.35619,-1.17810,-0.39270,0.78540,1.96350,3.14159,-2.35619,-1.57080,-0.39270,0.39270,1.57080,2.35619,2.74889,-2.74889,-1.96350
