5.59
0.39270,0.39270,0.78540,-0.39270,0.00000,0.00000,1.17810,0.00000,-0.39270,-0.39270,-0.39270,0.78540,0.00000,0.00000,0.39270,-0.39270,0.00000,-0.39270,-0.39270,0.00000,0.78540,0.78540,-0.78540,-0.39270,-0.39270,0.00000,0.00000,0.39270,-0.39270,-0.39270,-0.39270,0.00000
61.46
0.78540,1.57080,2.35619,-0.78540,-0.39270,0.00000,1.57080,1.57080,-2.35619,-0.78540,-0.39270,0.78540,0.78540,1.57080,2.35619,-2.74889,-1.17810,-0.39270,-0.39270,0.39270,1.17810,2.35619,-2.35619,-0.78540,-0.39270,0.39270,0.39270,0.00000,-2.35619,-2.35619,0.00000,-0.39270
88.82
1.57080,2.35619,3.14159,-1.57080,-0.78540,0.39270,1.57080,2.35619,-2.74889,-1.17810,-0.78540,0.39270,0.39270,1.17810,3.14159,-2.74889,-1.57080,-0.78540,-0.39270,0.78540,1.57080,3.14159,-2.74889,-0.78540,-0.39270,0.78540,1.57080,1.57080,-2.74889,-2.74889,-0.39270,0.00000
89.01
1.96350,3.14159,3.14159,-1.17810,-0.39270,0.39270,2.35619,-2.74889,-2.74889,-1.17810,-0.39270,1.57080,1.96350,3.14159,3.14159,-2.74889,-2.74889,-1.17810,0.39270,1.17810,2.74889,3.14159,-1.96350,-0.78540,0.00000,1.57080,1.96350,3.14159,-1.96350,-2.35619,-1.57080,0.00000
91.03
1.96350,3.14159,3.14159,-1.17810,-0.39270,0.78540,2.35619,-2.74889,-2.74889,-1.17810,0.00000,1.17810,1.17810,2.74889,2.74889,-2.74889,-2.74889,-0.78540,0.00000,1.57080,2.35619,3.14159,-2.35619,-0.78540,-0.39270,1.57080,2.35619,3.14159,-1.57080,-1.96350,-1.17810,-0.78540
91.89
2.35619,3.14159,3.14159,-1.57080,0.00000,1.17810,1.96350,-2.74889,-2.74889,-1.17810,0.00000,1.17810,1.96350,2.35619,2.74889,-2.74889,-2.74889,-0.78540,0.00000,1.17810,1.96350,3.14159,-1.96350,-1.17810,0.00000,1.57080,2.74889,3.14159,-2.35619,-1.96350,-1.17810,0.39270
91.94
2.35619,3.14159,3.14159,-1.17810,0.00000,0.78540,2.35619,-2.74889,-2.74889,-1.17810,-0.39270,1.17810,1.57080,2.35619,2.35619,-2.74889,-2.74889,-0.39270,0.39270,1.17810,2.35619,3.14159,-1.96350,-0.39270,0.00000,1.96350,2.35619,3.14159,-1.96350,-1.57080,-0.78540,-0.39270
93.19
2.74889,3.14159,3.14159,-1.17810,0.00000,0.78540,1.96350,-2.74889,-2.74889,-1.17810,-0.39270,0.78540,1.17810,2.35619,2.35619,-2.74889,-2.74889,-0.39270,0.00000,1.57080,2.35619,3.14159,-1.57080,-0.78540,0.39270,1.17810,2.35619,3.14159,-2.35619,-1.17810,-1.17810,-0.39270
94.25
2.35619,3.14159,3.14159,-1.17810,-0.39270,0.78540,1.96350,-2.74889,-2.74889,-1.57080,-0.78540,0.78540,1.57080,2.35619,2.35619,-2.74889,-2.74889,-0.78540,0.39270,1.17810,2.35619,3.14159,-1.96350,-0.78540,0.00000,1.57080,2.35619,3.14159,-1.96350,-1.96350,-1.17810,0.00000
94.46
2.35619,3.14159,3.14159,-0.78540,0.00000,1.17810,1.96350,-2.74889,-2.35619,-1.17810,0.00000,0.39270,1.57080,2.35619,3.14159,-2.74889,-1.57080,-0.39270,0.00000,1.17810,2.35619,3.14159,-1.57080,-0.78540,0.00000,0.39270,2.35619,3.14159,-1.96350,-1.57080,-1.17810,0.00000
95.30
1.57080,3.14159,3.14159,-1.17810,-0.39270,0.78540,1.96350,-2.74889,-2.74889,-0.78540,-0.39270,0.78540,1.17810,1.96350,2.74889,-2.74889,-2.74889,-0.78540,0.39270,1.17810,2.35619,3.14159,-1.96350,-0.78540,0.39270,1.57080,2.35619,3.14159,-2.35619,-2.35619,-1.17810,-0.39270
95.67
1.96350,3.14159,3.14159,-1.17810,-0.39270,0.78540,1.96350,-2.74889,-2.74889,-1.17810,-0.39270,0.78540,1.96350,2.35619,2.74889,-2.74889,-2.35619,-0.78540,0.00000,1.17810,1.96350,3.14159,-2.35619,-0.78540,0.39270,0.78540,1.96350,3.14159,-1.57080,-1.96350,-1.17810,0.00000
95.89
1.96350,3.14159,3.14159,-1.57080,-0.39270,1.17810,1.57080,-2.74889,-2.74889,-1.57080,-0.78540,0.39270,1.57080,2.35619,2.74889,-2.74889,-1.96350,-0.78540,0.00000,1.17810,1.96350,3.14159,-1.96350,-0.78540,0.00000,1.17810,1.57080,3.14159,-2.35619,-1.96350,-1.57080,0.00000
96.09
1.96350,3.14159,3.14159,-1.17810,0.00000,0.78540,1.57080,-2.74889,-2.74889,-1.17810,-0.39270,0.39270,1.17810,2.35619,2.74889,-2.74889,-1.96350,-0.78540,-0.39270,0.78540,2.35619,3.14159,-2.35619,-0.78540,0.00000,1.17810,1.96350,3.14159,-2.35619,-1.96350,-1.17810,0.00000
97.17
1.96350,3.14159,3.14159,-1.17810,-0.39270,0.78540,1.96350,-2.74889,-2.74889,-1.17810,-0.39270,0.78540,1.17810,2.74889,2.74889,-2.74889,-1.96350,-0.78540,0.00000,1.17810,2.35619,3.14159,-1.96350,-0.78540,0.39270,1.17810,2.74889,3.14159,-1.96350,-1.17810,-1.17810,-0.39270
97.33
1.57080,3.14159,3.14159,-1.57080,-0.39270,0.78540,1.96350,-2.74889,-2.74889,-1.17810,-0.39270,0.39270,1.57080,1.96350,3.14159,-2.74889,-2.35619,-1.17810,0.00000,1.17810,1.96350,3.14159,-1.96350,-0.78540,0.00000,1.17810,1.96350,-2.74889,-2.74889,-1.96350,-1.17810,-0.78540
97.37
1.96350,3.14159,3.14159,-1.17810,-0.39270,0.78540,1.96350,-2.74889,-2.74889,-1.17810,0.00000,0.39270,1.57080,2.35619,3.14159,-2.74889,-2.35619,-1.17810,0.00000,1.17810,1.96350,3.14159,-1.96350,-0.78540,0.00000,1.17810,1.96350,-2.74889,-2.74889,-1.96350,-1.17810,-0.39270
97.67
1.96350,3.14159,3.14159,-1.17810,-0.39270,0.78540,1.96350,-2.74889,-2.74889,-1.17810,-0.39270,0.78540,1.17810,2.35619,2.74889,-2.74889,-1.96350,-1.17810,0.00000,0.78540,2.35619,3.14159,-1.96350,-0.78540,0.00000,1.17810,1.96350,-2.74889,-2.74889,-1.96350,-1.17810,-0.39270
97.82
1.96350,3.14159,3.14159,-1.17810,-0.39270,0.78540,1.96350,-2.74889,-2.74889,-1.17810,-0.39270,0.39270,1.57080,1.96350,2.74889,-2.74889,-2.35619,-0.78540,0.00000,1.17810,1.96350,3.14159,-1.96350,-0.78540,0.00000,1.17810,1.96350,-2.74889,-2.74889,-1.57080,-1.17810,-0.39270
97.93
1.96350,3.14159,3.14159,-1.17810,0.00000,0.78540,1.96350,-2.74889,-2.74889,-1.17810,-0.39270,0.39270,1.57080,2.35619,3.14159,-2.74889,-1.96350,-0.78540,0.00000,1.17810,2.35619,3.14159,-1.96350,-0.78540,0.39270,1.17810,1.96350,-2.74889,-2.74889,-1.96350,-1.17810,-0.39270
98.07
1.96350,3.14159,3.14159,-1.17810,-0.39270,0.78540,1.96350,-2.74889,-2.74889,-1.17810,0.00000,0.78540,1.17810,2.35619,2.74889,-2.74889,-1.96350,-0.78540,0.00000,1.17810,2.35619,3.14159,-1.96350,-0.78540,0.00000,1.17810,1.96350,-2.74889,-2.74889,-1.57080,-1.17810,-0.39270
98.11
1.96350,3.14159,3.14159,-1.57080,-0.39270,0.78540,1.96350,-2.74889,-2.74889,-1.17810,-0.39270,0.78540,1.57080,1.96350,2.74889,-2.74889,-1.96350,-1.17810,0.00000,1.17810,2.35619,3.14159,-1.96350,-0.78540,0.00000,1.17810,1.96350,-2.74889,-2.74889,-1.96350,-1.17810,-0.39270
98.17
1.96350,3.14159,3.14159,-1.17810,-0.39270,0.78540,1.96350,-2.74889,-2.74889,-1.17810,0.00000,0.78540,1.57080,2.35619,3.14159,-2.74889,-1.96350,-0.78540,0.00000,1.17810,2.35619,3.14159,-1.96350,-0.78540,0.39270,1.17810,2.35619,-2.74889,-2.74889,-1.57080,-1.17810,-0.39270
98.25
1.96350,3.14159,3.14159,-1.57080,-0.39270,0.78540,1.57080,-2.74889,-2.74889,-1.17810,-0.39270,0.39270,1.17810,1.96350,2.74889,-2.74889,-1.96350,-1.17810,0.00000,1.17810,1.96350,3.14159,-1.96350,-0.78540,0.00000,1.17810,1.96350,-2.74889,-2.74889,-1.96350,-1.17810,-0.39270
98.26
1.96350,3.14159,3.14159,-1.17810,-0.39270,0.78540,1.96350,-2.74889,-2.74889,-1.17810,-0.39270,0.39270,1.57080,2.35619,2.74889,-2.74889,-1.96350,-0.78540,0.00000,1.17810,2.35619,3.14159,-1.96350,-0.78540,0.00000,1.17810,2.35619,-2.74889,-2.74889,-1.96350,-1.17810,-0.39270
98.28
1.96350,3.14159,3.14159,-1.17810,-0.39270,0.78540,1.96350,-2.74889,-2.74889,-1.17810,-0.39270,0.78540,1.17810,2.35619,2.74889,-2.74889,-1.96350,-0.78540,0.00000,1.17810,2.35619,3.14159,-1.96350,-0.78540,0.39270,1.17810,2.35619,-2.74889,-2.74889,-1.96350,-1.17810,-0.39270
98.37
1.96350,3.14159,3.14159,-1.17810,-0.39270,0.78540,1.96350,-2.74889,-2.74889,-1.17810,0.00000,0.78540,1.57080,2.35619,2.74889,-2.74889,-1.96350,-0.78540,0.00000,1.17810,2.35619,3.14159,-1.96350,-0.78540,0.39270,1.17810,2.35619,-2.74889,-2.74889,-1.57080,-1.17810,-0.39270
98.40
1.96350,3.14159,3.14159,-1.17810,-0.39270,0.78540,1.96350,-2.74889,-2.74889,-1.17810,0.00000,0.78540,1.57080,2.35619,2.74889,-2.74889,-1.96350,-0.78540,0.00000,1.17810,2.35619,3.14159,-1.96350,-0.78540,0.39270,1.17810,2.35619,-2.74889,-2.74889,-1.96350,-1.17810,-0.39270
98.58
1.96350,3.14159,3.14159,-1.57080,-0.39270,0.78540,1.57080,3.14159,-2.74889,-1.17810,-0.39270,0.78540,1.57080,1.57080,3.14159,-2.74889,-1.96350,-0.78540,0.00000,0.78540,1.96350,3.14159,-1.96350,-0.78540,0.39270,1.17810,2.35619,3.14159,-2.74889,-2.35619,-1.17810,-0.39270
99.31
1.96350,3.14159,3.14159,-1.57080,-0.39270,0.78540,1.96350,2.74889,-2.74889,-1.17810,-0.39270,0.39270,1.57080,1.96350,3.14159,-2.74889,-1.96350,-1.17810,0.00000,0.78540,1.96350,3.14159,-2.35619,-0.78540,0.39270,1.17810,1.96350,3.14159,-2.74889,-2.35619,-1.17810,-0.39270
99.90
1.57080,2.74889,3.14159,-1.57080,-0.39270,0.78540,1.57080,3.14159,-2.74889,-1.57080,-0.39270,0.39270,1.57080,1.96350,3.14159,-2.74889,-2.35619,-0.78540,0.00000,1.17810,1.96350,3.14159,-1.96350,-1.17810,0.00000,1.17810,1.96350,3.14159,-2.74889,-2.35619,-1.17810,-0.78540
99.97
1.96350,2.74889,3.14159,-1.57080,-0.39270,0.78540,1.96350,3.14159,-2.74889,-1.57080,-0.39270,0.39270,1.17810,1.96350,3.14159,-2.74889,-2.35619,-1.17810,0.00000,1.17810,1.96350,3.14159,-1.96350,-0.78540,0.00000,1.17810,1.96350,3.14159,-2.74889,-2.35619,-1.17810,-0.78540
100.18
1.96350,2.74889,3.14159,-1.57080,-0.39270,0.78540,1.96350,2.74889,-2.74889,-1.57080,0.00000,0.39270,1.17810,1.96350,3.14159,-2.74889,-2.35619,-1.17810,0.00000,1.17810,1.96350,3.14159,-1.96350,-0.78540,0.00000,1.17810,1.96350,3.14159,-2.74889,-2.35619,-1.17810,-0.78540
100.19
1.96350,3.14159,3.14159,-1.57080,-0.39270,0.78540,1.96350,3.14159,-2.74889,-1.17810,-0.39270,0.39270,1.57080,1.96350,2.74889,-2.74889,-1.96350,-1.17810,0.00000,1.17810,1.96350,3.14159,-1.96350,-0.78540,0.00000,1.17810,2.35619,3.14159,-2.74889,-1.96350,-1.17810,-0.39270
100.22
1.96350,3.14159,3.14159,-1.57080,-0.39270,0.78540,1.57080,3.14159,-2.74889,-1.17810,-0.39270,0.39270,1.57080,1.96350,2.74889,-2.74889,-1.96350,-1.17810,0.00000,1.17810,1.96350,3.14159,-1.96350,-0.78540,0.00000,1.17810,1.96350,3.14159,-2.74889,-2.35619,-1.17810,-0.39270
100.22
1.57080,3.14159,3.14159,-1.57080,-0.39270,0.78540,1.57080,3.14159,-2.74889,-1.17810,-0.39270,0.39270,1.57080,1.96350,2.74889,-2.74889,-1.96350,-1.17810,0.00000,0.78540,1.96350,3.14159,-1.96350,-1.17810,0.00000,1.17810,1.96350,3.14159,-2.74889,-1.96350,-1.57080,-0.78540
100.23
1.96350,3.14159,3.14159,-1.57080,-0.39270,0.78540,1.57080,3.14159,-2.74889,-1.17810,-0.39270,0.39270,1.17810,1.96350,2.74889,-2.74889,-1.96350,-1.17810,0.00000,1.17810,1.96350,3.14159,-1.96350,-0.78540,0.00000,1.17810,1.96350,3.14159,-2.74889,-2.35619,-1.57080,-0.78540
100.30
1.57080,3.14159,3.14159,-1.57080,-0.39270,0.78540,1.57080,3.14159,-2.74889,-1.57080,-0.39270,0.39270,1.17810,1.96350,2.74889,-2.74889,-1.96350,-1.17810,0.00000,0.78540,1.96350,3.14159,-1.96350,-1.17810,0.00000,1.17810,1.96350,3.14159,-2.74889,-2.35619,-1.57080,-0.78540
100.42
1.57080,3.14159,3.14159,-1.57080,-0.39270,0.78540,1.57080,3.14159,-2.74889,-1.57080,-0.39270,0.39270,1.17810,1.96350,2.74889,-2.74889,-2.35619,-1.17810,0.00000,0.78540,1.96350,3.14159,-1.96350,-1.17810,0.00000,1.17810,1.96350,3.14159,-2.74889,-1.96350,-1.57080,-0.78540
100.45
1.57080,3.14159,3.14159,-1.57080,-0.39270,0.78540,1.57080,3.14159,-2.74889,-1.17810,-0.39270,0.39270,1.17810,1.96350,2.74889,-2.74889,-1.96350,-1.17810,0.00000,1.17810,1.96350,3.14159,-1.96350,-0.78540,0.00000,1.17810,1.96350,3.14159,-2.74889,-1.96350,-1.17810,-0.39270
100.47
1.96350,3.14159,3.14159,-1.17810,-0.39270,0.78540,1.57080,2.74889,-2.74889,-1.17810,-0.39270,0.39270,1.57080,1.96350,2.74889,-2.74889,-1.96350,-1.17810,0.00000,1.17810,1.96350,3.14159,-1.96350,-0.78540,0.00000,0.78540,1.96350,3.14159,-2.74889,-1.96350,-1.57080,-0.78540
100.50
1.57080,3.14159,3.14159,-1.17810,-0.39270,0.78540,1.57080,2.74889,-2.74889,-1.17810,-0.39270,0.39270,1.57080,1.96350,2.74889,-2.74889,-1.96350,-0.78540,0.00000,1.17810,1.96350,3.14159,-1.96350,-0.78540,0.00000,0.78540,1.96350,3.14159,-2.35619,-1.96350,-1.17810,-0.39270
100.57
1.96350,3.14159,3.14159,-1.17810,-0.39270,0.78540,1.57080,2.74889,-2.74889,-1.17810,-0.39270,0.39270,1.17810,1.96350,2.74889,-2.74889,-1.96350,-1.17810,0.00000,1.17810,2.35619,3.14159,-1.96350,-0.78540,0.00000,1.17810,1.96350,3.14159,-2.35619,-1.96350,-1.57080,-0.78540
100.67
1.57080,3.14159,3.14159,-1.17810,-0.39270,0.78540,1.57080,2.74889,-2.74889,-1.17810,-0.39270,0.39270,1.57080,1.96350,2.74889,-2.74889,-1.96350,-1.17810,0.00000,1.17810,1.96350,3.14159,-1.96350,-0.78540,0.00000,1.17810,2.35619,3.14159,-2.35619,-1.96350,-1.17810,-0.39270
100.74
1.96350,3.14159,3.14159,-1.17810,-0.39270,0.78540,1.57080,2.74889,-2.74889,-1.17810,-0.39270,0.39270,1.57080,1.96350,2.74889,-2.74889,-1.96350,-1.17810,0.00000,1.17810,1.96350,3.14159,-1.96350,-0.78540,0.00000,1.17810,2.35619,3.14159,-2.35619,-1.96350,-1.57080,-0.39270
100.91
1.57080,2.74889,3.14159,-1.57080,-0.39270,0.78540,1.96350,2.74889,-2.74889,-1.17810,-0.39270,0.39270,1.17810,1.96350,3.14159,-2.74889,-1.96350,-1.17810,0.00000,0.78540,1.96350,3.14159,-1.96350,-1.17810,0.00000,0.78540,1.96350,2.74889,-2.74889,-1.96350,-1.57080,-0.78540
101.67
1.57080,2.74889,3.14159,-1.57080,-0.39270,0.78540,1.57080,2.74889,-2.74889,-1.17810,-0.39270,0.39270,1.17810,2.35619,2.35619,-2.74889,-2.35619,-1.17810,0.00000,0.78540,1.96350,3.14159,-1.96350,-1.17810,0.00000,1.17810,1.96350,3.14159,-2.74889,-1.96350,-1.57080,-0.78540
