0.99
-0.78540,-0.78540,0.78540,-0.39270,-0.39270,-0.78540,0.78540,-1.17810,-0.39270,0.78540,0.00000,0.39270,-0.39270,0.00000,-0.78540,-0.78540,0.00000,-0.78540,0.00000,-0.39270,-0.39270,-0.39270,0.00000,-0.39270,0.78540,-0.39270,-0.39270,0.78540,-0.39270,0.00000,-0.78540,0.39270
2.66
-2.35619,-0.78540,2.74889,-2.35619,-0.39270,-1.96350,1.96350,-2.35619,-0.78540,1.96350,0.78540,1.96350,-2.35619,0.39270,-2.35619,-1.96350,-1.57080,-2.35619,-1.17810,-1.96350,-1.17810,-1.57080,-0.39270,-1.57080,1.96350,-1.57080,-1.17810,1.57080,-1.57080,0.39270,-1.96350,0.00000
4.59
-2.74889,-1.96350,3.14159,-2.74889,-2.74889,-2.74889,1.96350,-2.74889,-2.74889,3.14159,-0.39270,3.14159,-2.35619,0.00000,-2.74889,-2.74889,-2.74889,-1.17810,-1.17810,-2.74889,-2.74889,-1.96350,-2.35619,-2.35619,3.14159,-2.74889,-2.35619,3.14159,-1.17810,-0.39270,-1.96350,2.35619
4.73
-2.35619,-2.35619,3.14159,-1.96350,-2.35619,-2.74889,-2.74889,-2.35619,-2.74889,1.96350,-2.74889,-2.74889,-1.57080,3.14159,-2.35619,-2.74889,0.78540,-1.96350,3.14159,3.14159,-1.96350,-1.17810,-2.74889,-2.74889,3.14159,3.14159,-1.96350,3.14159,2.35619,-2.35619,-2.74889,3.14159
7.52
-2.74889,-2.35619,3.14159,-2.74889,-2.74889,-2.74889,1.57080,-2.74889,3.14159,3.14159,-2.74889,-0.78540,-2.74889,-1.17810,-2.74889,2.35619,-2.74889,-1.96350,-2.74889,2.35619,-2.74889,-2.74889,-2.35619,-0.78540,1.96350,0.39270,2.35619,-1.57080,-1.57080,3.14159,-2.74889,-2.74889
9.80
0.00000,-2.74889,-2.35619,2.74889,-2.35619,-1.96350,-0.39270,-2.74889,0.39270,-1.96350,-2.74889,-2.74889,-2.35619,0.39270,1.96350,-2.74889,-2.74889,-2.74889,-1.17810,0.39270,-2.74889,1.96350,-1.96350,3.14159,-2.74889,1.57080,2.35619,0.00000,3.14159,-1.17810,1.17810,-0.39270
13.35
-2.74889,-2.35619,-2.74889,1.96350,3.14159,3.14159,-2.74889,3.14159,-0.39270,-1.17810,2.35619,2.35619,-1.96350,-2.74889,-0.39270,-2.35619,1.57080,2.35619,3.14159,1.57080,-1.57080,-1.17810,-2.74889,-2.74889,-2.35619,-2.35619,3.14159,0.00000,-2.35619,1.17810,1.57080,-2.35619
16.65
-0.78540,-2.35619,3.14159,-2.74889,-2.74889,-2.74889,-1.57080,-1.57080,1.96350,2.35619,-2.74889,2.74889,-1.57080,1.57080,-0.39270,-2.74889,-2.74889,-2.74889,-1.96350,-1.17810,-2.74889,2.74889,-2.74889,-2.74889,-2.74889,-1.17810,1.96350,2.74889,3.14159,1.57080,3.14159,-2.74889
16.73
-2.74889,1.17810,-1.17810,-2.74889,1.17810,2.35619,-2.74889,-2.74889,0.39270,3.14159,1.96350,2.35619,2.74889,-0.78540,0.00000,-0.39270,2.35619,-2.74889,1.57080,-2.74889,-2.74889,0.39270,1.57080,3.14159,-2.74889,-1.96350,-2.74889,2.74889,0.39270,-2.74889,-2.74889,-2.74889
17.48
-0.78540,-2.74889,-1.96350,-2.74889,1.17810,1.96350,-2.74889,-2.74889,-0.39270,-0.39270,-1.17810,1.96350,1.96350,0.39270,2.74889,-2.35619,-0.39270,-2.74889,2.35619,-0.78540,-2.74889,-1.96350,1.17810,1.57080,-2.74889,-2.74889,-1.57080,0.39270,-2.74889,-2.74889,1.17810,-2.74889
20.17
3.14159,-1.17810,-2.74889,-0.78540,1.57080,3.14159,-2.74889,-0.78540,1.17810,1.17810,3.14159,3.14159,-1.57080,-0.39270,0.00000,1.17810,-1.17810,-2.74889,-2.74889,-1.57080,-0.78540,-1.17810,-2.74889,3.14159,-2.74889,-2.74889,1.96350,-2.35619,0.39270,-1.17810,3.14159,-1.96350
21.83
-1.57080,-1.57080,-1.17810,-2.74889,3.14159,-1.96350,-2.74889,-0.39270,1.57080,0.78540,-2.74889,2.74889,-1.17810,1.96350,-1.57080,-0.78540,1.96350,-2.74889,-2.74889,-1.17810,-2.74889,0.00000,-2.74889,-2.74889,-1.17810,-1.96350,2.35619,1.96350,3.14159,-2.74889,3.14159,-2.74889
23.96
-2.74889,-2.35619,-1.17810,1.17810,3.14159,2.74889,-2.74889,-1.17810,-0.78540,0.00000,2.35619,-2.74889,1.57080,1.17810,-2.35619,-2.74889,2.35619,-2.74889,2.74889,-2.74889,-1.96350,0.39270,-2.74889,2.74889,-2.74889,-2.74889,0.78540,1.17810,-2.35619,-1.96350,3.14159,-2.74889
29.05
-2.74889,-0.78540,-1.57080,1.96350,2.74889,2.35619,-2.35619,-1.17810,-0.39270,1.17810,1.96350,-2.35619,0.00000,0.78540,-2.35619,-1.96350,2.35619,-2.35619,3.14159,-1.96350,-1.17810,-0.78540,-2.74889,2.35619,-2.35619,-2.74889,-0.39270,1.57080,-2.74889,-1.96350,3.14159,-2.35619
34.81
-2.74889,1.57080,-0.39270,1.96350,3.14159,-2.35619,-0.78540,1.96350,1.96350,2.35619,0.39270,-2.35619,-0.39270,0.39270,1.17810,1.17810,1.57080,-2.35619,3.14159,-2.35619,-0.78540,0.39270,-2.74889,-2.74889,-2.35619,-0.78540,1.57080,1.17810,1.96350,-2.74889,3.14159,-2.74889
35.08
-2.74889,0.39270,-0.39270,1.96350,3.14159,-2.74889,-1.17810,0.39270,2.35619,2.35619,0.39270,-0.39270,-0.78540,1.17810,0.78540,0.78540,1.17810,-2.74889,3.14159,-2.74889,-0.39270,1.17810,-2.74889,-2.74889,-2.74889,0.78540,1.17810,0.00000,1.17810,-2.74889,3.14159,-2.74889
35.60
-2.74889,0.39270,0.39270,1.96350,3.14159,-2.74889,-1.96350,0.00000,1.17810,1.96350,1.57080,-2.74889,0.78540,-0.39270,-2.74889,0.00000,1.96350,-2.74889,3.14159,-0.78540,0.39270,0.39270,-1.57080,3.14159,-1.57080,-2.74889,0.39270,1.96350,-1.96350,0.00000,1.96350,-2.74889
39.08
-2.74889,-0.39270,0.00000,1.96350,3.14159,-2.74889,-1.57080,0.39270,1.57080,1.96350,2.74889,-2.74889,0.00000,0.00000,-2.74889,-0.78540,1.17810,-2.74889,3.14159,-0.78540,0.39270,0.39270,-0.78540,3.14159,-2.74889,-2.35619,0.00000,2.35619,-2.35619,-1.17810,2.35619,-2.74889
40.90
-2.74889,-1.17810,0.39270,0.78540,2.74889,-2.74889,-2.74889,-2.74889,0.78540,-0.39270,1.96350,-2.74889,-1.17810,-1.17810,-0.78540,-0.78540,0.39270,-2.74889,3.14159,-2.35619,-1.57080,1.57080,1.96350,2.74889,1.96350,-2.74889,-1.17810,1.57080,1.96350,0.78540,3.14159,2.74889
41.21
-2.74889,1.17810,-0.39270,1.57080,3.14159,-2.74889,-1.96350,-1.96350,0.00000,0.78540,3.14159,-2.74889,1.57080,-0.78540,-2.35619,-0.78540,0.39270,-2.74889,3.14159,-2.35619,0.00000,0.39270,0.78540,3.14159,-2.74889,-2.35619,0.00000,1.17810,-0.78540,-0.78540,3.14159,-2.74889
42.08
-2.74889,-2.74889,0.78540,2.74889,1.57080,-2.74889,-1.57080,-0.78540,-0.39270,1.57080,2.74889,-2.74889,1.96350,-2.74889,0.00000,-0.78540,2.35619,-2.74889,3.14159,-2.74889,-0.78540,0.00000,1.96350,2.74889,-2.74889,-2.74889,0.39270,0.39270,-1.17810,-2.74889,3.14159,3.14159
43.66
-2.74889,-2.74889,0.39270,2.74889,2.35619,-2.74889,-2.35619,-1.17810,-0.39270,1.17810,3.14159,-2.74889,-1.96350,-2.74889,-1.57080,0.00000,2.35619,-2.74889,3.14159,-2.35619,-1.17810,0.78540,3.14159,3.14159,-2.74889,-2.74889,0.00000,1.17810,-0.39270,0.39270,2.74889,3.14159
46.49
-2.74889,-2.74889,0.00000,2.74889,1.96350,-2.74889,-1.96350,-1.96350,-0.39270,1.96350,3.14159,-2.74889,-1.57080,-2.74889,-2.35619,0.39270,1.17810,-2.74889,3.14159,-2.35619,-1.57080,0.00000,3.14159,3.14159,-2.74889,-2.35619,0.00000,0.39270,0.78540,1.17810,2.35619,3.14159
47.42
-2.74889,-1.96350,0.39270,1.96350,1.96350,-2.74889,-1.17810,-1.57080,-0.39270,2.35619,2.74889,-2.74889,-1.17810,-2.74889,-2.74889,0.00000,1.17810,-2.74889,3.14159,-2.35619,-1.96350,0.39270,3.14159,3.14159,-2.74889,-2.35619,-0.78540,0.78540,0.00000,1.17810,1.57080,3.14159
48.94
-0.78540,-2.35619,0.39270,1.96350,2.74889,-2.74889,-1.57080,-0.39270,0.00000,2.74889,2.74889,-2.74889,-2.35619,-2.74889,-1.17810,1.17810,2.74889,-2.74889,3.14159,-1.17810,-0.39270,0.78540,3.14159,3.14159,-2.74889,-1.96350,1.17810,0.00000,-0.78540,1.96350,2.35619,3.14159
50.87
-1.96350,-2.35619,0.39270,1.96350,2.74889,-2.74889,-1.96350,-0.39270,0.00000,2.35619,3.14159,-2.74889,-2.35619,-2.74889,-1.57080,0.78540,2.74889,-2.74889,3.14159,-1.57080,0.00000,1.17810,3.14159,3.14159,-2.74889,-0.39270,0.39270,0.00000,-0.39270,0.39270,2.35619,3.14159
52.98
-2.74889,-2.35619,0.39270,2.74889,2.74889,-2.74889,-1.57080,-0.78540,0.39270,1.96350,2.74889,-2.74889,-1.57080,-2.74889,-1.96350,0.78540,1.57080,-2.74889,3.14159,-1.96350,-0.39270,0.78540,3.14159,3.14159,-2.74889,0.00000,0.78540,0.78540,1.17810,0.39270,2.35619,3.14159
54.22
-0.78540,-0.78540,-0.39270,2.74889,3.14159,-2.74889,-1.96350,-0.78540,0.39270,1.57080,2.74889,-2.74889,-1.57080,-0.39270,-1.57080,-0.39270,1.57080,-2.74889,3.14159,-2.74889,-0.39270,0.00000,1.17810,3.14159,-2.74889,-2.74889,0.00000,2.35619,3.14159,3.14159,-2.74889,-2.74889
55.35
-1.57080,0.39270,0.78540,1.96350,3.14159,-2.74889,-1.17810,-1.17810,0.78540,1.96350,1.57080,-2.74889,-1.96350,-1.17810,-2.35619,1.17810,2.74889,-2.74889,3.14159,-1.57080,-0.39270,0.78540,2.74889,3.14159,-2.74889,0.00000,0.39270,1.17810,3.14159,3.14159,-2.74889,0.00000
56.25
-2.35619,0.00000,0.00000,2.35619,3.14159,-2.74889,-1.57080,-1.96350,1.17810,2.35619,3.14159,-2.74889,-1.57080,-2.35619,-1.17810,0.78540,2.74889,-2.74889,3.14159,-1.96350,0.00000,0.39270,1.96350,3.14159,-2.74889,-1.17810,-0.39270,-0.78540,3.14159,3.14159,-2.74889,-2.35619
60.62
-2.74889,-0.39270,0.39270,1.57080,3.14159,-2.74889,-2.35619,-1.57080,0.78540,1.57080,2.35619,-2.74889,-1.96350,-1.17810,-2.74889,0.39270,1.96350,-2.74889,3.14159,-1.57080,-1.17810,0.00000,1.17810,3.14159,-2.74889,-1.17810,0.39270,-0.78540,2.74889,3.14159,-2.74889,-2.35619
62.52
-2.35619,-0.78540,0.00000,1.96350,3.14159,-2.74889,-1.57080,-1.17810,0.78540,1.17810,2.74889,-2.74889,-1.96350,-1.17810,-1.96350,0.78540,1.57080,-2.35619,3.14159,-1.96350,-0.39270,0.39270,2.74889,3.14159,-2.74889,-1.17810,0.00000,0.39270,2.74889,2.74889,-1.96350,1.96350
63.18
-2.74889,-1.57080,0.78540,1.57080,2.74889,-2.74889,-1.57080,-1.17810,0.78540,1.57080,3.14159,-2.74889,-1.17810,-1.17810,-1.57080,-0.78540,0.78540,-2.74889,3.14159,-2.35619,-0.39270,0.39270,2.35619,3.14159,-2.74889,-2.35619,0.00000,-0.39270,-0.39270,1.57080,2.74889,3.14159
63.28
-2.74889,-1.17810,0.39270,1.57080,3.14159,-2.74889,-2.35619,-0.78540,0.78540,1.96350,1.96350,-2.74889,-0.78540,-1.57080,-1.96350,0.78540,2.35619,-2.74889,3.14159,-1.96350,-0.39270,0.39270,3.14159,3.14159,-2.74889,-1.17810,0.00000,0.78540,2.74889,2.74889,-2.74889,3.14159
64.81
-1.96350,0.00000,0.78540,2.35619,3.14159,-2.74889,-1.17810,-0.39270,0.78540,1.57080,2.35619,-2.74889,-2.35619,-0.78540,-2.74889,0.78540,2.35619,-2.74889,3.14159,-1.96350,-0.78540,0.00000,1.57080,3.14159,-2.74889,-1.17810,0.00000,1.57080,2.35619,3.14159,-2.74889,-1.57080
64.82
-1.57080,-0.78540,0.78540,2.35619,3.14159,-2.74889,-1.57080,-0.39270,0.78540,1.57080,3.14159,-2.74889,-1.17810,-2.35619,-0.39270,-0.39270,2.35619,-2.74889,3.14159,-2.74889,-1.17810,0.39270,1.96350,3.14159,-2.74889,-0.78540,0.39270,0.78540,2.74889,2.74889,-2.74889,3.14159
67.64
-1.57080,-0.39270,0.00000,1.96350,2.74889,-2.74889,-1.17810,-1.17810,0.78540,1.57080,3.14159,-2.74889,-1.17810,-1.96350,0.00000,0.78540,1.57080,-2.35619,3.14159,-1.96350,0.00000,0.78540,2.74889,3.14159,-2.74889,-0.39270,0.39270,0.00000,2.74889,3.14159,-2.74889,3.14159
68.18
-2.74889,-0.78540,0.39270,1.96350,3.14159,-2.74889,-1.57080,-0.39270,1.17810,1.96350,3.14159,-2.74889,-1.17810,-1.17810,-1.96350,0.78540,2.35619,-2.74889,3.14159,-1.57080,-0.78540,0.78540,3.14159,3.14159,-2.74889,-1.57080,0.39270,1.17810,2.35619,2.74889,-2.74889,3.14159
69.00
-1.17810,-0.39270,0.78540,1.96350,3.14159,-2.74889,-1.96350,-0.39270,0.39270,2.74889,3.14159,-2.74889,-1.57080,-1.17810,-1.96350,0.78540,1.96350,-2.74889,3.14159,-1.96350,-0.39270,0.39270,2.35619,3.14159,-2.74889,-0.39270,0.00000,0.00000,1.96350,3.14159,-2.74889,-2.74889
70.20
-2.74889,-0.78540,0.39270,1.17810,2.74889,-2.74889,-1.96350,-0.78540,0.78540,0.78540,3.14159,-2.74889,-0.78540,-1.17810,-1.96350,0.39270,2.35619,-2.74889,3.14159,-1.96350,-0.39270,0.39270,1.57080,3.14159,-2.74889,-1.17810,0.39270,0.39270,2.74889,1.96350,-2.74889,3.14159
70.23
-2.35619,-0.78540,0.00000,2.35619,3.14159,-2.74889,-1.96350,-0.78540,0.78540,1.96350,2.74889,-2.74889,-1.96350,-1.17810,-1.57080,0.00000,1.96350,-2.74889,3.14159,-1.96350,-0.78540,0.39270,2.35619,3.14159,-2.74889,-1.17810,0.00000,1.17810,3.14159,3.14159,-2.74889,3.14159
72.60
-2.35619,-0.78540,-0.39270,1.96350,2.74889,-2.74889,-1.57080,-0.39270,0.39270,1.57080,2.74889,-2.74889,-1.96350,-1.17810,-1.57080,0.00000,1.57080,-2.74889,3.14159,-1.57080,-0.39270,0.39270,2.35619,3.14159,-2.74889,-1.57080,-0.39270,-0.39270,2.74889,3.14159,-2.74889,3.14159
74.58
-1.57080,-0.39270,0.00000,1.96350,3.14159,-2.74889,-1.57080,0.00000,0.78540,2.35619,3.14159,-2.74889,-2.74889,-0.78540,-0.39270,0.39270,1.96350,-2.74889,3.14159,-1.17810,-0.78540,1.17810,1.57080,3.14159,-2.74889,-0.39270,-0.39270,0.39270,1.96350,2.74889,-2.74889,-2.74889
74.95
-2.35619,-0.78540,0.39270,1.57080,3.14159,-2.74889,-1.17810,0.00000,0.78540,1.96350,3.14159,-2.74889,-1.96350,-0.78540,0.00000,1.57080,1.57080,-2.74889,-2.74889,-2.35619,0.00000,0.39270,1.96350,3.14159,-2.74889,-1.57080,-0.39270,0.00000,2.35619,2.74889,-2.74889,-2.74889
75.73
-1.96350,-1.17810,0.00000,1.17810,3.14159,-2.74889,-1.57080,0.00000,1.57080,2.35619,3.14159,-2.74889,-2.35619,-1.57080,0.78540,0.78540,1.57080,-2.74889,-2.74889,-1.57080,-0.39270,1.17810,1.57080,3.14159,-2.74889,-1.17810,-0.39270,1.57080,1.96350,2.35619,-2.74889,-2.74889
75.97
-1.96350,-0.39270,0.00000,1.17810,3.14159,-2.74889,-1.96350,0.00000,0.78540,1.96350,3.14159,-2.74889,-2.35619,-1.96350,-0.39270,1.17810,1.17810,-2.74889,-2.74889,-1.96350,-0.78540,0.78540,2.35619,3.14159,-2.74889,-1.17810,-0.39270,1.17810,1.96350,3.14159,-2.74889,-2.74889
76.31
-1.57080,-0.78540,0.00000,1.17810,3.14159,-2.74889,-1.96350,0.00000,0.78540,1.96350,3.14159,-2.74889,-2.35619,-1.57080,-0.39270,1.17810,1.57080,-2.74889,-2.74889,-1.96350,-0.78540,0.00000,1.96350,3.14159,-2.74889,-1.17810,-0.39270,0.39270,1.96350,3.14159,-2.74889,-2.74889
76.70
-1.96350,-0.78540,0.39270,1.17810,3.14159,-2.74889,-1.96350,-0.39270,0.78540,1.96350,3.14159,-2.74889,-2.74889,0.00000,0.39270,1.57080,1.57080,-2.74889,-2.74889,-1.96350,-0.39270,0.39270,1.96350,3.14159,-2.74889,-1.17810,0.39270,1.17810,2.35619,2.74889,-2.74889,-2.74889
77.57
-1.57080,-0.78540,0.00000,1.96350,3.14159,-2.74889,-1.57080,0.00000,1.17810,2.35619,3.14159,-2.74889,-2.35619,-1.57080,0.39270,1.17810,1.17810,-2.74889,-2.74889,-1.57080,-0.78540,0.78540,1.96350,3.14159,-2.74889,-0.78540,-0.39270,1.17810,1.57080,2.35619,-2.74889,-2.74889
77.60
-1.17810,-1.17810,0.00000,1.57080,3.14159,-2.74889,-1.57080,0.00000,1.17810,2.35619,3.14159,-2.74889,-1.96350,-1.57080,0.00000,1.57080,1.57080,-2.74889,-2.74889,-1.57080,-0.39270,0.39270,1.96350,3.14159,-2.74889,-0.78540,0.00000,1.17810,1.17810,2.74889,-2.74889,-2.74889
77.83
-1.57080,-0.39270,0.39270,1.57080,3.14159,-2.74889,-1.57080,0.00000,1.17810,2.35619,3.14159,-2.74889,-2.74889,-1.17810,0.39270,1.57080,1.96350,-2.74889,-2.74889,-1.57080,-0.39270,0.78540,2.35619,3.14159,-2.74889,-1.17810,0.00000,1.57080,2.35619,2.74889,-2.74889,-2.74889
77.94
-1.57080,-0.78540,0.39270,0.78540,3.14159,-2.74889,-1.96350,0.00000,0.78540,1.57080,3.14159,-2.74889,-2.35619,-1.57080,-0.39270,1.17810,1.17810,-2.74889,-2.74889,-1.17810,-0.39270,0.78540,1.96350,3.14159,-2.74889,-1.17810,0.39270,0.78540,1.96350,2.74889,-2.74889,-2.74889
78.18
-1.57080,-0.78540,0.00000,1.57080,3.14159,-2.74889,-1.96350,-0.39270,0.78540,1.96350,3.14159,-2.74889,-2.74889,-1.57080,0.00000,1.17810,1.17810,-2.74889,-2.74889,-1.57080,-0.39270,0.78540,2.35619,3.14159,-2.74889,-1.17810,0.39270,1.17810,2.35619,2.74889,-2.74889,-2.74889
79.05
-1.57080,-0.78540,0.00000,1.57080,3.14159,-2.74889,-1.57080,0.00000,0.78540,2.35619,3.14159,-2.74889,-2.74889,-0.78540,0.00000,1.17810,1.96350,-2.74889,-2.74889,-1.57080,-0.39270,0.39270,1.57080,3.14159,-2.74889,-1.17810,0.00000,1.17810,1.96350,2.74889,-2.74889,-2.74889
79.44
-1.96350,-0.78540,0.00000,1.17810,3.14159,-2.74889,-1.57080,0.00000,1.17810,1.96350,3.14159,-2.74889,-2.35619,-1.57080,0.39270,1.17810,1.17810,-2.74889,-2.74889,-1.57080,-0.39270,0.78540,1.57080,3.14159,-2.74889,-1.17810,0.00000,1.17810,1.96350,2.35619,-2.74889,-2.74889
79.95
-1.57080,-0.78540,-0.39270,1.57080,3.14159,-2.74889,-1.57080,-0.39270,0.78540,2.35619,3.14159,-2.74889,-2.35619,-1.17810,0.00000,0.78540,1.57080,-2.74889,-2.74889,-1.57080,-0.39270,0.78540,1.96350,3.14159,-2.74889,-1.57080,0.00000,1.57080,1.96350,2.74889,-2.74889,-2.74889
80.33
-1.57080,-1.17810,0.39270,1.17810,3.14159,-2.74889,-1.57080,0.00000,0.78540,2.35619,3.14159,-2.74889,-2.35619,-1.17810,-0.39270,0.39270,1.96350,-2.74889,-2.74889,-1.17810,-0.39270,0.78540,1.96350,3.14159,-2.74889,-0.78540,0.00000,1.57080,1.96350,2.74889,-2.74889,-2.74889
80.49
-1.96350,-0.78540,0.00000,1.17810,3.14159,-2.74889,-1.57080,-0.39270,0.78540,1.96350,3.14159,-2.74889,-2.35619,-1.17810,0.00000,0.78540,1.57080,-2.74889,-2.74889,-1.57080,-0.78540,0.39270,1.96350,3.14159,-2.74889,-0.78540,0.00000,1.57080,1.96350,3.14159,-2.74889,-2.74889
80.83
-1.96350,-0.78540,0.00000,1.57080,3.14159,-2.74889,-1.57080,-0.39270,0.78540,2.35619,3.14159,-2.74889,-2.35619,-1.17810,0.00000,0.39270,1.57080,-2.74889,-2.74889,-1.57080,-0.39270,0.78540,1.96350,3.14159,-2.74889,-1.57080,-0.39270,1.57080,1.57080,2.74889,-2.74889,-2.74889
81.02
-1.57080,-0.78540,0.00000,1.57080,3.14159,-2.74889,-1.57080,-0.39270,0.78540,1.96350,3.14159,-2.74889,-2.35619,-1.57080,0.39270,0.78540,1.57080,-2.74889,-2.74889,-1.57080,-0.39270,1.17810,1.96350,3.14159,-2.74889,-1.17810,-0.39270,1.17810,1.96350,2.74889,-2.74889,-2.74889
81.71
-1.96350,-0.78540,0.00000,1.57080,3.14159,-2.74889,-1.17810,-0.39270,0.78540,1.96350,3.14159,-2.74889,-1.96350,-1.57080,0.00000,1.17810,1.57080,-2.74889,-2.74889,-1.57080,0.00000,0.78540,1.96350,3.14159,-2.74889,-1.17810,0.00000,1.17810,1.57080,2.35619,-2.74889,-2.74889
82.53
-1.96350,-0.39270,0.39270,1.57080,3.14159,-2.74889,-1.17810,-0.39270,0.78540,1.96350,3.14159,-2.74889,-1.57080,-1.17810,0.00000,0.78540,1.57080,-2.74889,-2.74889,-1.57080,-0.39270,0.78540,2.35619,3.14159,-2.74889,-1.57080,0.00000,1.17810,1.96350,2.35619,-2.74889,-2.74889
82.98
-1.96350,-0.78540,0.39270,1.57080,3.14159,-2.74889,-1.17810,-0.39270,0.78540,1.96350,3.14159,-2.74889,-1.57080,-1.17810,0.00000,0.78540,1.57080,-2.74889,-2.74889,-1.57080,-0.39270,0.78540,1.57080,3.14159,-2.74889,-1.17810,0.00000,1.57080,1.96350,2.74889,-2.74889,-2.74889
83.25
-1.57080,-0.78540,0.00000,1.57080,3.14159,-2.74889,-1.57080,-0.39270,0.78540,1.96350,3.14159,-2.74889,-1.96350,-0.78540,-0.39270,0.78540,1.57080,-2.74889,-2.74889,-1.57080,-0.39270,0.78540,1.96350,3.14159,-2.74889,-1.17810,0.00000,0.39270,1.96350,2.74889,-2.74889,-2.74889
83.33
-1.57080,-0.78540,0.39270,1.17810,3.14159,-2.74889,-1.57080,-0.39270,0.78540,1.96350,3.14159,-2.74889,-1.57080,-0.78540,0.39270,0.78540,1.57080,-2.74889,-2.74889,-1.57080,0.00000,0.78540,1.96350,3.14159,-2.74889,-1.17810,0.00000,1.17810,2.35619,2.74889,-2.74889,-2.74889
83.42
-1.96350,-0.78540,0.00000,1.17810,3.14159,-2.74889,-1.57080,-0.39270,0.78540,1.96350,3.14159,-2.74889,-1.96350,-0.78540,0.00000,0.78540,1.57080,-2.74889,-2.74889,-1.57080,-0.39270,0.78540,1.96350,3.14159,-2.74889,-1.17810,0.00000,1.17810,2.35619,2.74889,-2.74889,-2.74889
83.58
-1.96350,-0.78540,0.39270,1.17810,3.14159,-2.74889,-1.57080,-0.39270,0.78540,1.57080,3.14159,-2.74889,-1.57080,-0.78540,-0.39270,0.39270,1.57080,-2.74889,-2.74889,-1.57080,-0.39270,0.78540,1.57080,3.14159,-2.74889,-1.17810,0.00000,1.17810,1.96350,2.74889,-2.74889,-2.74889
83.75
-1.57080,-0.78540,0.39270,1.57080,3.14159,-2.74889,-1.57080,-0.39270,0.78540,1.57080,3.14159,-2.74889,-1.57080,-1.17810,-0.39270,0.39270,1.57080,-2.74889,-2.74889,-1.57080,-0.39270,0.78540,1.96350,3.14159,-2.74889,-0.78540,0.00000,1.17810,1.96350,2.74889,-2.74889,-2.74889
83.85
-1.57080,-1.17810,0.39270,1.17810,3.14159,-2.74889,-1.57080,-0.39270,0.78540,1.96350,3.14159,-2.74889,-1.57080,-0.78540,0.00000,0.78540,1.57080,-2.74889,-2.74889,-1.57080,-0.39270,0.78540,1.96350,3.14159,-2.74889,-1.17810,0.00000,1.17810,1.96350,2.74889,-2.74889,-2.74889
84.06
-1.96350,-0.78540,0.39270,1.57080,3.14159,-2.74889,-1.57080,-0.39270,0.78540,1.96350,3.14159,-2.74889,-1.57080,-1.17810,0.00000,0.39270,1.57080,-2.74889,-2.74889,-1.17810,-0.39270,0.78540,1.96350,3.14159,-2.74889,-1.17810,0.00000,0.78540,1.96350,2.74889,-2.74889,-2.74889
84.61
-1.57080,-0.78540,0.39270,1.57080,3.14159,-2.74889,-1.57080,-0.39270,0.78540,1.96350,3.14159,-2.74889,-1.57080,-0.78540,0.00000,0.78540,1.57080,-2.74889,-2.74889,-1.57080,-0.39270,0.78540,1.96350,3.14159,-2.74889,-1.17810,0.00000,1.17810,1.96350,2.74889,-2.74889,-2.74889
84.81
-1.57080,-0.78540,0.39270,1.57080,3.14159,-2.74889,-1.57080,-0.39270,0.78540,1.96350,3.14159,-2.74889,-1.17810,-0.78540,-0.39270,0.39270,1.57080,-2.74889,3.14159,-1.17810,-0.39270,0.78540,1.96350,3.14159,-1.96350,-1.17810,0.00000,1.17810,1.96350,2.74889,-2.74889,-2.35619
85.05
-1.57080,-0.78540,0.39270,1.57080,3.14159,-2.74889,-1.57080,-0.39270,0.78540,1.96350,3.14159,-2.74889,-1.57080,-0.78540,0.00000,0.39270,1.57080,-2.74889,3.14159,-1.57080,-0.39270,0.78540,1.96350,3.14159,-1.96350,-1.17810,0.00000,0.78540,1.96350,2.74889,-2.74889,-2.35619
85.19
-1.57080,-0.78540,0.39270,1.57080,3.14159,-2.74889,-1.57080,-0.39270,0.78540,1.96350,3.14159,-2.74889,-1.57080,-0.78540,0.00000,0.78540,1.57080,-2.74889,3.14159,-1.57080,-0.39270,0.78540,1.96350,3.14159,-1.96350,-1.17810,0.00000,1.17810,1.96350,2.74889,-2.74889,-2.35619
85.27
-1.57080,-0.78540,0.39270,1.57080,3.14159,-2.74889,-1.57080,-0.39270,0.78540,1.96350,3.14159,-2.74889,-1.57080,-0.78540,0.00000,0.78540,1.57080,-2.74889,3.14159,-1.57080,-0.39270,0.78540,1.96350,3.14159,-1.96350,-1.17810,0.00000,1.17810,1.96350,2.35619,-2.74889,-2.35619
85.37
-1.57080,-0.78540,0.39270,1.57080,3.14159,-2.74889,-1.57080,-0.39270,0.78540,1.96350,3.14159,-2.35619,-1.57080,-0.78540,0.00000,0.78540,1.57080,-2.74889,3.14159,-1.57080,-0.39270,0.78540,1.96350,3.14159,-1.96350,-1.17810,0.00000,1.17810,2.35619,2.35619,-2.74889,-2.35619
85.43
-1.57080,-0.78540,0.39270,1.57080,3.14159,-2.74889,-1.57080,-0.39270,0.78540,1.96350,3.14159,-2.35619,-1.57080,-0.39270,0.00000,0.78540,1.57080,-2.74889,3.14159,-1.17810,-0.39270,0.78540,1.96350,3.14159,-1.96350,-1.17810,0.00000,1.17810,1.96350,2.35619,-2.74889,-2.35619
85.47
-1.57080,-0.78540,0.39270,1.57080,3.14159,-2.74889,-1.57080,-0.39270,0.78540,1.96350,3.14159,-2.35619,-1.57080,-0.78540,-0.39270,0.78540,1.57080,-2.74889,3.14159,-1.57080,-0.39270,0.78540,1.96350,3.14159,-1.96350,-1.17810,0.00000,1.17810,1.96350,2.35619,-2.74889,-2.35619
85.54
-1.57080,-0.78540,0.39270,1.57080,3.14159,-2.74889,-1.57080,-0.39270,0.78540,1.96350,3.14159,-2.35619,-1.57080,-0.78540,0.00000,0.78540,1.57080,-2.74889,3.14159,-1.17810,-0.39270,0.78540,1.96350,3.14159,-1.96350,-1.17810,0.00000,1.17810,1.96350,2.35619,-2.74889,-2.35619
85.58
-1.57080,-0.78540,0.39270,1.57080,3.14159,-2.74889,-1.57080,-0.39270,0.78540,1.96350,3.14159,-2.35619,-1.57080,-0.78540,0.00000,0.78540,1.57080,-2.74889,3.14159,-1.57080,-0.39270,0.78540,1.96350,3.14159,-1.96350,-1.17810,0.00000,1.17810,1.96350,2.35619,-2.74889,-2.35619
86.22
-1.17810,-0.78540,0.39270,1.57080,2.74889,-2.74889,-1.57080,-0.39270,0.78540,1.96350,3.14159,-2.74889,-1.57080,-0.39270,0.00000,0.78540,1.57080,-2.74889,-2.35619,-1.17810,-0.39270,0.78540,1.96350,3.14159,-2.35619,-1.17810,0.00000,1.17810,1.57080,2.35619,-2.74889,-1.96350
86.41
-1.57080,-0.78540,0.39270,1.57080,2.74889,-2.74889,-1.17810,-0.39270,0.78540,2.35619,3.14159,-2.74889,-1.57080,-0.39270,0.00000,0.78540,1.57080,-2.74889,-2.74889,-1.17810,-0.39270,0.78540,1.96350,3.14159,-1.96350,-0.78540,0.00000,1.17810,1.57080,2.35619,-2.74889,-2.35619
86.52
-1.57080,-0.78540,0.39270,1.57080,2.74889,-2.74889,-1.57080,-0.39270,0.78540,1.96350,3.14159,-2.74889,-1.57080,-0.39270,-0.39270,0.78540,1.57080,-2.74889,-2.74889,-1.57080,-0.39270,0.78540,1.96350,3.14159,-2.35619,-0.78540,0.00000,0.78540,1.57080,2.35619,-2.74889,-2.35619
86.60
-1.57080,-0.78540,0.39270,1.57080,2.74889,-2.74889,-1.57080,-0.39270,0.78540,1.96350,3.14159,-2.74889,-1.57080,-0.39270,0.00000,0.78540,1.57080,-2.74889,-2.74889,-1.17810,-0.39270,0.78540,1.96350,3.14159,-1.96350,-1.17810,0.00000,0.78540,1.57080,2.74889,-2.74889,-1.96350
86.81
-1.57080,-0.78540,0.39270,1.57080,2.74889,-2.74889,-1.57080,-0.39270,0.78540,1.96350,3.14159,-2.74889,-1.57080,-0.39270,-0.39270,0.78540,1.57080,-2.74889,-2.74889,-1.57080,-0.39270,0.78540,1.96350,3.14159,-1.96350,-1.17810,0.00000,0.78540,1.57080,2.35619,-2.74889,-2.35619
86.87
-1.96350,-0.78540,0.39270,1.57080,2.74889,-2.74889,-1.57080,-0.39270,0.78540,1.96350,3.14159,-2.74889,-1.57080,-0.78540,0.00000,0.78540,1.57080,3.14159,3.14159,-1.17810,-0.39270,0.78540,1.96350,3.14159,-1.96350,-0.78540,0.00000,1.17810,1.96350,3.14159,-2.74889,-2.35619
86.94
-1.57080,-0.78540,0.39270,1.57080,2.74889,-2.74889,-1.57080,-0.39270,0.78540,1.96350,3.14159,-2.74889,-1.57080,-0.78540,0.00000,0.78540,1.57080,3.14159,3.14159,-1.17810,-0.39270,0.78540,1.96350,3.14159,-1.96350,-0.78540,0.00000,1.17810,1.96350,3.14159,-2.74889,-2.35619
87.02
-1.57080,-0.78540,0.39270,1.57080,2.74889,-2.74889,-1.57080,-0.39270,0.78540,1.96350,3.14159,-2.74889,-1.57080,-0.78540,0.00000,0.78540,1.57080,3.14159,3.14159,-1.57080,-0.39270,0.78540,1.96350,3.14159,-1.96350,-0.78540,0.00000,1.17810,1.96350,3.14159,-2.74889,-2.35619
87.03
-1.57080,-0.78540,0.39270,1.57080,2.74889,-2.74889,-1.57080,0.00000,0.78540,1.96350,3.14159,-2.74889,-1.17810,-0.78540,0.00000,0.78540,1.57080,2.74889,3.14159,-1.17810,-0.39270,0.78540,1.96350,3.14159,-1.96350,-0.78540,0.00000,1.17810,1.96350,3.14159,-2.74889,-2.35619
87.22
-1.96350,-0.78540,0.39270,1.57080,2.74889,-2.74889,-1.57080,-0.39270,0.78540,1.96350,3.14159,-2.74889,-1.57080,-0.78540,0.00000,0.78540,1.57080,2.74889,3.14159,-1.17810,-0.39270,0.78540,1.96350,3.14159,-1.96350,-0.78540,0.00000,1.17810,2.35619,3.14159,-2.74889,-2.35619
87.44
-1.57080,-0.78540,0.39270,1.57080,2.35619,-2.74889,-1.57080,-0.39270,0.78540,1.96350,3.14159,-2.35619,-1.57080,-0.78540,0.00000,0.78540,1.57080,2.74889,3.14159,-1.57080,-0.39270,0.78540,1.96350,3.14159,-1.96350,-0.78540,0.00000,1.17810,2.35619,3.14159,-2.74889,-2.35619
87.58
-1.57080,-0.78540,0.39270,1.57080,2.35619,-2.74889,-1.57080,-0.39270,0.78540,1.96350,3.14159,-2.35619,-1.57080,-0.78540,0.00000,0.78540,1.57080,2.74889,3.14159,-1.57080,-0.39270,0.78540,1.96350,3.14159,-1.96350,-1.17810,0.00000,1.17810,2.35619,3.14159,-2.74889,-2.35619
87.61
-1.57080,-0.78540,0.39270,1.57080,2.74889,-2.74889,-1.57080,-0.39270,0.78540,1.96350,3.14159,-2.35619,-1.57080,-0.78540,0.00000,0.39270,1.57080,2.74889,3.14159,-1.57080,-0.39270,0.78540,1.96350,3.14159,-1.96350,-0.78540,0.00000,0.78540,1.96350,3.14159,-2.74889,-1.96350
87.66
-1.57080,-0.78540,0.39270,1.57080,2.74889,-2.74889,-1.17810,-0.39270,0.78540,1.96350,3.14159,-2.35619,-1.57080,-0.78540,0.00000,0.78540,1.57080,2.74889,3.14159,-1.17810,-0.39270,0.78540,1.96350,3.14159,-1.96350,-0.78540,0.00000,1.17810,1.96350,3.14159,-2.74889,-2.35619
87.93
-1.57080,-0.78540,0.39270,1.57080,2.74889,-2.74889,-1.57080,-0.39270,0.78540,1.96350,3.14159,-2.35619,-1.57080,-0.78540,0.00000,0.39270,1.57080,2.74889,3.14159,-1.57080,-0.39270,0.78540,1.96350,3.14159,-1.96350,-0.78540,-0.39270,1.17810,1.96350,2.74889,-2.74889,-2.35619
88.11
-1.57080,-0.78540,0.39270,1.57080,2.74889,-2.74889,-1.57080,-0.39270,0.78540,1.96350,3.14159,-2.35619,-1.57080,-0.78540,0.00000,0.39270,1.57080,2.74889,3.14159,-1.57080,-0.39270,0.78540,1.96350,3.14159,-1.96350,-0.78540,0.00000,1.17810,1.96350,2.74889,-2.74889,-1.96350
88.16
-1.57080,-0.78540,0.39270,1.57080,2.74889,-2.74889,-1.57080,-0.39270,0.78540,1.96350,3.14159,-2.35619,-1.57080,-0.78540,0.00000,0.39270,1.57080,2.74889,3.14159,-1.17810,-0.39270,0.78540,1.96350,3.14159,-1.96350,-0.78540,0.00000,1.17810,1.96350,2.74889,-2.74889,-2.35619
88.29
-1.57080,-0.78540,0.39270,1.57080,2.74889,-2.74889,-1.57080,-0.39270,0.78540,1.96350,3.14159,-2.35619,-1.57080,-0.78540,0.00000,0.39270,1.57080,2.74889,3.14159,-1.57080,-0.39270,0.78540,1.96350,3.14159,-1.96350,-0.78540,0.00000,1.17810,1.96350,2.74889,-2.74889,-2.35619
88.29
-1.57080,-0.78540,0.39270,1.57080,2.35619,-2.74889,-1.57080,-0.39270,0.78540,1.96350,3.14159,-2.35619,-1.57080,-0.78540,0.00000,0.39270,1.57080,2.74889,3.14159,-1.57080,-0.39270,0.78540,1.96350,3.14159,-1.96350,-1.17810,0.00000,1.17810,1.96350,2.74889,-2.74889,-2.35619
88.43
-1.57080,-0.78540,0.39270,1.57080,2.74889,-2.74889,-1.57080,-0.39270,0.78540,1.96350,3.14159,-2.35619,-1.57080,-0.78540,0.00000,0.39270,1.57080,2.74889,3.14159,-1.57080,-0.39270,0.78540,1.96350,3.14159,-1.96350,-1.17810,0.00000,1.17810,1.96350,2.74889,-2.74889,-2.35619
