10.10
0.39270,0.00000,-0.78540,-0.78540,-0.78540,0.00000,0.78540,0.39270,-0.78540,-0.39270,-0.39270,0.39270,0.78540,0.39270,-0.39270,-0.39270,-0.39270,0.39270,0.39270,0.78540,-0.78540,-0.78540,0.00000,0.00000,1.17810,0.39270,-0.78540,-0.39270,0.00000,0.39270,0.39270,-0.39270
65.00
1.17810,1.57080,-2.74889,-2.74889,-1.57080,0.00000,0.78540,0.78540,-2.74889,-2.74889,-0.39270,0.39270,1.17810,2.35619,-2.35619,-0.39270,-0.39270,0.78540,1.57080,2.74889,-2.74889,-0.78540,0.00000,0.00000,1.96350,2.35619,-1.57080,-0.39270,0.39270,0.78540,2.35619,-2.35619
68.98
1.17810,2.35619,-2.74889,-2.74889,-1.96350,0.00000,0.78540,1.57080,-2.74889,-2.74889,-0.78540,0.78540,2.35619,3.14159,-2.74889,-1.17810,0.00000,1.57080,1.57080,3.14159,-2.74889,-1.96350,0.00000,0.39270,1.57080,3.14159,-1.57080,-1.17810,0.39270,1.96350,3.14159,-2.74889
74.28
1.17810,1.96350,-2.74889,-2.74889,-1.96350,-0.39270,0.78540,1.96350,-2.74889,-2.74889,-0.78540,0.39270,1.96350,3.14159,-2.74889,-1.17810,-0.39270,1.17810,1.57080,3.14159,-2.74889,-1.57080,-1.17810,0.78540,1.96350,3.14159,-1.96350,-1.17810,0.39270,1.57080,3.14159,-2.74889
74.44
1.57080,3.14159,-2.74889,-2.74889,-1.96350,-0.39270,1.17810,2.74889,-2.74889,-2.74889,-0.39270,1.17810,1.96350,3.14159,-1.57080,-1.17810,0.00000,0.78540,1.57080,3.14159,-2.74889,-1.57080,0.00000,1.17810,2.35619,3.14159,-1.17810,-0.39270,1.17810,2.35619,3.14159,-2.74889
74.87
0.78540,1.96350,-2.74889,-2.74889,-2.74889,-0.39270,1.17810,2.35619,-2.74889,-1.96350,-0.39270,0.78540,2.74889,3.14159,-2.74889,-1.57080,-1.17810,0.39270,2.35619,3.14159,-2.74889,-1.57080,0.00000,0.78540,2.35619,3.14159,-1.57080,-0.78540,1.17810,2.35619,3.14159,-2.74889
78.00
0.78540,2.74889,-2.74889,-2.74889,-1.57080,-0.39270,0.78540,2.35619,-2.74889,-1.17810,-0.78540,1.17810,2.74889,3.14159,-2.74889,-1.57080,-0.39270,0.39270,1.96350,3.14159,-2.74889,-1.57080,0.00000,1.17810,2.35619,3.14159,-1.17810,-0.78540,1.17810,2.35619,3.14159,-2.74889
78.69
1.57080,2.74889,-2.74889,-2.74889,-1.17810,0.00000,0.78540,2.35619,-2.74889,-1.17810,-0.78540,0.78540,2.74889,3.14159,-2.74889,-1.57080,0.00000,0.78540,1.96350,3.14159,-2.74889,-1.57080,0.00000,1.57080,2.35619,3.14159,-1.17810,-0.39270,1.17810,2.35619,3.14159,-2.74889
79.33
0.39270,3.14159,-2.74889,-2.74889,-1.17810,0.00000,0.78540,2.35619,-2.74889,-1.57080,-0.39270,0.39270,1.96350,3.14159,-2.74889,-1.17810,-0.39270,0.78540,1.57080,3.14159,-2.74889,-0.78540,0.00000,1.57080,2.74889,3.14159,-1.17810,0.00000,0.78540,2.74889,3.14159,-2.74889
79.40
0.78540,3.14159,-2.74889,-2.74889,-1.57080,-0.39270,0.78540,1.96350,-2.74889,-1.96350,-0.39270,0.78540,1.96350,3.14159,-2.74889,-1.17810,0.00000,0.39270,1.57080,3.14159,-2.74889,-1.57080,0.00000,1.17810,2.35619,3.14159,-1.96350,-0.78540,0.39270,2.35619,3.14159,-2.74889
79.65
0.39270,2.74889,-2.74889,-2.74889,-1.96350,0.00000,1.17810,2.35619,-2.74889,-1.57080,-0.78540,1.17810,2.35619,3.14159,-2.74889,-1.57080,-0.39270,0.78540,1.96350,3.14159,-2.74889,-1.57080,0.00000,1.17810,2.35619,3.14159,-1.57080,0.00000,1.17810,2.35619,3.14159,-2.74889
80.61
0.78540,2.74889,-2.74889,-2.74889,-1.57080,0.00000,0.78540,2.35619,-2.74889,-1.96350,-0.39270,0.78540,1.96350,3.14159,-2.74889,-1.17810,-0.39270,0.39270,1.96350,3.14159,-2.74889,-1.57080,0.00000,1.17810,2.74889,3.14159,-1.57080,0.00000,1.17810,2.74889,3.14159,-2.74889
81.37
0.78540,2.74889,-2.74889,-2.74889,-1.57080,-0.39270,1.57080,2.35619,-2.74889,-1.57080,-0.39270,1.17810,1.96350,3.14159,-2.74889,-1.17810,-0.39270,0.78540,1.57080,3.14159,-2.74889,-1.17810,0.00000,1.57080,2.35619,3.14159,-1.57080,-0.39270,0.78540,2.35619,3.14159,-2.74889
81.49
0.78540,2.35619,-2.74889,-2.74889,-1.57080,0.39270,1.17810,1.96350,-2.74889,-1.57080,-0.78540,0.78540,2.35619,3.14159,-2.74889,-1.17810,-0.39270,0.39270,1.57080,3.14159,-2.74889,-1.57080,0.39270,1.17810,2.35619,3.14159,-1.57080,-0.39270,0.78540,1.96350,3.14159,-2.74889
81.63
0.78540,1.96350,-2.74889,-2.74889,-1.17810,-0.39270,0.78540,2.35619,-2.74889,-1.57080,-0.39270,0.78540,2.35619,3.14159,-2.74889,-0.78540,0.00000,0.39270,1.96350,3.14159,-2.74889,-1.17810,0.00000,1.57080,2.35619,3.14159,-0.78540,0.00000,0.78540,2.35619,3.14159,-2.74889
81.89
0.78540,2.35619,-2.74889,-2.74889,-1.96350,-0.39270,1.17810,2.35619,-2.74889,-1.96350,-0.78540,0.78540,1.96350,3.14159,-2.74889,-1.57080,0.00000,0.39270,1.57080,3.14159,-2.74889,-1.57080,0.00000,1.17810,2.74889,3.14159,-1.57080,-0.39270,0.78540,1.96350,3.14159,-2.74889
81.94
0.78540,1.96350,-2.74889,-2.74889,-1.96350,-0.39270,1.17810,2.35619,-2.74889,-1.96350,-0.78540,0.78540,1.96350,3.14159,-2.74889,-1.57080,0.00000,0.39270,1.57080,3.14159,-2.74889,-1.57080,0.00000,1.17810,2.74889,3.14159,-1.57080,-0.78540,0.78540,1.96350,3.14159,-2.74889
82.01
0.78540,2.35619,-2.74889,-2.74889,-1.57080,-0.39270,1.17810,2.35619,-2.74889,-1.57080,-0.39270,1.17810,1.96350,3.14159,-2.74889,-0.78540,-0.78540,0.78540,1.96350,3.14159,-2.74889,-1.57080,0.00000,1.57080,2.35619,3.14159,-1.17810,-0.39270,0.78540,1.96350,3.14159,-2.74889
82.85
0.39270,2.35619,-2.74889,-2.74889,-1.57080,0.00000,1.17810,2.35619,-2.74889,-1.57080,-0.78540,0.78540,2.35619,3.14159,-2.74889,-1.57080,-0.39270,0.39270,1.57080,3.14159,-2.74889,-1.57080,0.00000,1.17810,2.35619,3.14159,-1.57080,-0.39270,0.78540,1.96350,3.14159,-2.74889
82.91
0.78540,2.35619,-2.74889,-2.74889,-1.57080,-0.39270,1.17810,2.35619,-2.74889,-1.57080,-0.78540,0.78540,2.35619,3.14159,-1.57080,-1.17810,-0.39270,0.39270,1.96350,3.14159,-2.74889,-1.17810,0.00000,1.17810,2.35619,3.14159,-1.57080,-0.39270,0.78540,1.57080,3.14159,-2.74889
83.74
1.17810,1.96350,-2.74889,-2.74889,-1.17810,0.00000,1.17810,2.35619,-2.74889,-1.57080,-0.39270,0.78540,2.35619,3.14159,-2.74889,-0.78540,-0.39270,0.78540,1.57080,3.14159,-2.74889,-1.17810,0.00000,1.17810,2.35619,3.14159,-1.17810,-0.39270,0.78540,1.96350,3.14159,-2.74889
84.20
0.78540,1.96350,-2.74889,-2.74889,-1.57080,-0.39270,1.17810,2.35619,-2.74889,-1.96350,-0.78540,0.78540,1.96350,3.14159,-2.74889,-1.57080,-0.39270,0.39270,1.57080,3.14159,-2.74889,-1.57080,0.00000,1.17810,2.35619,3.14159,-1.57080,-0.39270,0.78540,1.96350,3.14159,-2.74889
84.45
1.17810,1.96350,-2.74889,-2.74889,-1.17810,0.00000,1.17810,1.96350,-2.74889,-1.57080,-0.39270,0.78540,1.96350,3.14159,-2.74889,-1.17810,-0.39270,0.39270,1.57080,3.14159,-2.74889,-1.57080,0.00000,1.17810,2.35619,3.14159,-1.57080,-0.39270,0.78540,1.96350,3.14159,-2.74889
84.54
0.78540,1.96350,-2.74889,-2.74889,-1.17810,0.00000,1.17810,2.35619,-2.74889,-1.57080,-0.39270,0.78540,1.96350,3.14159,-2.74889,-1.57080,-0.39270,0.39270,1.57080,3.14159,-2.74889,-1.17810,0.00000,1.17810,2.35619,3.14159,-1.57080,-0.39270,0.78540,1.57080,3.14159,-2.74889
84.57
1.17810,1.57080,-2.74889,-2.74889,-1.57080,0.00000,1.17810,2.35619,-2.74889,-1.57080,-0.39270,0.78540,1.96350,3.14159,-2.74889,-1.17810,-0.39270,0.39270,1.57080,3.14159,-2.74889,-1.17810,0.00000,1.17810,2.74889,3.14159,-1.57080,-0.39270,0.78540,1.96350,3.14159,-2.74889
84.76
0.78540,1.57080,-2.74889,-2.74889,-1.57080,-0.39270,0.78540,2.35619,-2.74889,-1.96350,-0.39270,0.78540,1.57080,3.14159,-2.74889,-1.57080,-0.78540,0.39270,1.57080,3.14159,-2.74889,-1.57080,0.00000,1.17810,2.35619,3.14159,-1.57080,-0.39270,0.78540,1.96350,3.14159,-2.74889
84.80
1.17810,1.57080,-2.74889,-2.74889,-1.57080,-0.39270,0.78540,2.35619,-2.74889,-1.57080,-0.39270,0.78540,1.57080,3.14159,-2.74889,-1.57080,-0.39270,0.39270,1.57080,3.14159,-2.74889,-1.57080,0.00000,1.17810,2.35619,3.14159,-1.57080,-0.39270,0.78540,1.96350,3.14159,-2.74889
85.06
0.78540,1.96350,-2.74889,-2.74889,-1.17810,-0.39270,1.17810,2.35619,-2.74889,-1.57080,-0.39270,0.78540,1.96350,3.14159,-2.74889,-1.17810,-0.39270,0.39270,1.57080,3.14159,-2.74889,-1.17810,0.00000,1.17810,2.35619,3.14159,-1.57080,-0.39270,0.78540,1.96350,3.14159,-2.74889
85.16
0.78540,1.57080,-2.74889,-2.74889,-1.17810,-0.39270,1.17810,2.35619,-2.74889,-1.57080,-0.39270,0.78540,1.96350,3.14159,-2.74889,-1.57080,-0.39270,0.39270,1.57080,3.14159,-2.74889,-1.17810,0.00000,1.17810,2.35619,3.14159,-1.57080,-0.39270,0.78540,1.96350,3.14159,-2.74889
85.16
0.78540,1.57080,-2.74889,-2.74889,-1.17810,0.00000,1.17810,2.35619,-2.74889,-1.57080,-0.39270,0.78540,1.96350,3.14159,-2.74889,-1.17810,-0.39270,0.39270,1.57080,3.14159,-2.74889,-1.17810,0.00000,1.17810,2.35619,3.14159,-1.57080,-0.39270,0.78540,1.96350,3.14159,-2.74889
85.20
0.78540,1.57080,-2.74889,-2.74889,-1.57080,-0.39270,0.78540,2.35619,-2.74889,-1.57080,-0.39270,0.78540,1.96350,3.14159,-2.74889,-1.17810,-0.78540,0.39270,1.57080,3.14159,-2.74889,-1.17810,0.00000,1.17810,2.35619,3.14159,-1.57080,-0.39270,0.78540,1.96350,3.14159,-2.74889
85.23
0.78540,1.57080,-2.74889,-2.74889,-1.57080,-0.39270,0.78540,2.35619,-2.74889,-1.57080,-0.39270,0.78540,1.96350,3.14159,-2.74889,-1.17810,-0.39270,0.78540,1.57080,3.14159,-2.74889,-1.17810,0.00000,1.17810,2.35619,3.14159,-1.57080,-0.39270,0.78540,1.96350,3.14159,-2.74889
85.34
0.78540,1.57080,-2.74889,-2.74889,-1.17810,-0.39270,0.78540,2.35619,-2.74889,-1.57080,-0.39270,0.78540,1.96350,3.14159,-2.74889,-1.17810,-0.39270,0.39270,1.57080,3.14159,-2.74889,-1.17810,0.00000,1.17810,2.35619,3.14159,-1.57080,-0.39270,0.78540,1.96350,3.14159,-2.74889
85.41
0.78540,1.57080,-2.74889,-2.35619,-1.57080,-0.39270,0.78540,2.35619,-2.74889,-1.57080,-0.39270,0.78540,1.96350,3.14159,-2.74889,-1.57080,-0.39270,0.39270,1.57080,3.14159,-2.74889,-1.17810,0.00000,1.17810,2.35619,3.14159,-1.57080,-0.39270,0.78540,1.96350,3.14159,-2.74889
85.44
0.78540,1.57080,-2.74889,-2.35619,-1.17810,-0.39270,0.78540,1.96350,-2.74889,-1.57080,-0.39270,0.78540,1.96350,3.14159,-2.74889,-1.17810,-0.39270,0.39270,1.57080,3.14159,-2.74889,-1.17810,0.00000,1.17810,2.35619,3.14159,-1.57080,-0.39270,0.78540,1.96350,3.14159,-2.74889
85.46
0.78540,1.57080,-2.74889,-2.35619,-1.57080,-0.39270,0.78540,2.35619,-2.74889,-1.57080,-0.39270,0.78540,1.96350,3.14159,-2.74889,-1.17810,-0.39270,0.39270,1.57080,3.14159,-2.74889,-1.17810,0.00000,1.17810,2.35619,3.14159,-1.57080,-0.39270,0.78540,1.96350,3.14159,-2.74889
85.49
1.17810,1.57080,-2.74889,-2.74889,-1.57080,-0.39270,1.17810,1.96350,-2.74889,-1.57080,-0.39270,0.78540,1.96350,3.14159,-2.35619,-1.17810,-0.39270,0.39270,1.57080,3.14159,-2.74889,-1.17810,0.00000,1.17810,2.35619,3.14159,-1.57080,-0.39270,0.78540,1.96350,3.14159,-2.74889
85.70
0.78540,1.57080,-2.74889,-2.74889,-1.17810,-0.39270,0.78540,1.96350,-2.74889,-1.57080,-0.39270,0.78540,1.57080,3.14159,-2.35619,-1.17810,-0.39270,0.39270,1.57080,3.14159,-2.74889,-1.17810,0.00000,1.17810,2.35619,3.14159,-1.57080,-0.39270,0.78540,1.96350,3.14159,-2.74889
85.86
0.78540,1.57080,-2.74889,-2.74889,-1.57080,-0.39270,0.78540,2.35619,-2.74889,-1.57080,-0.39270,0.78540,1.96350,3.14159,-2.35619,-1.17810,-0.39270,0.39270,1.57080,3.14159,-2.74889,-1.17810,0.00000,1.17810,2.35619,3.14159,-1.57080,-0.39270,0.78540,1.96350,3.14159,-2.74889
85.90
0.78540,1.57080,-2.74889,-2.74889,-1.17810,-0.39270,0.78540,2.35619,-2.74889,-1.57080,-0.39270,0.78540,1.96350,3.14159,-2.35619,-1.17810,-0.39270,0.39270,1.57080,3.14159,-2.74889,-1.17810,0.00000,1.17810,2.35619,3.14159,-1.57080,-0.39270,0.78540,1.96350,3.14159,-2.74889
85.90
0.39270,1.57080,-2.74889,3.14159,-1.57080,-0.39270,0.78540,1.96350,3.14159,-1.96350,-0.78540,0.39270,1.57080,2.74889,-2.74889,-1.57080,-0.78540,0.39270,1.57080,2.35619,-2.74889,-1.57080,-0.39270,0.78540,1.96350,3.14159,-1.96350,-0.39270,0.39270,1.57080,2.74889,-2.74889
85.99
0.39270,1.57080,-2.74889,3.14159,-1.57080,-0.39270,0.78540,1.96350,3.14159,-1.96350,-0.78540,0.39270,1.57080,2.74889,-2.74889,-1.57080,-0.78540,0.39270,1.17810,2.35619,-2.74889,-1.57080,-0.39270,0.78540,1.96350,3.14159,-1.96350,-0.78540,0.78540,1.57080,2.74889,-2.74889
86.02
0.39270,1.57080,-2.74889,3.14159,-1.57080,-0.39270,0.78540,1.96350,3.14159,-1.96350,-0.78540,0.39270,1.57080,2.74889,-2.74889,-1.57080,-0.78540,0.39270,1.17810,2.35619,-2.74889,-1.57080,-0.39270,0.78540,1.96350,3.14159,-1.96350,-0.78540,0.39270,1.57080,2.74889,-2.74889
86.03
0.39270,1.17810,-2.74889,3.14159,-1.57080,-0.39270,0.78540,1.96350,3.14159,-1.96350,-0.78540,0.39270,1.57080,2.74889,-2.74889,-1.57080,-0.78540,0.39270,1.17810,2.35619,-2.74889,-1.57080,-0.39270,0.78540,1.96350,3.14159,-1.96350,-0.39270,0.39270,1.57080,2.74889,-2.74889
86.11
0.39270,1.17810,-2.74889,3.14159,-1.57080,-0.39270,0.78540,1.96350,3.14159,-1.96350,-0.78540,0.39270,1.57080,2.74889,-2.74889,-1.57080,-0.78540,0.39270,1.17810,2.35619,-2.74889,-1.57080,-0.39270,0.78540,1.96350,3.14159,-1.96350,-0.78540,0.39270,1.57080,2.35619,-2.74889
86.11
0.39270,1.17810,-2.74889,3.14159,-1.57080,-0.39270,0.78540,1.96350,3.14159,-1.96350,-0.78540,0.39270,1.57080,2.74889,-2.74889,-1.57080,-0.78540,0.39270,1.17810,2.35619,-2.74889,-1.57080,-0.39270,0.78540,1.96350,3.14159,-1.96350,-0.78540,0.39270,1.57080,2.74889,-2.74889
