4.72
0.39270,-0.78540,-0.78540,0.00000,0.00000,0.00000,0.00000,-0.78540,-0.78540,-0.78540,0.39270,0.39270,0.78540,-0.78540,-0.39270,0.00000,0.00000,0.00000,-0.78540,0.78540,-0.39270,0.00000,0.39270,0.78540,0.78540,-0.39270,0.00000,0.78540,-0.39270,-0.78540,-0.39270,0.00000
21.29
0.39270,-1.57080,-1.57080,-0.78540,0.00000,0.39270,0.39270,-1.57080,-1.57080,-0.78540,0.39270,0.78540,1.57080,-1.57080,-0.78540,0.39270,0.78540,0.39270,-1.57080,1.57080,-0.78540,0.39270,0.78540,1.57080,1.57080,-0.78540,0.39270,0.78540,0.78540,-1.57080,-0.39270,-0.39270
55.05
0.78540,-2.74889,-2.74889,-1.57080,-0.39270,0.00000,1.17810,-2.74889,-2.74889,-1.17810,0.00000,1.17810,2.74889,-2.74889,-0.78540,0.00000,0.78540,0.39270,-2.74889,2.74889,-1.17810,0.00000,0.39270,2.74889,2.74889,-0.78540,0.00000,1.17810,1.17810,-2.74889,-0.39270,0.00000
64.34
0.78540,-2.74889,-2.74889,-1.96350,-0.78540,0.00000,1.57080,-2.74889,-2.74889,-0.78540,0.39270,1.57080,3.14159,-2.74889,-0.78540,-0.78540,0.78540,1.17810,-2.74889,3.14159,-0.78540,-0.39270,0.78540,3.14159,3.14159,-1.17810,0.00000,1.17810,2.35619,-2.74889,-0.39270,0.39270
64.88
1.57080,-2.74889,-2.74889,3.14159,-0.78540,0.78540,2.74889,-2.74889,-2.74889,-0.78540,1.17810,1.96350,3.14159,-2.74889,-1.17810,0.00000,1.17810,1.57080,3.14159,-2.74889,-1.17810,0.39270,1.57080,3.14159,-2.74889,-0.39270,0.78540,1.57080,-2.74889,-2.74889,-1.57080,-0.39270
66.05
1.57080,-2.74889,-2.74889,3.14159,-0.39270,0.78540,1.96350,-2.74889,-2.74889,-0.78540,0.78540,1.57080,3.14159,-2.74889,-1.17810,-0.39270,1.17810,3.14159,3.14159,-2.74889,-1.17810,0.39270,1.57080,3.14159,-2.74889,-0.78540,0.78540,1.96350,-2.74889,-2.74889,-1.57080,-0.39270
66.08
1.17810,-2.74889,-2.74889,3.14159,-0.78540,0.39270,1.57080,-2.74889,-2.74889,-1.17810,0.39270,2.35619,3.14159,-2.74889,-0.78540,-0.39270,1.17810,3.14159,3.14159,-2.74889,-0.78540,0.39270,1.57080,3.14159,-2.74889,-0.78540,0.39270,1.57080,-2.74889,-2.74889,-1.17810,0.00000
66.14
1.17810,-2.74889,-2.74889,3.14159,-0.78540,0.39270,1.96350,-2.74889,-2.74889,-1.57080,0.39270,1.96350,3.14159,-2.74889,-0.78540,-0.39270,0.78540,2.74889,3.14159,-2.74889,-1.17810,0.78540,1.57080,3.14159,-2.74889,-0.78540,0.39270,1.57080,-2.74889,-2.74889,-1.17810,0.00000
66.82
1.17810,-2.74889,-2.74889,3.14159,-0.78540,0.78540,1.57080,-2.74889,-2.74889,-0.39270,0.78540,1.96350,3.14159,-2.74889,-0.78540,-0.39270,1.17810,3.14159,3.14159,-2.74889,-1.17810,0.39270,1.57080,3.14159,-2.74889,-0.78540,0.39270,1.96350,-2.74889,-2.74889,-1.17810,-0.39270
67.11
1.17810,-2.74889,-2.74889,3.14159,-0.78540,0.78540,1.57080,-2.74889,-2.74889,-0.78540,0.78540,2.35619,3.14159,-2.74889,-0.78540,-0.39270,0.78540,2.74889,3.14159,-2.74889,-0.78540,0.78540,1.57080,3.14159,-2.74889,-0.78540,0.39270,1.57080,-2.74889,-2.74889,-1.17810,-0.78540
67.41
1.17810,-2.74889,-2.74889,3.14159,-0.78540,1.17810,1.57080,-2.74889,-2.74889,-1.17810,0.39270,1.96350,3.14159,-2.74889,-0.78540,0.00000,1.17810,2.74889,3.14159,-2.74889,-0.78540,0.39270,1.57080,3.14159,-2.74889,-0.78540,0.39270,1.57080,-2.74889,-2.74889,-1.17810,-0.39270
67.58
1.57080,-2.74889,-2.74889,3.14159,-0.78540,0.78540,1.57080,-2.74889,-2.74889,-0.78540,0.39270,2.35619,3.14159,-2.74889,-1.17810,0.00000,0.78540,2.74889,3.14159,-2.74889,-0.78540,0.39270,1.57080,3.14159,-2.74889,-1.17810,0.39270,1.96350,-2.74889,-2.74889,-1.17810,-0.39270
68.56
1.96350,-2.74889,-2.74889,3.14159,-0.39270,0.78540,2.35619,-2.74889,-2.74889,-0.78540,0.39270,1.57080,3.14159,-1.96350,-0.78540,0.39270,1.17810,2.35619,3.14159,-2.74889,-0.78540,0.39270,1.57080,3.14159,-2.74889,-0.78540,0.78540,1.57080,-2.74889,-2.74889,-1.17810,-0.39270
68.91
1.17810,-2.74889,-2.74889,3.14159,-0.78540,0.78540,2.35619,-2.74889,-2.35619,-0.78540,0.78540,1.57080,3.14159,-2.74889,-0.78540,0.00000,0.78540,2.74889,3.14159,-2.74889,-0.78540,0.78540,1.57080,3.14159,-2.74889,-0.78540,0.39270,1.57080,-2.74889,-2.74889,-1.17810,-0.39270
69.08
1.57080,-2.74889,-2.74889,3.14159,-0.78540,0.78540,1.96350,-2.74889,-2.74889,-0.78540,0.78540,1.96350,3.14159,-2.74889,-0.78540,0.00000,1.17810,2.35619,3.14159,-2.74889,-1.17810,0.39270,1.57080,3.14159,-2.74889,-0.78540,0.39270,1.96350,-2.74889,-2.74889,-1.17810,-0.39270
69.32
1.17810,-2.74889,-2.74889,3.14159,-0.39270,0.39270,1.96350,-2.74889,-2.74889,-0.78540,0.39270,1.96350,3.14159,-2.74889,-0.78540,0.00000,1.17810,2.74889,3.14159,-1.96350,-1.17810,0.39270,1.57080,3.14159,-2.74889,-0.78540,0.39270,1.96350,-2.74889,-2.74889,-1.57080,-0.39270
69.36
1.17810,-2.74889,-2.74889,3.14159,-0.78540,0.78540,1.96350,-2.74889,-2.74889,-0.78540,0.39270,1.96350,3.14159,-2.74889,-0.78540,0.00000,1.17810,2.74889,3.14159,-2.35619,-0.78540,0.39270,1.57080,3.14159,-2.74889,-1.17810,0.39270,1.57080,-2.74889,-2.74889,-1.57080,-0.39270
70.05
1.57080,-2.74889,-2.74889,3.14159,-0.78540,0.78540,1.96350,-2.74889,-2.35619,-0.78540,0.78540,1.96350,3.14159,-2.74889,-1.17810,0.00000,1.17810,2.74889,3.14159,-2.35619,-0.78540,0.39270,1.57080,3.14159,-2.74889,-0.78540,0.00000,1.57080,-2.74889,-2.74889,-1.57080,-0.78540
70.71
1.17810,-2.74889,-2.74889,3.14159,-0.78540,0.78540,1.57080,-2.74889,-2.35619,-0.78540,0.39270,1.57080,3.14159,-2.74889,-0.78540,0.00000,1.17810,2.35619,3.14159,-2.35619,-1.17810,0.39270,1.17810,3.14159,-2.74889,-0.78540,0.39270,1.96350,-2.74889,-2.74889,-1.17810,0.00000
70.82
1.17810,-2.74889,-2.74889,3.14159,-0.78540,0.78540,1.96350,-2.74889,-2.35619,-0.78540,0.39270,2.35619,3.14159,-2.74889,-0.78540,0.39270,1.17810,2.74889,3.14159,-2.35619,-0.78540,0.39270,1.57080,3.14159,-2.35619,-0.78540,0.39270,1.96350,-2.74889,-2.74889,-1.17810,-0.78540
71.64
1.17810,-2.74889,-2.74889,3.14159,-0.78540,0.78540,1.96350,-2.74889,-1.96350,-0.78540,0.39270,2.35619,3.14159,-2.74889,-0.78540,0.00000,0.78540,2.74889,3.14159,-1.96350,-0.78540,0.39270,1.57080,3.14159,-2.35619,-0.78540,0.78540,1.57080,-2.74889,-2.74889,-1.57080,-0.78540
71.95
0.78540,-2.74889,-2.74889,3.14159,-0.39270,0.78540,1.57080,-2.74889,-2.35619,-0.78540,0.39270,1.57080,3.14159,-2.74889,-0.78540,0.39270,1.17810,2.35619,3.14159,-2.35619,-0.78540,0.39270,1.57080,3.14159,-2.35619,-0.78540,0.00000,1.57080,-2.74889,-2.74889,-1.17810,0.00000
72.22
0.78540,-2.74889,-2.74889,3.14159,-0.39270,0.78540,1.96350,-2.74889,-1.96350,-0.78540,0.39270,1.96350,3.14159,-2.74889,-0.78540,0.00000,1.17810,2.35619,3.14159,-1.96350,-0.78540,0.39270,1.96350,3.14159,-2.74889,-0.78540,0.39270,1.57080,-2.74889,-2.74889,-1.17810,-0.39270
72.32
1.17810,-2.74889,-2.74889,3.14159,-0.78540,0.78540,1.57080,-2.74889,-2.35619,-0.78540,0.39270,1.96350,3.14159,-2.74889,-0.39270,0.00000,0.39270,1.57080,3.14159,-1.96350,-0.78540,0.39270,1.57080,3.14159,-1.96350,-0.78540,0.39270,1.17810,-2.74889,-2.74889,-1.17810,-0.39270
72.60
1.17810,-2.74889,-2.74889,3.14159,-0.78540,0.78540,1.57080,-2.74889,-1.96350,-0.39270,0.39270,1.96350,3.14159,-2.74889,-0.78540,0.00000,0.39270,1.57080,3.14159,-1.96350,-0.78540,0.39270,1.96350,3.14159,-1.96350,-0.78540,0.39270,1.17810,-2.74889,-2.74889,-1.57080,0.00000
72.90
0.78540,-2.74889,-2.74889,3.14159,-0.78540,0.39270,1.96350,-2.74889,-2.35619,-0.78540,0.78540,1.96350,3.14159,-2.74889,-0.78540,0.00000,1.17810,2.35619,3.14159,-1.96350,-1.17810,0.39270,1.57080,3.14159,-2.35619,-0.78540,0.39270,1.57080,-2.74889,-2.74889,-1.57080,-0.39270
73.14
1.17810,-2.74889,-2.74889,3.14159,-0.78540,0.78540,1.96350,-2.74889,-1.57080,-0.78540,0.39270,1.96350,3.14159,-2.74889,-0.78540,0.00000,0.78540,1.57080,3.14159,-1.96350,-0.78540,0.39270,1.57080,3.14159,-2.35619,-0.78540,0.78540,1.96350,-2.74889,-2.74889,-1.17810,-0.39270
73.38
1.17810,-2.74889,-2.74889,3.14159,-0.78540,0.78540,1.96350,-2.74889,-1.57080,-0.78540,0.78540,1.96350,3.14159,-2.35619,-0.78540,0.00000,0.78540,2.35619,3.14159,-1.96350,-0.78540,0.39270,1.96350,3.14159,-2.74889,-0.78540,0.39270,1.57080,-2.74889,-2.74889,-1.17810,-0.39270
73.68
1.17810,-2.74889,-2.74889,3.14159,-0.78540,0.78540,1.57080,-2.74889,-1.96350,-0.78540,0.78540,1.96350,3.14159,-2.74889,-1.17810,0.00000,1.17810,2.35619,3.14159,-2.35619,-0.78540,0.39270,1.57080,3.14159,-1.96350,-0.78540,0.39270,1.57080,-2.74889,-2.74889,-1.57080,0.00000
73.83
1.57080,-2.74889,-2.74889,3.14159,-0.78540,0.78540,1.96350,-2.74889,-1.57080,-0.78540,0.39270,1.96350,3.14159,-2.74889,-0.78540,0.00000,0.39270,1.96350,3.14159,-2.35619,-1.17810,0.39270,1.57080,3.14159,-1.96350,-0.78540,0.39270,1.57080,-2.74889,-2.35619,-1.17810,0.00000
74.43
1.96350,-2.74889,-2.74889,3.14159,-0.78540,0.78540,1.96350,-2.74889,-1.57080,-0.78540,0.78540,1.96350,3.14159,-2.74889,-0.78540,0.00000,0.78540,1.96350,3.14159,-1.96350,-0.78540,0.39270,1.96350,3.14159,-1.96350,-0.78540,0.39270,1.57080,-2.74889,-2.35619,-1.57080,0.00000
74.43
1.17810,-2.74889,-2.74889,3.14159,-0.78540,0.78540,1.96350,-2.74889,-1.96350,-0.78540,0.78540,1.96350,3.14159,-2.74889,-0.78540,0.00000,0.78540,1.96350,3.14159,-1.96350,-0.78540,0.39270,1.57080,3.14159,-2.35619,-0.78540,0.39270,1.57080,-2.74889,-2.74889,-1.17810,-0.39270
74.48
1.57080,-2.74889,-2.74889,3.14159,-0.78540,0.78540,1.96350,-2.74889,-1.96350,-0.78540,0.39270,1.96350,3.14159,-2.74889,-0.78540,0.00000,0.78540,1.96350,3.14159,-1.96350,-0.78540,0.39270,1.57080,3.14159,-1.96350,-0.78540,0.39270,1.57080,-2.74889,-2.74889,-1.57080,-0.39270
74.52
1.17810,-2.74889,-2.74889,3.14159,-0.78540,0.39270,1.96350,-2.74889,-1.96350,-0.78540,0.78540,1.96350,3.14159,-2.74889,-0.78540,0.00000,0.78540,1.96350,3.14159,-1.96350,-0.78540,0.39270,1.57080,3.14159,-2.35619,-0.78540,0.39270,1.57080,-2.74889,-2.74889,-1.17810,-0.39270
74.64
1.17810,-2.74889,-2.74889,3.14159,-0.78540,0.39270,1.57080,-2.74889,-1.96350,-0.78540,0.39270,1.57080,3.14159,-2.74889,-0.78540,0.00000,1.17810,1.96350,3.14159,-1.96350,-0.78540,0.39270,1.57080,3.14159,-1.96350,-0.78540,0.39270,1.57080,-2.74889,-2.74889,-1.17810,-0.39270
74.78
1.57080,-2.74889,-2.74889,3.14159,-0.78540,0.39270,1.96350,-2.74889,-1.96350,-0.78540,0.78540,1.96350,3.14159,-2.74889,-0.78540,0.00000,0.78540,1.96350,3.14159,-1.96350,-0.78540,0.39270,1.57080,3.14159,-1.96350,-0.78540,0.39270,1.57080,-2.74889,-2.74889,-1.17810,-0.39270
74.83
1.17810,-2.74889,-2.74889,3.14159,-0.78540,0.39270,1.57080,-2.74889,-1.96350,-0.78540,0.78540,1.96350,3.14159,-2.74889,-0.78540,0.00000,1.17810,1.96350,3.14159,-1.96350,-0.78540,0.39270,1.57080,3.14159,-1.96350,-0.78540,0.39270,1.57080,-2.74889,-2.35619,-1.17810,-0.78540
75.02
1.17810,-2.74889,-2.74889,3.14159,-0.78540,0.78540,1.96350,-2.74889,-1.57080,-0.39270,0.78540,1.96350,3.14159,-2.74889,-0.78540,0.39270,1.17810,2.35619,3.14159,-1.96350,-0.78540,0.39270,1.96350,3.14159,-1.96350,-0.78540,0.39270,1.57080,-2.74889,-2.35619,-1.17810,-0.39270
75.09
1.17810,-2.74889,-2.74889,3.14159,-0.78540,0.78540,1.96350,-2.74889,-1.57080,-0.39270,0.78540,1.96350,3.14159,-2.74889,-0.78540,0.39270,1.17810,1.96350,3.14159,-1.96350,-0.78540,0.39270,1.57080,3.14159,-1.96350,-0.78540,0.39270,1.96350,-2.74889,-2.35619,-1.17810,-0.39270
75.26
1.17810,-2.74889,-2.74889,3.14159,-0.39270,0.78540,1.96350,-2.74889,-1.96350,-0.39270,0.78540,1.96350,3.14159,-2.74889,-0.78540,0.39270,1.17810,1.96350,3.14159,-1.96350,-0.78540,0.39270,1.57080,3.14159,-1.96350,-0.78540,0.39270,1.96350,-2.74889,-2.35619,-1.17810,-0.39270
75.29
1.17810,-2.74889,-2.74889,3.14159,-0.39270,0.78540,1.96350,-2.74889,-1.96350,-0.39270,0.78540,1.96350,3.14159,-2.74889,-0.78540,0.39270,1.17810,1.96350,3.14159,-1.96350,-0.78540,0.39270,1.57080,3.14159,-1.96350,-0.78540,0.39270,1.57080,-2.74889,-2.35619,-1.17810,-0.39270
75.34
1.17810,-2.74889,-2.74889,3.14159,-0.78540,0.39270,1.57080,-2.74889,-1.57080,-0.78540,0.78540,1.96350,3.14159,-1.96350,-0.78540,0.00000,1.17810,1.96350,3.14159,-2.35619,-0.78540,0.39270,1.57080,3.14159,-1.96350,-0.78540,0.39270,1.57080,-2.74889,-2.74889,-1.17810,-0.39270
75.48
1.17810,-2.74889,-2.74889,3.14159,-0.78540,0.78540,1.57080,-2.74889,-1.96350,-0.78540,0.39270,1.96350,3.14159,-2.35619,-0.78540,0.00000,1.17810,1.96350,3.14159,-1.96350,-0.78540,0.39270,1.57080,3.14159,-1.96350,-0.78540,0.39270,1.57080,-2.74889,-2.74889,-1.17810,-0.39270
75.55
1.57080,-2.74889,-2.74889,3.14159,-0.39270,0.78540,1.96350,-2.74889,-1.57080,-0.39270,0.78540,1.96350,3.14159,-1.57080,-0.39270,0.00000,1.17810,2.35619,3.14159,-1.96350,-0.78540,0.39270,1.57080,3.14159,-1.96350,-0.78540,0.39270,1.57080,-2.74889,-2.74889,-1.17810,-0.39270
75.91
1.17810,-2.74889,-2.74889,3.14159,-0.39270,0.78540,1.96350,-2.74889,-1.96350,-0.39270,0.78540,1.57080,3.14159,-2.35619,-0.78540,0.39270,0.78540,2.35619,3.14159,-1.96350,-0.78540,0.39270,1.57080,3.14159,-1.96350,-0.78540,0.39270,1.57080,-2.74889,-2.35619,-1.17810,-0.39270
76.17
1.57080,-2.74889,-2.74889,3.14159,-0.39270,0.78540,1.96350,-2.74889,-1.96350,-0.39270,0.78540,1.96350,3.14159,-2.35619,-0.78540,0.39270,0.78540,2.35619,3.14159,-1.96350,-0.78540,0.39270,1.57080,3.14159,-1.96350,-0.78540,0.39270,1.57080,-2.74889,-2.35619,-1.17810,0.00000
76.24
1.17810,-2.74889,-2.74889,3.14159,-0.78540,0.39270,1.96350,-2.74889,-1.96350,-0.78540,0.78540,1.96350,3.14159,-1.57080,-0.78540,0.00000,1.17810,1.96350,3.14159,-1.96350,-0.78540,0.39270,1.96350,3.14159,-1.96350,-0.78540,0.39270,1.57080,-2.74889,-2.35619,-1.17810,-0.39270
76.40
1.17810,-2.74889,-2.74889,3.14159,-0.78540,0.39270,1.96350,-2.74889,-1.96350,-0.39270,0.78540,1.96350,3.14159,-1.96350,-0.78540,0.39270,1.17810,2.35619,3.14159,-1.96350,-0.78540,0.39270,1.57080,3.14159,-1.96350,-0.78540,0.39270,1.96350,-2.74889,-2.35619,-1.17810,-0.39270
76.45
1.17810,-2.74889,-2.74889,3.14159,-0.39270,0.39270,1.96350,-2.74889,-1.96350,-0.78540,0.78540,1.96350,3.14159,-1.96350,-0.78540,0.00000,1.17810,2.35619,3.14159,-1.96350,-0.78540,0.39270,1.57080,3.14159,-1.96350,-0.78540,0.39270,1.96350,-2.74889,-2.35619,-1.17810,0.00000
76.48
1.17810,-2.74889,-2.74889,3.14159,-0.39270,0.39270,1.96350,-2.74889,-1.57080,-0.78540,0.78540,1.96350,3.14159,-1.96350,-0.78540,0.00000,0.78540,1.96350,3.14159,-1.96350,-0.78540,0.39270,1.57080,3.14159,-1.96350,-0.78540,0.39270,1.57080,-2.74889,-2.35619,-1.17810,0.00000
76.76
1.17810,-2.74889,-2.74889,3.14159,-0.78540,0.78540,1.96350,-2.74889,-1.57080,-0.39270,0.78540,1.96350,3.14159,-1.96350,-0.78540,0.00000,1.17810,1.96350,3.14159,-1.96350,-0.78540,0.39270,1.96350,3.14159,-1.96350,-0.78540,0.39270,1.96350,-2.74889,-2.35619,-1.17810,-0.39270
76.85
1.17810,-2.74889,-2.74889,3.14159,-0.39270,0.78540,1.96350,-2.74889,-1.96350,-0.39270,0.78540,1.96350,3.14159,-1.96350,-0.78540,0.39270,0.78540,1.96350,3.14159,-1.96350,-0.78540,0.39270,1.96350,3.14159,-1.96350,-0.78540,0.39270,1.96350,-2.74889,-1.96350,-1.17810,-0.39270
76.91
1.17810,-2.74889,-2.74889,3.14159,-0.39270,0.78540,1.96350,-2.74889,-1.57080,-0.39270,0.78540,1.96350,3.14159,-1.96350,-0.78540,0.00000,1.17810,2.35619,3.14159,-1.96350,-0.78540,0.39270,1.96350,3.14159,-1.96350,-0.78540,0.39270,1.96350,-2.74889,-2.35619,-1.17810,-0.39270
76.93
1.17810,-2.74889,-2.74889,3.14159,-0.39270,0.78540,1.96350,-2.74889,-1.57080,-0.39270,0.78540,1.96350,3.14159,-1.96350,-0.78540,0.00000,1.17810,1.96350,3.14159,-1.96350,-0.78540,0.39270,1.96350,3.14159,-1.96350,-0.78540,0.39270,1.96350,-2.74889,-2.35619,-1.17810,-0.39270
77.03
1.17810,-2.74889,-2.74889,3.14159,-0.39270,0.78540,1.96350,-2.74889,-1.57080,-0.39270,0.78540,1.96350,3.14159,-1.96350,-0.78540,0.39270,1.17810,2.35619,3.14159,-1.96350,-0.78540,0.39270,1.96350,3.14159,-1.96350,-0.78540,0.39270,1.96350,-2.74889,-1.96350,-1.17810,-0.39270
77.06
1.57080,-2.74889,-2.74889,3.14159,-0.39270,0.78540,1.96350,-2.74889,-1.96350,-0.39270,0.78540,1.96350,3.14159,-1.96350,-0.78540,0.00000,1.17810,2.35619,3.14159,-1.96350,-0.78540,0.39270,1.96350,3.14159,-1.96350,-0.78540,0.39270,1.96350,-2.74889,-1.96350,-1.17810,-0.39270
77.11
1.57080,-2.74889,-2.74889,3.14159,-0.39270,0.78540,1.96350,-2.74889,-1.57080,-0.39270,0.78540,1.96350,3.14159,-1.96350,-0.39270,0.39270,1.17810,2.35619,-2.74889,-1.57080,-0.39270,0.78540,1.96350,3.14159,-1.96350,-0.78540,0.78540,1.96350,-2.74889,-1.96350,-1.17810,0.00000
77.18
1.57080,-2.74889,-2.74889,3.14159,-0.39270,0.78540,1.96350,-2.74889,-1.57080,-0.39270,0.78540,1.96350,3.14159,-1.57080,-0.39270,0.39270,1.17810,2.35619,-2.74889,-1.96350,-0.78540,0.78540,1.96350,3.14159,-1.96350,-0.78540,0.78540,1.96350,-2.74889,-1.96350,-1.17810,0.00000
77.21
1.57080,-2.74889,-2.74889,3.14159,-0.39270,0.78540,1.96350,-2.74889,-1.57080,-0.39270,0.78540,1.96350,3.14159,-1.96350,-0.39270,0.39270,1.17810,2.35619,-2.74889,-1.96350,-0.78540,0.78540,1.96350,3.14159,-1.96350,-0.39270,0.78540,1.96350,-2.74889,-1.96350,-1.17810,0.00000
77.24
1.57080,-2.74889,-2.74889,3.14159,-0.39270,0.78540,1.96350,-2.74889,-1.57080,-0.39270,0.78540,1.96350,3.14159,-1.57080,-0.39270,0.39270,1.17810,2.35619,-2.74889,-1.96350,-0.78540,0.78540,1.96350,3.14159,-1.96350,-0.39270,0.78540,1.96350,-2.74889,-1.96350,-1.17810,0.00000
77.25
1.57080,-2.74889,-2.74889,3.14159,-0.39270,0.78540,1.96350,-2.74889,-1.57080,-0.39270,0.78540,1.96350,3.14159,-1.57080,-0.78540,0.00000,1.17810,2.35619,-2.74889,-1.57080,-0.78540,0.78540,1.96350,3.14159,-1.96350,-0.39270,0.78540,1.96350,-2.74889,-1.96350,-0.78540,0.00000
77.27
1.57080,-2.74889,-2.74889,3.14159,-0.39270,0.78540,1.96350,-2.74889,-1.57080,-0.39270,0.78540,1.96350,3.14159,-1.57080,-0.39270,0.39270,1.17810,2.35619,-2.74889,-1.57080,-0.78540,0.78540,1.96350,3.14159,-1.96350,-0.39270,0.78540,1.96350,-2.74889,-1.96350,-1.17810,0.00000
77.27
1.57080,-2.74889,-2.74889,3.14159,-0.39270,0.78540,1.96350,-2.74889,-1.57080,-0.39270,0.78540,1.96350,3.14159,-1.57080,-0.78540,0.39270,1.17810,2.35619,-2.74889,-1.96350,-0.78540,0.78540,1.96350,3.14159,-1.96350,-0.78540,0.78540,1.96350,-2.74889,-1.96350,-1.17810,0.00000
77.29
1.57080,-2.74889,-2.74889,3.14159,-0.39270,0.78540,1.96350,-2.74889,-1.57080,-0.39270,0.78540,1.96350,3.14159,-1.96350,-0.78540,0.39270,1.17810,2.35619,-2.74889,-1.96350,-0.78540,0.78540,1.96350,3.14159,-1.96350,-0.78540,0.78540,1.96350,-2.74889,-1.96350,-1.17810,0.00000
77.33
1.57080,3.14159,-2.74889,3.14159,-0.39270,0.39270,1.96350,-2.74889,-1.57080,-0.39270,0.78540,1.96350,3.14159,-1.96350,-0.78540,0.39270,0.78540,2.35619,-2.74889,-1.57080,-0.78540,0.39270,1.96350,3.14159,-1.57080,-0.78540,0.78540,1.96350,-2.74889,-1.96350,-0.78540,0.00000
77.41
1.57080,3.14159,-2.74889,3.14159,-0.39270,0.39270,1.96350,-2.74889,-1.57080,-0.39270,0.78540,1.96350,3.14159,-1.96350,-0.78540,0.39270,0.78540,1.96350,-2.74889,-1.57080,-0.78540,0.78540,1.96350,3.14159,-1.96350,-0.78540,0.78540,1.96350,-2.74889,-1.96350,-0.78540,0.00000
78.25
1.57080,2.74889,-2.74889,3.14159,-0.39270,0.78540,1.96350,-2.74889,-1.57080,-0.39270,0.78540,1.96350,3.14159,-1.96350,-0.78540,0.39270,0.78540,2.35619,-2.74889,-1.96350,-0.78540,0.78540,1.57080,3.14159,-1.96350,-0.78540,0.78540,1.96350,-2.74889,-1.96350,-1.17810,0.00000
78.31
1.57080,2.74889,-2.74889,3.14159,-0.39270,0.78540,1.96350,-2.74889,-1.57080,-0.39270,0.78540,1.96350,3.14159,-1.57080,-0.78540,0.39270,0.78540,2.35619,-2.74889,-1.96350,-0.78540,0.39270,1.96350,3.14159,-1.57080,-0.39270,0.78540,1.96350,-2.74889,-1.96350,-0.78540,0.00000
78.38
1.17810,2.35619,-2.74889,3.14159,-0.39270,0.78540,1.96350,-2.74889,-1.57080,-0.39270,0.78540,1.96350,3.14159,-1.96350,-0.78540,0.39270,0.78540,2.35619,-2.74889,-1.57080,-0.78540,0.78540,1.96350,3.14159,-1.57080,-0.39270,0.78540,1.96350,-2.74889,-1.96350,-0.78540,0.00000
78.62
1.57080,2.35619,-2.74889,3.14159,-0.39270,0.78540,1.96350,-2.74889,-1.57080,-0.39270,0.78540,1.96350,3.14159,-1.96350,-0.78540,0.39270,0.78540,2.35619,-2.74889,-1.96350,-0.78540,0.39270,1.96350,3.14159,-1.96350,-0.39270,0.78540,1.96350,-2.74889,-1.96350,-0.78540,0.00000
