9.14
0.78540,-0.78540,-0.39270,-0.39270,0.00000,0.00000,0.00000,-0.78540,-0.39270,-0.39270,0.00000,0.78540,0.78540,-0.78540,0.00000,0.39270,0.00000,0.00000,0.78540,0.39270,-0.78540,-0.39270,0.39270,0.78540,-0.78540,-0.78540,-0.39270,0.00000,0.78540,0.39270,-0.78540,-0.39270
65.42
2.74889,-2.74889,-0.78540,-0.39270,-0.39270,0.00000,1.57080,-2.74889,-1.57080,-0.78540,0.39270,1.17810,2.74889,-2.74889,-0.39270,0.39270,0.39270,1.17810,2.74889,-0.78540,-1.17810,-0.39270,0.78540,1.96350,-2.74889,-2.74889,-0.39270,0.00000,0.78540,1.96350,-2.35619,-1.17810
79.05
3.14159,-2.74889,-1.17810,-0.78540,0.00000,0.39270,2.74889,-2.74889,-2.35619,-0.39270,0.78540,1.96350,3.14159,-2.74889,-0.78540,0.00000,0.78540,1.57080,3.14159,-2.74889,-1.57080,-0.39270,0.78540,2.35619,-2.74889,-2.74889,-0.39270,0.00000,1.57080,2.74889,-2.74889,-2.35619
79.07
2.74889,-2.74889,-1.57080,-0.39270,0.39270,1.57080,2.74889,3.14159,-1.17810,0.00000,1.17810,2.35619,-2.74889,-1.57080,-0.39270,0.39270,1.17810,1.96350,3.14159,-1.96350,-0.78540,0.39270,1.57080,-2.74889,-2.74889,-1.17810,0.00000,1.17810,-2.74889,-2.74889,-1.96350,3.14159
79.41
3.14159,-2.74889,-1.57080,-0.39270,0.39270,1.57080,2.74889,3.14159,-0.78540,0.00000,1.17810,2.35619,-2.74889,-1.57080,-0.39270,0.39270,1.17810,1.96350,3.14159,-1.96350,-0.78540,0.39270,1.57080,-2.74889,-2.35619,-1.17810,0.00000,1.17810,-2.74889,-2.74889,-1.96350,3.14159
