9.32
0.00000,0.39270,0.00000,0.78540,-0.39270,-0.39270,0.00000,0.39270,0.78540,-0.39270,-0.78540,0.39270,0.39270,0.39270,-0.39270,-0.39270,-0.39270,0.00000,0.78540,0.39270,0.78540,-0.78540,-0.39270,0.78540,0.00000,-0.39270,-0.78540,-0.39270,0.00000,0.78540,0.78540,-0.39270
48.89
0.00000,1.17810,1.57080,1.96350,-1.96350,-1.17810,-0.39270,0.78540,1.96350,-1.57080,-1.17810,0.39270,0.39270,1.57080,-1.57080,-1.57080,-0.78540,0.39270,1.17810,0.78540,1.96350,-0.78540,-0.39270,0.78540,0.78540,-1.57080,-0.78540,-0.78540,0.39270,0.78540,1.96350,-1.96350
77.14
-0.39270,1.17810,1.57080,3.14159,-2.74889,-1.17810,0.00000,1.17810,3.14159,-2.74889,-1.57080,0.39270,0.39270,2.35619,-2.74889,-2.74889,-0.39270,0.39270,1.17810,1.96350,3.14159,-1.17810,-0.39270,0.78540,1.57080,-2.74889,-1.96350,-0.78540,0.00000,1.57080,3.14159,-2.74889
82.95
-0.78540,1.17810,1.17810,3.14159,-2.74889,-1.57080,0.00000,1.17810,3.14159,-2.74889,-1.57080,0.39270,1.17810,2.74889,-2.74889,-2.74889,-0.78540,0.39270,1.17810,2.35619,3.14159,-1.96350,-0.39270,1.17810,2.35619,-2.74889,-1.96350,-0.39270,0.39270,1.96350,3.14159,-2.74889
83.26
-1.17810,0.78540,0.78540,2.35619,-2.74889,-1.57080,-0.39270,0.78540,2.35619,-2.74889,-1.17810,0.00000,1.17810,2.35619,-2.74889,-2.74889,-1.96350,0.00000,0.78540,2.35619,3.14159,-1.57080,-0.39270,1.17810,1.96350,-2.74889,-2.35619,-0.78540,0.00000,2.35619,3.14159,-2.74889
83.47
-0.78540,0.78540,1.96350,3.14159,-2.74889,-1.17810,-0.39270,0.78540,2.35619,-2.74889,-1.17810,-0.39270,0.78540,2.35619,3.14159,-1.96350,-0.78540,-0.78540,1.17810,2.74889,3.14159,-1.17810,0.00000,0.78540,2.74889,-2.74889,-1.17810,-0.39270,0.78540,1.96350,3.14159,-2.74889
84.10
-1.17810,0.00000,0.78540,3.14159,-2.74889,-1.57080,0.00000,1.17810,3.14159,-2.74889,-1.57080,0.00000,1.17810,2.35619,-2.74889,-2.74889,-1.17810,0.00000,1.17810,2.74889,3.14159,-1.96350,-0.39270,1.17810,2.35619,-2.74889,-1.57080,0.00000,0.39270,2.35619,3.14159,-2.74889
84.32
-1.17810,0.39270,1.17810,3.14159,-2.74889,-1.57080,0.00000,1.57080,3.14159,-2.74889,-1.17810,0.00000,0.78540,2.35619,-2.74889,-2.74889,-0.78540,-0.39270,1.57080,2.74889,3.14159,-1.57080,-0.39270,1.17810,2.35619,-2.74889,-1.57080,-0.39270,0.78540,1.57080,3.14159,-2.74889
84.72
-0.39270,0.78540,1.17810,3.14159,-2.74889,-1.57080,0.00000,1.17810,3.14159,-2.74889,-1.57080,0.00000,1.17810,2.74889,-2.74889,-2.74889,-0.78540,0.39270,1.17810,2.74889,3.14159,-1.17810,-0.39270,1.17810,2.74889,-2.74889,-1.57080,0.00000,1.17810,1.96350,3.14159,-2.74889
84.77
-0.39270,0.39270,1.17810,2.74889,-2.74889,-1.17810,0.00000,1.17810,3.14159,-2.74889,-1.17810,0.39270,1.17810,2.35619,3.14159,-2.74889,-0.39270,0.39270,1.17810,2.74889,3.14159,-1.17810,-0.39270,1.17810,2.74889,-2.74889,-1.57080,0.00000,0.78540,2.35619,3.14159,-2.74889
85.42
-1.17810,1.17810,1.17810,2.74889,-2.74889,-1.57080,-0.78540,1.17810,3.14159,-2.74889,-1.57080,-0.39270,1.17810,1.96350,3.14159,-2.35619,-1.17810,0.00000,1.17810,2.35619,3.14159,-1.57080,-0.39270,0.78540,1.96350,-2.74889,-1.96350,-0.39270,1.17810,1.96350,3.14159,-2.74889
86.78
-0.78540,0.78540,1.57080,2.74889,-2.74889,-1.57080,-0.39270,1.17810,3.14159,-2.74889,-1.57080,0.00000,1.17810,2.35619,-2.74889,-2.74889,-0.78540,0.00000,1.17810,2.74889,3.14159,-1.57080,-0.39270,1.17810,2.35619,-2.74889,-1.57080,-0.39270,0.78540,2.35619,3.14159,-2.74889
87.13
-0.39270,0.39270,1.57080,3.14159,-2.74889,-1.17810,0.00000,1.17810,3.14159,-2.74889,-1.17810,0.00000,1.17810,1.96350,3.14159,-1.96350,-1.17810,0.00000,1.57080,2.74889,3.14159,-1.57080,-0.39270,1.17810,2.35619,-2.74889,-1.57080,0.00000,0.78540,1.96350,3.14159,-2.74889
87.26
-0.78540,0.39270,1.57080,2.74889,-2.74889,-1.57080,0.00000,1.17810,3.14159,-2.74889,-1.17810,0.00000,1.17810,2.35619,3.14159,-2.35619,-0.78540,0.00000,1.17810,2.74889,3.14159,-1.57080,-0.39270,1.17810,2.35619,-2.74889,-1.57080,-0.39270,0.78540,2.74889,3.14159,-2.74889
87.40
-0.78540,0.78540,1.17810,2.35619,-2.74889,-1.17810,0.00000,1.17810,3.14159,-2.74889,-1.17810,-0.39270,1.17810,2.35619,3.14159,-1.57080,-0.78540,0.00000,1.17810,2.35619,3.14159,-1.96350,-0.39270,1.17810,2.35619,-2.74889,-1.57080,-0.39270,0.78540,2.35619,3.14159,-2.74889
87.65
-0.78540,0.39270,1.17810,2.74889,-2.74889,-1.17810,0.00000,1.17810,3.14159,-2.74889,-0.78540,0.00000,1.17810,2.35619,-2.74889,-1.96350,-1.17810,0.39270,1.17810,2.35619,3.14159,-1.57080,-0.39270,1.17810,2.35619,-2.74889,-1.17810,0.00000,1.17810,1.96350,3.14159,-2.74889
87.80
-0.39270,0.39270,1.57080,2.74889,-2.74889,-1.17810,0.00000,1.17810,3.14159,-2.74889,-1.17810,0.00000,1.17810,2.35619,-2.74889,-2.74889,-1.17810,0.00000,1.17810,2.35619,3.14159,-1.57080,-0.39270,0.78540,1.96350,-2.74889,-1.57080,-0.39270,0.78540,1.96350,3.14159,-2.74889
87.86
-0.78540,0.39270,1.57080,3.14159,-2.74889,-1.17810,0.00000,1.17810,2.74889,-2.74889,-1.17810,0.00000,1.17810,2.35619,-2.74889,-2.74889,-1.57080,0.00000,1.17810,2.35619,3.14159,-1.57080,-0.39270,0.78540,1.96350,-2.74889,-1.57080,-0.39270,0.78540,2.35619,3.14159,-2.74889
88.34
-0.39270,0.39270,1.57080,3.14159,-2.74889,-1.57080,0.00000,1.17810,2.74889,-2.74889,-1.57080,-0.39270,1.17810,1.96350,-2.74889,-2.74889,-1.17810,0.00000,1.17810,2.35619,3.14159,-1.57080,-0.39270,0.78540,1.96350,-2.74889,-1.57080,-0.39270,0.78540,1.96350,3.14159,-2.74889
88.42
-0.78540,0.39270,1.57080,3.14159,-2.74889,-1.57080,-0.39270,1.17810,2.74889,-2.74889,-1.17810,0.00000,0.78540,2.35619,-2.74889,-2.74889,-0.78540,0.00000,1.17810,2.35619,3.14159,-1.57080,-0.39270,0.78540,2.35619,-2.74889,-1.57080,-0.39270,0.78540,1.96350,3.14159,-2.74889
88.68
-0.39270,0.78540,1.57080,3.14159,-2.74889,-1.57080,0.00000,1.17810,2.35619,-2.74889,-1.17810,0.00000,1.17810,2.35619,-2.74889,-2.74889,-1.17810,0.00000,1.17810,2.35619,3.14159,-1.57080,-0.39270,1.17810,2.35619,-2.74889,-1.57080,-0.39270,0.78540,1.96350,3.14159,-2.74889
88.94
-0.78540,0.39270,1.57080,3.14159,-2.74889,-1.57080,0.00000,1.17810,2.35619,-2.74889,-1.17810,0.00000,1.17810,2.35619,-2.74889,-2.74889,-1.17810,0.00000,1.17810,2.35619,3.14159,-1.57080,-0.39270,1.17810,2.35619,-2.74889,-1.57080,-0.39270,0.78540,2.35619,3.14159,-2.74889
89.10
-0.78540,0.39270,1.57080,2.74889,-2.74889,-1.57080,-0.39270,1.17810,3.14159,-2.74889,-1.17810,-0.39270,0.78540,2.35619,-2.74889,-1.96350,-1.17810,0.00000,1.17810,2.35619,3.14159,-1.57080,-0.39270,1.17810,2.35619,-2.74889,-1.57080,-0.39270,0.78540,1.96350,3.14159,-2.35619
89.22
-0.39270,0.00000,1.17810,3.14159,-2.74889,-1.17810,-0.39270,1.17810,2.74889,-2.74889,-1.17810,0.00000,1.17810,2.35619,-2.74889,-1.96350,-1.17810,0.00000,1.17810,2.35619,3.14159,-1.57080,0.00000,1.17810,2.35619,-2.74889,-1.57080,-0.39270,1.17810,1.96350,3.14159,-2.74889
89.47
-0.78540,0.39270,1.57080,3.14159,-2.74889,-1.57080,-0.39270,1.17810,2.74889,-2.74889,-1.17810,0.00000,1.17810,2.35619,-2.74889,-2.35619,-1.17810,0.00000,1.17810,2.35619,3.14159,-1.57080,-0.39270,1.17810,2.35619,-2.74889,-1.57080,-0.39270,0.78540,1.96350,3.14159,-2.74889
89.66
-0.78540,0.39270,1.57080,3.14159,-2.74889,-1.17810,0.00000,1.17810,2.74889,-2.74889,-1.17810,-0.39270,1.17810,2.35619,-2.74889,-1.96350,-0.78540,0.00000,1.17810,2.35619,3.14159,-1.57080,-0.39270,1.17810,2.35619,-2.74889,-1.57080,-0.39270,0.78540,1.96350,3.14159,-2.74889
89.77
-0.78540,0.39270,1.57080,2.74889,-2.74889,-1.17810,0.00000,1.17810,2.74889,-2.74889,-1.17810,0.00000,1.17810,2.35619,-2.74889,-1.96350,-0.78540,0.00000,1.17810,2.35619,3.14159,-1.57080,0.00000,1.17810,2.35619,-2.74889,-1.17810,-0.39270,0.78540,1.96350,3.14159,-2.74889
89.81
-0.78540,0.39270,1.57080,2.35619,-2.74889,-1.57080,0.00000,1.17810,2.74889,-2.74889,-1.57080,0.00000,0.78540,1.96350,-2.74889,-1.96350,-1.17810,0.00000,1.17810,2.35619,3.14159,-1.57080,-0.39270,1.17810,1.96350,-2.74889,-1.57080,-0.39270,0.78540,1.96350,3.14159,-2.74889
89.87
-0.39270,0.39270,1.17810,2.74889,-2.74889,-1.57080,-0.39270,1.17810,2.74889,-2.74889,-1.17810,0.00000,1.17810,2.35619,-2.74889,-1.96350,-1.57080,0.00000,1.17810,2.35619,3.14159,-1.57080,-0.39270,1.17810,2.35619,-2.74889,-1.57080,-0.39270,0.78540,1.96350,3.14159,-2.74889
90.17
-0.39270,0.39270,1.17810,2.74889,-2.74889,-1.57080,-0.39270,1.17810,2.74889,-2.74889,-1.57080,-0.39270,1.17810,2.35619,-2.74889,-2.35619,-1.17810,0.00000,1.17810,2.35619,3.14159,-1.57080,-0.39270,0.78540,2.35619,-2.74889,-1.57080,-0.39270,0.78540,1.96350,3.14159,-2.74889
90.18
-0.78540,0.39270,1.17810,2.35619,-2.74889,-1.57080,-0.39270,1.17810,2.74889,-2.74889,-1.17810,0.00000,0.78540,2.35619,-2.74889,-2.35619,-1.17810,0.00000,1.17810,1.96350,3.14159,-1.57080,-0.39270,0.78540,1.96350,-2.74889,-1.57080,-0.39270,0.78540,1.96350,3.14159,-2.35619
90.20
-0.78540,0.00000,1.17810,2.74889,-2.74889,-1.57080,0.00000,1.17810,2.74889,-2.74889,-1.57080,0.00000,1.17810,1.96350,-2.74889,-2.35619,-1.17810,0.00000,1.17810,2.35619,3.14159,-1.57080,-0.39270,1.17810,2.35619,-2.74889,-1.57080,-0.39270,0.78540,1.96350,3.14159,-2.35619
90.40
-0.78540,0.39270,1.17810,2.74889,-2.74889,-1.57080,-0.39270,1.17810,2.74889,-2.74889,-1.17810,0.00000,1.17810,2.35619,-2.74889,-1.96350,-1.17810,0.00000,1.17810,2.35619,3.14159,-1.57080,-0.39270,0.78540,2.35619,-2.74889,-1.57080,-0.39270,0.78540,1.96350,3.14159,-2.74889
90.50
-0.39270,0.39270,1.57080,2.74889,-2.74889,-1.57080,0.00000,1.17810,2.35619,-2.74889,-1.17810,0.00000,1.17810,2.35619,-2.74889,-1.96350,-1.17810,0.00000,1.17810,1.96350,3.14159,-1.57080,-0.39270,0.78540,2.35619,-2.74889,-1.57080,-0.39270,0.78540,1.96350,3.14159,-2.74889
90.52
-0.78540,0.39270,1.17810,2.74889,-2.74889,-1.57080,0.00000,1.17810,2.35619,-2.74889,-1.17810,0.00000,1.17810,2.35619,-2.74889,-2.35619,-1.17810,0.00000,1.17810,2.35619,3.14159,-1.57080,-0.39270,1.17810,2.35619,-2.74889,-1.57080,-0.39270,0.78540,1.96350,3.14159,-2.74889
90.59
-0.78540,0.39270,1.57080,2.74889,-2.74889,-1.17810,0.00000,1.17810,2.35619,-2.74889,-1.17810,0.00000,1.17810,2.35619,-2.74889,-1.96350,-1.17810,0.00000,1.17810,2.35619,3.14159,-1.57080,-0.39270,1.17810,2.35619,-2.74889,-1.57080,-0.39270,0.78540,2.35619,3.14159,-2.74889
90.70
-0.78540,0.39270,1.17810,2.35619,-2.74889,-1.17810,0.00000,1.17810,2.35619,-2.74889,-1.17810,0.00000,1.17810,2.35619,-2.74889,-1.96350,-1.17810,0.00000,1.17810,2.35619,3.14159,-1.57080,-0.39270,0.78540,2.35619,-2.74889,-1.57080,-0.39270,0.78540,1.96350,3.14159,-2.74889
90.73
-0.39270,0.39270,1.57080,2.74889,-2.74889,-1.57080,0.00000,1.17810,2.35619,-2.74889,-1.17810,0.00000,1.17810,2.35619,-2.74889,-1.96350,-1.17810,0.00000,1.17810,2.35619,3.14159,-1.57080,-0.39270,0.78540,2.35619,-2.74889,-1.57080,-0.39270,0.78540,1.96350,3.14159,-2.74889
90.76
-0.78540,0.39270,1.17810,2.74889,-2.74889,-1.57080,0.00000,1.17810,2.35619,-2.74889,-1.17810,0.00000,1.17810,2.35619,-2.74889,-1.96350,-1.17810,0.00000,1.17810,2.35619,3.14159,-1.57080,-0.39270,1.17810,2.35619,-2.74889,-1.57080,-0.39270,0.78540,1.96350,3.14159,-2.74889
90.79
-0.78540,0.39270,1.17810,2.74889,-2.74889,-1.57080,0.00000,1.17810,2.35619,-2.74889,-1.17810,0.00000,1.17810,2.35619,-2.74889,-1.96350,-1.17810,0.00000,1.17810,2.35619,3.14159,-1.57080,-0.39270,0.78540,2.35619,-2.74889,-1.57080,-0.39270,0.78540,1.96350,3.14159,-2.74889
90.86
-0.78540,0.00000,1.17810,2.35619,-2.74889,-1.57080,0.00000,1.17810,2.35619,-2.74889,-1.57080,0.00000,1.17810,2.35619,-2.74889,-1.96350,-1.17810,0.00000,1.17810,2.35619,3.14159,-1.57080,-0.39270,0.78540,2.35619,-2.74889,-1.57080,-0.39270,0.78540,1.96350,3.14159,-2.74889
90.88
-0.78540,0.00000,1.17810,2.35619,-2.74889,-1.57080,-0.39270,1.17810,2.35619,-2.74889,-1.57080,-0.39270,1.17810,2.35619,-2.74889,-2.35619,-1.17810,0.00000,1.17810,2.35619,3.14159,-1.57080,-0.39270,0.78540,2.35619,-2.74889,-1.57080,-0.39270,0.78540,1.96350,3.14159,-2.74889
91.02
-0.78540,0.00000,1.17810,2.35619,-2.74889,-1.57080,-0.39270,1.17810,2.35619,-2.74889,-1.57080,-0.39270,1.17810,2.35619,-2.74889,-1.96350,-1.17810,0.00000,1.17810,2.35619,3.14159,-1.57080,-0.39270,0.78540,2.35619,-2.74889,-1.57080,-0.39270,0.78540,1.96350,3.14159,-2.74889
91.03
-0.78540,0.00000,1.17810,2.35619,-2.74889,-1.57080,-0.39270,1.17810,2.35619,-2.74889,-1.57080,-0.39270,0.78540,2.35619,3.14159,-1.96350,-1.17810,0.00000,1.17810,2.35619,3.14159,-1.57080,-0.39270,0.78540,2.35619,-2.74889,-1.57080,-0.39270,0.78540,1.96350,3.14159,-2.74889
91.09
-0.78540,0.00000,1.17810,2.35619,-2.74889,-1.57080,-0.39270,0.78540,2.35619,-2.74889,-1.57080,-0.39270,0.78540,1.96350,3.14159,-1.96350,-1.17810,0.00000,1.17810,1.96350,3.14159,-1.57080,-0.39270,0.78540,1.96350,-2.74889,-1.57080,-0.39270,0.78540,1.96350,3.14159,-2.74889
91.09
-0.78540,0.00000,1.17810,2.35619,-2.74889,-1.57080,-0.39270,0.78540,2.35619,-2.74889,-1.57080,-0.39270,0.78540,1.96350,3.14159,-2.35619,-1.17810,0.00000,1.17810,1.96350,3.14159,-1.96350,-0.39270,0.78540,1.96350,-2.74889,-1.57080,-0.39270,0.78540,1.96350,3.14159,-2.74889
91.13
-0.78540,0.00000,1.17810,2.35619,-2.74889,-1.57080,-0.39270,1.17810,2.35619,-2.74889,-1.57080,-0.39270,0.78540,2.35619,3.14159,-1.96350,-1.17810,0.00000,1.17810,1.96350,3.14159,-1.57080,-0.39270,0.78540,1.96350,-2.74889,-1.57080,-0.39270,0.78540,1.96350,3.14159,-2.74889
91.13
-0.78540,0.00000,1.17810,2.35619,-2.74889,-1.57080,-0.39270,0.78540,2.35619,-2.74889,-1.57080,-0.39270,0.78540,1.96350,3.14159,-1.96350,-1.17810,0.00000,1.17810,1.96350,3.14159,-1.96350,-0.39270,0.78540,1.96350,-2.74889,-1.96350,-0.39270,0.78540,1.96350,3.14159,-2.74889
91.15
-0.78540,0.00000,1.17810,2.35619,-2.74889,-1.57080,-0.39270,0.78540,2.35619,-2.74889,-1.57080,-0.39270,0.78540,1.96350,3.14159,-2.35619,-1.17810,0.00000,1.17810,1.96350,3.14159,-1.96350,-0.39270,0.78540,1.96350,-2.74889,-1.96350,-0.39270,0.78540,1.96350,3.14159,-2.74889
91.17
-0.78540,0.00000,1.17810,2.35619,-2.74889,-1.57080,-0.39270,0.78540,2.35619,-2.74889,-1.57080,-0.39270,0.78540,1.96350,3.14159,-1.96350,-1.17810,0.00000,0.78540,1.96350,3.14159,-1.96350,-0.39270,0.78540,1.96350,-2.74889,-1.96350,-0.39270,0.78540,1.96350,3.14159,-2.74889
91.19
-0.78540,0.00000,1.17810,2.35619,-2.74889,-1.57080,-0.39270,0.78540,2.35619,-2.74889,-1.57080,-0.39270,0.78540,1.96350,3.14159,-2.35619,-1.17810,0.00000,0.78540,1.96350,3.14159,-1.96350,-0.39270,0.78540,1.96350,-2.74889,-1.96350,-0.39270,0.78540,1.96350,3.14159,-2.74889
