4.04
0.00000,0.39270,0.00000,0.39270,-0.39270,0.39270,0.39270,-0.39270,0.39270,0.00000,0.39270,0.78540,-0.39270,-0.78540,0.39270,0.00000,0.39270,0.78540,0.39270,-0.39270,-1.17810,0.39270,0.39270,0.39270,0.78540,-0.78540,0.00000,0.39270,0.78540,0.39270,0.00000,0.00000
60.35
1.17810,2.74889,-1.57080,-2.74889,-0.39270,0.78540,0.78540,-2.35619,-1.17810,-0.78540,0.39270,1.17810,-2.35619,-2.35619,-0.78540,0.00000,0.39270,0.78540,2.35619,-1.96350,-1.17810,0.39270,0.78540,2.35619,2.74889,-0.78540,0.00000,1.17810,2.35619,-1.17810,-0.78540,-0.39270
77.69
1.96350,3.14159,-2.74889,-2.74889,-0.78540,0.78540,1.57080,-2.74889,-2.35619,-0.39270,0.78540,1.57080,-2.74889,-2.74889,-0.39270,0.39270,0.78540,1.57080,3.14159,-2.74889,-0.78540,0.00000,1.17810,3.14159,3.14159,-0.78540,0.00000,1.17810,2.74889,-2.35619,-1.57080,-0.39270
78.09
1.57080,3.14159,-2.74889,-1.57080,-0.78540,0.39270,1.17810,-2.74889,-1.96350,-0.78540,0.00000,0.78540,-2.74889,-2.74889,-1.57080,-0.78540,0.78540,1.57080,3.14159,-2.74889,-1.17810,0.00000,1.57080,3.14159,-2.35619,-1.17810,0.39270,1.57080,3.14159,-2.74889,-2.74889,-0.78540
78.24
0.78540,2.74889,-2.74889,-2.35619,-0.78540,0.00000,1.96350,-2.74889,-2.74889,-0.78540,0.39270,1.17810,-2.74889,-2.74889,-1.17810,-0.39270,0.39270,1.57080,3.14159,-2.74889,-0.78540,0.39270,1.57080,3.14159,-2.74889,-1.57080,0.00000,1.17810,3.14159,-2.74889,-2.74889,-0.39270
78.82
1.96350,1.96350,-2.74889,-2.74889,-1.17810,0.39270,1.57080,-2.74889,-2.74889,-0.78540,0.00000,1.57080,-2.74889,-2.35619,-0.78540,-0.39270,0.39270,1.96350,3.14159,-2.74889,-1.57080,0.00000,1.57080,3.14159,-2.74889,-1.17810,0.00000,1.17810,1.96350,-2.74889,-2.74889,-0.39270
80.20
1.17810,2.74889,-2.74889,-2.35619,-0.78540,0.39270,1.96350,-2.74889,-2.74889,-1.17810,0.39270,1.96350,-2.74889,-2.74889,-1.17810,-0.39270,0.78540,1.96350,3.14159,-2.74889,-1.17810,0.00000,1.57080,3.14159,-2.74889,-1.17810,0.39270,1.17810,2.74889,-2.74889,-2.74889,-0.78540
80.32
1.57080,2.74889,-2.74889,-2.74889,-0.78540,0.39270,1.57080,-2.74889,-2.74889,-0.78540,0.39270,1.57080,-2.74889,-2.74889,-1.17810,-0.78540,0.78540,1.96350,3.14159,-2.74889,-1.17810,0.39270,1.17810,3.14159,-2.74889,-1.17810,0.00000,1.57080,3.14159,-2.74889,-2.35619,-0.39270
80.55
1.57080,2.74889,-2.74889,-1.96350,-0.39270,-0.39270,1.57080,-2.74889,-2.74889,-0.78540,0.78540,1.57080,-2.74889,-2.74889,-0.78540,-0.39270,0.78540,1.96350,3.14159,-2.74889,-1.17810,0.00000,1.17810,3.14159,-2.74889,-1.17810,0.39270,1.57080,3.14159,-2.74889,-1.96350,-0.39270
80.75
1.96350,2.74889,-2.74889,-2.74889,-0.78540,0.39270,1.57080,-2.74889,-2.74889,-0.78540,0.39270,1.96350,-2.74889,-2.74889,-0.78540,0.00000,0.39270,1.57080,3.14159,-2.74889,-1.17810,0.00000,1.17810,3.14159,-2.74889,-1.17810,0.39270,1.57080,3.14159,-2.74889,-1.57080,-0.78540
80.96
1.96350,2.74889,-2.74889,-2.74889,-0.78540,0.39270,1.96350,-2.74889,-2.74889,-0.78540,0.78540,1.57080,-2.74889,-2.74889,-0.78540,0.00000,0.78540,1.57080,3.14159,-2.74889,-1.17810,0.39270,1.57080,3.14159,-2.74889,-1.17810,0.39270,1.57080,3.14159,-2.74889,-1.57080,-0.78540
81.58
1.17810,2.74889,-2.74889,-2.74889,-0.78540,0.39270,1.57080,-2.74889,-2.74889,-1.17810,0.39270,1.57080,-2.74889,-2.74889,-1.17810,0.00000,1.17810,1.96350,3.14159,-2.74889,-1.17810,0.00000,1.57080,3.14159,-2.35619,-0.78540,0.00000,1.17810,2.74889,-2.74889,-2.35619,-0.39270
83.17
1.17810,2.74889,-2.74889,-2.74889,-0.78540,0.39270,1.96350,-2.74889,-2.35619,-0.78540,0.39270,1.57080,-2.74889,-2.74889,-1.17810,-0.39270,0.78540,1.57080,3.14159,-2.74889,-1.17810,0.39270,1.57080,3.14159,-2.74889,-1.17810,0.39270,1.17810,3.14159,-2.74889,-1.57080,-0.78540
83.19
1.57080,1.96350,-2.74889,-2.74889,-0.78540,0.00000,1.57080,-2.74889,-2.74889,-0.78540,0.39270,1.57080,-2.74889,-2.74889,-1.17810,0.00000,0.78540,1.57080,3.14159,-2.74889,-1.17810,0.39270,1.57080,3.14159,-2.74889,-1.17810,0.00000,1.57080,2.35619,-2.74889,-1.57080,-0.78540
83.24
1.17810,2.35619,-2.74889,-2.74889,-0.78540,0.39270,1.57080,-2.74889,-2.74889,-0.78540,0.39270,1.96350,-2.74889,-2.74889,-1.17810,-0.39270,0.78540,1.57080,3.14159,-2.74889,-1.17810,0.00000,1.17810,3.14159,-2.74889,-1.17810,0.00000,1.57080,2.35619,-2.74889,-1.57080,-0.78540
83.34
1.96350,2.35619,-2.74889,-2.35619,-0.78540,0.00000,1.57080,-2.74889,-2.74889,-0.78540,0.39270,1.17810,-2.74889,-2.74889,-1.17810,-0.39270,0.78540,1.57080,3.14159,-2.74889,-1.17810,0.00000,1.17810,2.74889,-2.74889,-0.78540,0.00000,1.57080,2.74889,-2.74889,-1.17810,-0.39270
83.71
1.57080,2.74889,-2.74889,-1.96350,-0.78540,0.39270,1.57080,-2.74889,-2.74889,-0.39270,0.39270,1.57080,-2.74889,-2.74889,-1.17810,-0.78540,0.78540,1.96350,3.14159,-2.74889,-1.17810,0.39270,1.17810,2.74889,-1.96350,-0.78540,0.00000,1.17810,2.74889,-2.74889,-1.57080,-0.39270
83.83
1.57080,1.57080,-2.74889,-2.74889,-0.78540,0.39270,1.57080,-2.74889,-2.35619,-0.78540,0.39270,1.57080,-2.74889,-2.74889,-1.17810,0.00000,0.78540,1.57080,3.14159,-2.74889,-1.17810,0.39270,1.57080,3.14159,-2.74889,-0.78540,0.00000,1.57080,3.14159,-2.74889,-1.57080,-0.78540
84.04
1.57080,1.96350,-2.74889,-2.74889,-0.78540,0.78540,1.57080,-2.74889,-2.35619,-0.78540,0.78540,1.57080,-2.74889,-2.74889,-1.17810,0.00000,0.78540,1.96350,3.14159,-2.74889,-1.17810,0.39270,1.57080,3.14159,-2.74889,-0.78540,0.39270,1.57080,2.74889,-2.74889,-1.17810,-0.78540
84.68
1.17810,2.74889,-2.74889,-2.74889,-0.39270,0.39270,1.96350,-2.74889,-1.96350,-0.39270,0.39270,1.57080,-2.74889,-2.74889,-0.39270,0.00000,0.78540,1.96350,3.14159,-2.74889,-0.78540,0.39270,1.57080,3.14159,-1.96350,-0.78540,0.39270,1.57080,2.74889,-2.74889,-1.17810,-0.78540
84.94
1.17810,1.96350,-2.74889,-2.74889,-0.78540,0.39270,1.57080,-2.74889,-2.35619,-0.78540,0.78540,1.57080,-2.74889,-2.74889,-0.78540,-0.39270,0.39270,1.57080,3.14159,-2.74889,-1.17810,0.00000,1.57080,3.14159,-2.35619,-0.78540,0.00000,1.57080,2.74889,-2.74889,-1.17810,-0.78540
85.18
0.78540,1.96350,-2.74889,-2.74889,-0.78540,0.39270,1.57080,-2.74889,-1.96350,-0.78540,0.39270,1.57080,-2.74889,-2.74889,-1.17810,-0.39270,0.78540,1.57080,3.14159,-2.74889,-1.17810,0.00000,1.17810,3.14159,-2.74889,-1.17810,0.00000,1.17810,2.74889,-2.74889,-1.57080,-0.39270
85.23
1.17810,1.96350,-2.74889,-2.74889,-0.78540,0.39270,1.57080,-2.74889,-2.35619,-0.78540,0.39270,1.57080,-2.74889,-2.74889,-1.17810,-0.39270,0.39270,1.96350,3.14159,-2.74889,-0.78540,0.39270,1.57080,3.14159,-1.96350,-0.78540,0.39270,1.17810,2.74889,-2.74889,-1.57080,-0.39270
85.35
1.57080,2.35619,-2.74889,-2.74889,-0.78540,0.39270,1.96350,-2.74889,-2.35619,-0.78540,0.39270,1.57080,-2.74889,-2.74889,-1.17810,0.00000,0.78540,1.96350,3.14159,-2.74889,-1.17810,0.39270,1.57080,3.14159,-1.96350,-0.78540,0.00000,1.57080,2.74889,-2.74889,-1.57080,-0.39270
85.37
1.17810,1.96350,-2.74889,-2.74889,-0.78540,0.39270,1.57080,-2.74889,-2.35619,-0.78540,0.39270,1.96350,-2.74889,-2.74889,-1.17810,-0.39270,0.78540,1.57080,3.14159,-2.74889,-1.17810,0.39270,1.57080,3.14159,-2.35619,-0.78540,0.00000,1.57080,2.74889,-2.74889,-1.17810,-0.78540
85.71
0.78540,1.96350,-2.74889,-2.74889,-0.78540,0.39270,1.57080,-2.74889,-2.35619,-0.78540,0.39270,1.57080,-2.74889,-2.74889,-1.17810,-0.39270,0.39270,1.96350,3.14159,-2.74889,-1.17810,0.39270,1.57080,3.14159,-2.35619,-1.17810,0.00000,1.57080,2.74889,-2.74889,-1.57080,-0.78540
85.80
1.17810,2.35619,-2.74889,-2.74889,-0.78540,0.39270,1.57080,-2.74889,-2.35619,-0.78540,0.39270,1.57080,-2.74889,-2.74889,-0.78540,0.00000,0.78540,1.96350,3.14159,-2.74889,-1.17810,0.39270,1.57080,3.14159,-2.35619,-0.78540,0.00000,1.57080,2.74889,-2.74889,-1.57080,-0.39270
85.99
1.17810,1.96350,-2.74889,-2.74889,-0.78540,0.39270,1.57080,-2.74889,-2.35619,-0.78540,0.39270,1.57080,-2.74889,-2.74889,-1.17810,-0.39270,0.78540,1.57080,3.14159,-2.74889,-1.17810,0.39270,1.57080,3.14159,-2.35619,-1.17810,0.00000,1.57080,2.74889,-2.74889,-1.57080,-0.78540
86.20
1.17810,1.96350,-2.74889,-2.74889,-0.78540,0.39270,1.57080,-2.74889,-1.96350,-0.78540,0.39270,1.57080,-2.74889,-2.74889,-1.17810,-0.39270,0.78540,1.96350,3.14159,-2.74889,-0.78540,0.39270,1.57080,3.14159,-2.35619,-1.17810,0.39270,1.57080,2.74889,-2.74889,-1.57080,-0.78540
86.22
1.17810,1.96350,-2.74889,-2.74889,-0.78540,0.39270,1.57080,-2.74889,-1.96350,-0.78540,0.39270,1.57080,-2.74889,-2.74889,-1.17810,0.00000,0.78540,1.96350,3.14159,-2.74889,-1.17810,0.39270,1.57080,3.14159,-2.35619,-0.78540,0.00000,1.57080,2.74889,-2.74889,-1.57080,-0.78540
86.30
1.17810,2.35619,-2.74889,-2.74889,-0.78540,0.39270,1.57080,-2.74889,-1.96350,-0.78540,0.39270,1.57080,-2.74889,-2.74889,-1.17810,0.00000,0.78540,1.57080,3.14159,-2.74889,-1.17810,0.39270,1.57080,3.14159,-2.35619,-1.17810,0.39270,1.57080,2.74889,-2.74889,-1.57080,-0.39270
86.46
1.17810,1.96350,-2.74889,-2.74889,-0.78540,0.39270,1.57080,-2.74889,-1.96350,-0.78540,0.39270,1.57080,-2.74889,-2.74889,-0.78540,0.00000,0.78540,1.96350,3.14159,-2.74889,-1.17810,0.39270,1.57080,3.14159,-2.35619,-0.78540,0.39270,1.57080,2.74889,-2.74889,-1.57080,-0.39270
87.16
1.17810,1.96350,-2.74889,-2.35619,-0.78540,0.39270,1.57080,-2.74889,-1.96350,-0.78540,0.39270,1.57080,-2.74889,-2.74889,-1.17810,0.00000,0.78540,1.57080,3.14159,-2.74889,-1.17810,0.39270,1.57080,3.14159,-2.35619,-0.78540,0.00000,1.57080,2.74889,-2.74889,-1.57080,-0.78540
87.25
1.17810,1.96350,-2.74889,-2.35619,-0.78540,0.39270,1.57080,-2.74889,-1.96350,-0.78540,0.39270,1.57080,-2.74889,-2.74889,-1.17810,0.00000,0.78540,1.57080,3.14159,-2.74889,-1.17810,0.39270,1.57080,3.14159,-2.35619,-0.78540,0.00000,1.57080,2.74889,-2.74889,-1.17810,-0.39270
87.34
1.57080,2.35619,-2.74889,-2.35619,-0.78540,0.39270,1.57080,-2.74889,-1.96350,-0.78540,0.39270,1.57080,-2.74889,-2.74889,-1.17810,0.00000,0.78540,1.96350,3.14159,-2.74889,-1.17810,0.39270,1.57080,3.14159,-2.35619,-1.17810,0.39270,1.57080,2.74889,-2.74889,-1.57080,-0.39270
87.57
1.17810,1.96350,-2.74889,-2.35619,-0.78540,0.39270,1.57080,-2.74889,-1.96350,-0.78540,0.39270,1.57080,-2.74889,-2.74889,-0.78540,0.00000,0.78540,1.96350,3.14159,-2.74889,-1.17810,0.39270,1.57080,3.14159,-2.35619,-0.78540,0.39270,1.57080,2.74889,-2.74889,-1.57080,-0.39270
87.61
1.17810,1.96350,-2.74889,-2.35619,-0.78540,0.39270,1.57080,-2.74889,-1.96350,-0.78540,0.39270,1.57080,-2.74889,-2.74889,-1.17810,0.00000,0.78540,1.96350,3.14159,-2.74889,-1.17810,0.39270,1.57080,3.14159,-2.35619,-0.78540,0.39270,1.57080,2.74889,-2.74889,-1.17810,-0.39270
87.70
1.17810,2.35619,-2.74889,-1.96350,-0.78540,0.39270,1.57080,-2.74889,-1.96350,-0.39270,0.39270,1.57080,-2.74889,-2.74889,-1.17810,0.00000,0.78540,1.96350,3.14159,-2.74889,-0.78540,0.39270,1.57080,3.14159,-1.96350,-1.17810,0.39270,1.57080,2.74889,-2.74889,-1.17810,-0.39270
87.94
1.17810,1.96350,-2.74889,-1.57080,-0.78540,0.39270,1.57080,-2.74889,-1.96350,-0.78540,0.39270,1.57080,-2.74889,-2.74889,-1.17810,0.00000,0.78540,1.96350,3.14159,-2.74889,-1.17810,0.39270,1.57080,3.14159,-2.35619,-0.78540,0.39270,1.57080,2.74889,-2.74889,-1.57080,-0.39270
88.11
1.17810,1.96350,-2.74889,-1.96350,-0.78540,0.39270,1.57080,-2.74889,-1.96350,-0.78540,0.39270,1.57080,-2.74889,-2.74889,-1.17810,0.00000,0.78540,1.96350,3.14159,-2.74889,-1.17810,0.39270,1.57080,3.14159,-2.35619,-0.78540,0.39270,1.57080,2.74889,-2.74889,-1.17810,-0.39270
88.36
1.17810,2.35619,-2.74889,-1.96350,-0.78540,0.39270,1.57080,-2.74889,-2.35619,-0.78540,0.39270,1.57080,-2.74889,-2.74889,-1.17810,0.00000,0.78540,1.96350,3.14159,-2.35619,-1.17810,0.39270,1.57080,3.14159,-2.35619,-1.17810,0.39270,1.57080,2.74889,-2.74889,-1.17810,-0.39270
88.73
1.17810,1.96350,-2.74889,-1.96350,-0.78540,0.39270,1.57080,-2.74889,-1.96350,-0.78540,0.39270,1.57080,-2.74889,-2.74889,-1.17810,0.00000,0.78540,1.57080,3.14159,-1.96350,-1.17810,0.39270,1.57080,3.14159,-2.35619,-1.17810,0.39270,1.57080,2.74889,-2.74889,-1.17810,-0.39270
88.74
1.17810,1.96350,-2.74889,-1.96350,-0.78540,0.39270,1.96350,-2.74889,-1.96350,-0.78540,0.39270,1.57080,-2.74889,-2.74889,-1.17810,0.00000,0.78540,1.96350,3.14159,-2.35619,-1.17810,0.39270,1.57080,3.14159,-2.35619,-1.17810,0.39270,1.57080,2.74889,-2.74889,-1.17810,-0.39270
88.78
1.17810,1.96350,-2.74889,-1.57080,-0.78540,0.39270,1.57080,-2.74889,-1.96350,-0.78540,0.39270,1.57080,-2.74889,-2.74889,-1.17810,0.00000,0.78540,1.96350,3.14159,-1.96350,-1.17810,0.39270,1.57080,3.14159,-2.35619,-1.17810,0.39270,1.57080,2.74889,-2.74889,-1.17810,-0.39270
88.93
1.57080,1.96350,-2.74889,-1.57080,-0.78540,0.39270,1.57080,-2.74889,-1.96350,-0.78540,0.39270,1.57080,-2.74889,-2.74889,-0.78540,0.00000,0.78540,1.96350,3.14159,-2.35619,-1.17810,0.39270,1.57080,2.74889,-2.35619,-0.78540,0.39270,1.57080,2.74889,-2.74889,-1.17810,-0.39270
89.31
1.17810,2.35619,-2.74889,-1.96350,-0.78540,0.39270,1.57080,-2.74889,-1.96350,-0.78540,0.39270,1.57080,-2.74889,-2.74889,-1.17810,0.00000,0.78540,1.96350,3.14159,-1.96350,-1.17810,0.39270,1.57080,2.74889,-1.96350,-0.78540,0.39270,1.57080,2.74889,-2.74889,-1.17810,-0.39270
89.37
1.17810,2.35619,-2.74889,-1.96350,-0.78540,0.39270,1.57080,-2.74889,-1.96350,-0.78540,0.39270,1.96350,-2.74889,-2.74889,-0.78540,0.00000,0.78540,1.96350,3.14159,-1.96350,-0.78540,0.39270,1.57080,2.74889,-1.96350,-0.78540,0.39270,1.57080,2.74889,-2.74889,-1.57080,-0.39270
89.48
1.17810,2.35619,-2.74889,-1.96350,-0.78540,0.39270,1.96350,-2.74889,-1.96350,-0.78540,0.39270,1.96350,-2.74889,-2.74889,-0.78540,0.00000,0.78540,1.96350,3.14159,-1.96350,-0.78540,0.39270,1.57080,3.14159,-1.96350,-0.78540,0.39270,1.57080,2.74889,-2.74889,-1.17810,-0.39270
89.51
1.17810,2.35619,-2.74889,-1.57080,-0.39270,0.39270,1.96350,-2.74889,-1.96350,-0.78540,0.78540,1.96350,-2.74889,-2.74889,-0.78540,0.00000,0.78540,1.96350,3.14159,-1.96350,-0.78540,0.39270,1.57080,3.14159,-1.96350,-0.78540,0.39270,1.57080,3.14159,-2.74889,-1.17810,-0.39270
89.58
1.57080,2.35619,-2.74889,-1.57080,-0.78540,0.78540,1.96350,-2.74889,-1.96350,-0.39270,0.78540,1.96350,-2.74889,-2.74889,-0.78540,0.00000,0.78540,1.96350,3.14159,-1.96350,-0.78540,0.39270,1.57080,3.14159,-1.96350,-0.78540,0.39270,1.57080,3.14159,-2.74889,-1.17810,-0.39270
89.61
1.57080,2.35619,-2.74889,-1.57080,-0.39270,0.78540,1.96350,-2.74889,-1.96350,-0.39270,0.78540,1.96350,-2.74889,-2.74889,-0.78540,0.00000,1.17810,1.96350,3.14159,-1.96350,-0.78540,0.39270,1.57080,3.14159,-1.96350,-0.78540,0.39270,1.96350,3.14159,-2.74889,-1.17810,-0.39270
89.62
1.57080,2.35619,-2.74889,-1.57080,-0.39270,0.78540,1.96350,-2.74889,-1.96350,-0.39270,0.78540,1.96350,-2.74889,-2.74889,-0.78540,0.00000,1.17810,1.96350,3.14159,-1.96350,-0.78540,0.39270,1.96350,3.14159,-1.96350,-0.78540,0.39270,1.96350,3.14159,-2.74889,-1.17810,-0.39270
89.80
1.17810,2.35619,-2.74889,-1.57080,-0.78540,0.39270,1.96350,-2.74889,-1.96350,-0.78540,0.78540,1.96350,-2.74889,-2.74889,-0.78540,0.00000,0.78540,1.96350,3.14159,-1.96350,-0.78540,0.39270,1.96350,3.14159,-1.96350,-0.78540,0.39270,1.96350,3.14159,-2.35619,-1.17810,-0.39270
89.91
1.17810,2.35619,-2.74889,-1.57080,-0.78540,0.78540,1.96350,-2.74889,-1.96350,-0.78540,0.78540,1.96350,-2.74889,-2.74889,-0.78540,0.00000,0.78540,1.96350,3.14159,-1.96350,-0.78540,0.39270,1.96350,3.14159,-1.96350,-0.78540,0.39270,1.96350,3.14159,-2.35619,-1.17810,-0.39270
90.02
1.17810,2.35619,-2.74889,-1.57080,-0.78540,0.78540,1.96350,-2.74889,-1.96350,-0.39270,0.39270,1.96350,-2.74889,-2.74889,-0.78540,0.00000,1.17810,1.96350,3.14159,-1.96350,-0.78540,0.39270,1.57080,3.14159,-1.96350,-0.78540,0.39270,1.57080,3.14159,-2.35619,-1.17810,-0.39270
90.24
1.17810,2.35619,-2.74889,-1.57080,-0.78540,0.78540,1.96350,-2.74889,-1.96350,-0.39270,0.78540,1.96350,-2.74889,-2.74889,-0.78540,0.00000,0.78540,1.96350,3.14159,-1.96350,-0.78540,0.39270,1.57080,3.14159,-1.96350,-0.78540,0.39270,1.57080,3.14159,-2.35619,-1.17810,-0.39270
90.28
1.17810,1.96350,-2.74889,-1.96350,-0.78540,0.39270,1.96350,-2.74889,-1.96350,-0.78540,0.78540,1.57080,-2.74889,-1.96350,-0.78540,0.00000,0.78540,1.96350,3.14159,-1.96350,-0.78540,0.39270,1.57080,3.14159,-1.96350,-0.78540,0.39270,1.96350,3.14159,-2.74889,-1.17810,-0.39270
90.53
1.17810,1.96350,-2.74889,-1.96350,-0.78540,0.39270,1.96350,-2.74889,-1.96350,-0.78540,0.78540,1.57080,-2.74889,-1.96350,-0.78540,0.00000,0.78540,1.96350,3.14159,-1.96350,-0.78540,0.39270,1.57080,3.14159,-1.96350,-0.78540,0.39270,1.57080,3.14159,-2.74889,-1.17810,-0.39270
90.76
1.57080,2.35619,-2.74889,-1.57080,-0.39270,0.78540,1.96350,-2.74889,-1.96350,-0.39270,0.78540,1.96350,-2.74889,-2.35619,-0.78540,0.39270,1.17810,1.96350,3.14159,-1.96350,-0.78540,0.39270,1.96350,3.14159,-1.96350,-0.78540,0.39270,1.96350,3.14159,-2.74889,-1.17810,0.00000
90.87
1.17810,2.35619,-2.74889,-1.57080,-0.39270,0.78540,1.96350,-2.74889,-1.57080,-0.39270,0.78540,1.96350,-2.74889,-1.96350,-0.39270,0.00000,1.17810,2.35619,3.14159,-1.96350,-0.78540,0.78540,1.96350,3.14159,-1.96350,-0.78540,0.39270,1.96350,3.14159,-2.74889,-0.78540,0.00000
90.88
1.17810,2.35619,-2.74889,-1.57080,-0.39270,0.78540,1.96350,-2.74889,-1.57080,-0.39270,0.78540,1.96350,-2.74889,-1.96350,-0.39270,0.00000,1.17810,2.35619,3.14159,-1.96350,-0.78540,0.39270,1.96350,3.14159,-1.96350,-0.78540,0.39270,1.96350,3.14159,-2.74889,-0.78540,-0.39270
91.06
1.57080,2.35619,-2.74889,-1.57080,-0.39270,0.39270,1.96350,-2.74889,-1.96350,-0.39270,0.78540,1.96350,-2.74889,-1.96350,-0.78540,0.39270,1.17810,1.96350,3.14159,-1.96350,-0.78540,0.39270,1.96350,3.14159,-1.96350,-0.78540,0.39270,1.96350,3.14159,-2.74889,-1.17810,-0.39270
91.22
1.17810,2.35619,-2.74889,-1.57080,-0.39270,0.78540,1.96350,-2.74889,-1.96350,-0.39270,0.78540,1.96350,-2.74889,-1.96350,-0.78540,0.00000,1.17810,2.35619,3.14159,-1.96350,-0.78540,0.39270,1.96350,3.14159,-1.96350,-0.78540,0.39270,1.96350,3.14159,-2.74889,-1.17810,-0.39270
91.26
1.57080,2.35619,-2.74889,-1.57080,-0.39270,0.78540,1.96350,-2.74889,-1.96350,-0.39270,0.78540,1.96350,-2.74889,-1.96350,-0.78540,0.39270,1.17810,2.35619,3.14159,-1.96350,-0.78540,0.39270,1.96350,3.14159,-1.96350,-0.78540,0.39270,1.96350,3.14159,-2.74889,-1.17810,-0.39270
91.33
1.57080,2.35619,-2.74889,-1.57080,-0.39270,0.78540,1.96350,-2.74889,-1.96350,-0.39270,0.78540,1.96350,-2.74889,-1.96350,-0.78540,0.39270,1.17810,1.96350,3.14159,-1.96350,-0.78540,0.39270,1.96350,3.14159,-1.96350,-0.78540,0.39270,1.96350,3.14159,-2.74889,-1.17810,0.00000
91.37
1.57080,2.35619,-2.74889,-1.57080,-0.39270,0.78540,1.96350,-2.74889,-1.96350,-0.39270,0.78540,1.96350,-2.74889,-1.96350,-0.78540,0.00000,1.17810,1.96350,3.14159,-1.96350,-0.78540,0.39270,1.96350,3.14159,-1.96350,-0.78540,0.39270,1.96350,3.14159,-2.74889,-1.17810,-0.39270
