4.18
0.39270,0.39270,0.00000,0.00000,0.39270,0.00000,0.78540,0.00000,0.00000,0.39270,0.00000,-0.78540,-0.39270,-0.39270,0.39270,0.39270,0.00000,0.39270,-0.78540,0.00000,0.00000,0.00000,0.00000,-0.39270,0.00000,-0.39270,0.39270,0.39270,0.00000,-0.39270,-0.39270,0.39270
41.79
2.74889,-0.39270,-0.39270,0.39270,1.17810,0.39270,2.35619,-1.57080,-0.39270,0.39270,0.39270,-2.35619,-2.35619,-0.39270,0.39270,0.78540,0.78540,1.96350,-1.96350,-0.39270,-0.39270,0.39270,0.39270,-1.96350,-0.78540,-0.78540,0.39270,1.57080,0.39270,-1.96350,-0.78540,0.39270
69.63
3.14159,-1.96350,-1.57080,0.39270,1.57080,0.39270,3.14159,-2.74889,-0.78540,0.39270,1.17810,-2.74889,-2.74889,-0.78540,0.00000,1.57080,2.35619,3.14159,-2.74889,-1.57080,-0.39270,0.00000,1.57080,-2.74889,-1.57080,-1.17810,0.39270,2.35619,2.35619,-2.74889,-1.17810,0.39270
70.42
2.74889,-2.74889,3.14159,-0.78540,1.57080,1.96350,3.14159,-2.74889,-0.78540,0.78540,1.57080,-2.74889,-2.74889,-1.57080,0.00000,0.78540,3.14159,3.14159,3.14159,-1.96350,-0.78540,1.17810,2.35619,-2.74889,-1.96350,-0.39270,0.39270,1.96350,-2.74889,3.14159,-2.74889,-0.39270
70.54
2.74889,-2.74889,3.14159,-0.39270,0.78540,2.35619,3.14159,-2.74889,-0.39270,0.39270,1.96350,-2.74889,-2.74889,-0.39270,-0.39270,1.57080,3.14159,3.14159,3.14159,-1.57080,-0.39270,1.17810,1.96350,-2.74889,-1.17810,0.00000,0.78540,1.57080,-2.74889,3.14159,-2.35619,-0.39270
71.95
3.14159,-2.74889,2.74889,-0.39270,0.78540,2.35619,3.14159,-2.74889,-0.78540,0.78540,1.57080,-2.74889,-2.74889,-1.57080,-0.39270,0.78540,3.14159,3.14159,3.14159,-1.57080,0.00000,1.17810,2.35619,-2.74889,-2.35619,-0.78540,0.78540,1.96350,-2.74889,3.14159,-1.96350,-0.39270
72.71
2.74889,-2.74889,3.14159,-0.39270,0.39270,2.74889,3.14159,-2.74889,-0.78540,0.78540,1.17810,-2.74889,-2.74889,-1.57080,-0.39270,0.78540,3.14159,3.14159,3.14159,-1.57080,0.00000,1.17810,1.96350,-2.74889,-1.57080,-0.39270,0.39270,1.96350,-2.74889,3.14159,-1.96350,-0.78540
73.51
2.74889,-2.74889,3.14159,0.00000,0.78540,2.35619,3.14159,-2.74889,-0.78540,0.39270,1.57080,-2.74889,-2.74889,-0.78540,-0.39270,0.39270,3.14159,2.74889,3.14159,-1.96350,0.00000,1.17810,2.35619,-2.74889,-1.96350,-1.17810,0.39270,1.96350,-2.74889,3.14159,-0.78540,-0.78540
73.59
2.74889,-2.74889,3.14159,-0.78540,0.78540,2.35619,3.14159,-2.74889,-1.17810,0.39270,1.57080,-2.74889,-2.74889,-1.57080,0.00000,0.00000,3.14159,3.14159,3.14159,-1.96350,0.00000,0.78540,1.96350,-2.74889,-1.96350,-0.78540,0.00000,1.57080,-2.74889,3.14159,-1.96350,-0.78540
75.19
2.74889,-2.74889,3.14159,-0.39270,0.78540,2.35619,3.14159,-2.74889,-0.78540,0.39270,1.17810,-2.74889,-2.74889,-1.17810,0.00000,0.00000,3.14159,3.14159,3.14159,-1.96350,0.00000,0.78540,1.96350,-2.74889,-1.57080,-0.78540,0.39270,1.57080,-2.74889,3.14159,-1.17810,-0.78540
75.34
2.74889,-2.74889,3.14159,-0.39270,0.39270,1.96350,3.14159,-2.74889,-0.78540,0.39270,1.57080,-2.74889,-2.74889,-0.78540,-0.39270,0.39270,3.14159,2.74889,3.14159,-1.57080,0.00000,0.78540,1.17810,-2.74889,-1.57080,-0.78540,0.39270,1.57080,-2.74889,3.14159,-1.17810,-0.39270
76.53
2.74889,-2.74889,3.14159,-0.39270,0.39270,1.96350,3.14159,-2.74889,-0.78540,0.39270,1.96350,-2.74889,-2.74889,-1.17810,-0.39270,1.17810,3.14159,3.14159,3.14159,-1.57080,-0.39270,0.78540,1.96350,-2.74889,-1.96350,-0.39270,0.78540,1.57080,-2.74889,3.14159,-1.96350,-0.39270
76.62
2.35619,-2.74889,3.14159,-0.39270,0.78540,1.96350,3.14159,-2.74889,-1.17810,0.39270,1.57080,-2.74889,-2.74889,-1.17810,0.00000,0.00000,3.14159,3.14159,3.14159,-1.57080,-0.39270,0.39270,1.96350,-2.74889,-1.96350,-0.39270,0.78540,1.96350,-2.74889,3.14159,-1.57080,-0.39270
76.80
2.74889,-2.74889,3.14159,-0.39270,0.39270,1.96350,3.14159,-2.74889,-0.78540,0.39270,1.57080,-2.74889,-2.74889,-1.17810,0.00000,0.78540,3.14159,3.14159,3.14159,-1.57080,-0.39270,1.17810,1.96350,-2.74889,-1.96350,0.00000,0.78540,1.57080,-2.74889,3.14159,-1.57080,-0.39270
77.47
2.74889,-2.74889,3.14159,-0.39270,0.78540,1.96350,3.14159,-2.74889,-0.78540,0.39270,1.57080,-2.74889,-2.74889,-1.17810,-0.39270,0.78540,3.14159,3.14159,3.14159,-1.57080,0.00000,1.17810,1.96350,-2.74889,-1.57080,-0.39270,0.39270,1.57080,-2.74889,3.14159,-1.17810,0.00000
77.48
2.74889,-2.74889,3.14159,-0.39270,1.17810,1.96350,3.14159,-2.74889,-0.78540,0.39270,1.57080,-2.74889,-2.74889,-1.17810,-0.39270,0.78540,3.14159,3.14159,3.14159,-1.57080,-0.39270,1.17810,1.96350,-2.74889,-1.57080,-0.39270,0.78540,1.96350,-2.74889,3.14159,-1.57080,-0.39270
77.51
2.74889,-2.74889,3.14159,-0.78540,0.78540,1.57080,3.14159,-2.74889,-0.78540,0.39270,1.17810,-2.74889,-2.74889,-1.17810,-0.39270,0.78540,3.14159,3.14159,3.14159,-1.57080,-0.39270,1.17810,1.96350,-2.74889,-1.96350,-0.78540,0.39270,1.96350,-2.74889,3.14159,-1.57080,-0.39270
77.58
3.14159,-2.74889,3.14159,-0.39270,0.78540,1.96350,3.14159,-2.74889,-0.78540,0.78540,1.57080,-2.74889,-2.74889,-1.17810,0.00000,0.78540,3.14159,3.14159,3.14159,-1.17810,-0.39270,0.78540,1.96350,-2.74889,-1.96350,-0.39270,0.78540,1.96350,-2.74889,3.14159,-1.57080,-0.39270
77.69
2.74889,-2.74889,3.14159,-0.78540,0.39270,1.96350,3.14159,-2.74889,-0.78540,0.39270,1.57080,-2.74889,-2.74889,-1.57080,0.00000,0.78540,3.14159,3.14159,3.14159,-1.57080,-0.39270,0.78540,1.96350,-2.74889,-1.96350,-0.39270,0.39270,1.96350,-2.74889,3.14159,-1.57080,0.00000
77.81
3.14159,-2.74889,-0.78540,-0.39270,0.39270,2.35619,3.14159,-2.74889,-0.78540,0.78540,1.57080,-2.74889,-2.74889,-0.78540,-0.39270,1.57080,3.14159,3.14159,3.14159,-1.57080,0.00000,1.17810,2.74889,-2.74889,-1.57080,-0.39270,1.17810,1.96350,-2.74889,-2.74889,-1.57080,-0.78540
78.06
3.14159,-2.74889,3.14159,-1.17810,0.78540,1.57080,3.14159,-2.74889,-0.78540,0.39270,1.57080,-2.74889,-2.74889,-1.57080,-0.39270,0.78540,3.14159,3.14159,3.14159,-1.57080,-0.39270,0.78540,1.96350,-2.74889,-1.96350,-0.39270,0.39270,1.96350,-2.74889,-2.74889,-1.57080,-0.78540
78.63
3.14159,-2.74889,-0.39270,-0.39270,0.39270,1.96350,3.14159,-2.74889,-1.17810,0.78540,1.57080,-2.74889,-2.74889,-1.57080,0.00000,0.78540,3.14159,3.14159,3.14159,-1.96350,-0.39270,0.78540,2.35619,-2.74889,-1.96350,-0.39270,0.39270,1.96350,-2.74889,-2.74889,-1.17810,-0.39270
79.34
3.14159,-2.74889,3.14159,-0.78540,0.78540,1.57080,3.14159,-2.35619,-0.78540,0.39270,1.17810,-2.74889,-2.74889,-1.57080,0.00000,0.39270,3.14159,3.14159,3.14159,-1.57080,-0.39270,0.78540,1.96350,-2.74889,-1.57080,-0.78540,0.78540,1.57080,-2.74889,-2.74889,-1.57080,-0.78540
79.39
3.14159,-2.74889,3.14159,-0.78540,0.78540,1.96350,3.14159,-2.74889,-0.78540,0.39270,1.57080,-2.74889,-2.74889,-1.17810,0.00000,0.78540,3.14159,3.14159,3.14159,-1.57080,-0.39270,0.78540,2.35619,-2.74889,-1.57080,-0.39270,0.78540,1.96350,-2.74889,-2.74889,-1.57080,-0.39270
79.45
3.14159,-2.74889,3.14159,-0.78540,0.78540,1.57080,3.14159,-2.74889,-0.78540,0.39270,1.57080,-2.74889,-2.74889,-1.17810,0.00000,0.39270,3.14159,3.14159,3.14159,-1.57080,-0.39270,0.78540,2.35619,-2.74889,-1.57080,-0.39270,0.78540,1.96350,-2.74889,-2.74889,-1.17810,-0.39270
79.49
3.14159,-2.74889,3.14159,-0.78540,0.78540,1.57080,3.14159,-2.74889,-0.78540,0.39270,1.57080,-2.74889,-2.74889,-1.17810,0.00000,0.39270,3.14159,3.14159,3.14159,-1.57080,-0.39270,0.78540,1.96350,-2.74889,-1.57080,-0.78540,0.39270,1.96350,-2.74889,-2.74889,-1.17810,-0.39270
79.52
3.14159,-2.74889,3.14159,-0.39270,0.78540,1.96350,3.14159,-2.74889,-0.78540,0.39270,1.57080,-2.74889,-2.35619,-1.57080,0.00000,0.39270,3.14159,3.14159,3.14159,-1.57080,-0.39270,0.78540,1.96350,-2.74889,-1.57080,-0.78540,0.78540,1.96350,-2.74889,-2.74889,-1.17810,0.00000
79.58
3.14159,-2.74889,3.14159,0.00000,0.78540,1.96350,3.14159,-2.35619,-0.78540,0.39270,1.57080,-2.74889,-2.74889,-1.17810,0.00000,0.78540,3.14159,3.14159,3.14159,-1.17810,-0.39270,0.78540,1.96350,-2.74889,-1.96350,-0.78540,0.78540,1.57080,-2.74889,-2.74889,-1.57080,0.00000
80.22
3.14159,-2.74889,3.14159,-0.78540,0.39270,1.96350,3.14159,-2.35619,-0.78540,0.39270,1.57080,-2.74889,-2.74889,-1.17810,0.00000,0.39270,3.14159,3.14159,3.14159,-1.57080,-0.39270,0.78540,1.96350,-2.74889,-1.96350,-0.78540,0.39270,1.57080,-2.74889,-2.74889,-1.57080,-0.39270
80.64
3.14159,-2.74889,3.14159,-0.39270,0.78540,1.57080,3.14159,-1.96350,-0.78540,0.39270,1.57080,-2.74889,-2.74889,-1.17810,0.00000,0.78540,3.14159,3.14159,3.14159,-1.57080,-0.39270,0.78540,1.96350,-2.74889,-1.96350,-0.78540,0.39270,1.57080,-2.74889,-2.74889,-1.57080,-0.39270
81.03
3.14159,-2.74889,3.14159,-0.39270,0.78540,1.96350,3.14159,-1.96350,-1.17810,0.39270,1.57080,-2.74889,-2.74889,-1.17810,0.00000,0.78540,3.14159,3.14159,3.14159,-1.17810,-0.39270,0.78540,2.35619,-2.74889,-1.57080,-0.39270,0.78540,1.96350,-2.74889,-2.74889,-1.17810,-0.39270
81.10
3.14159,-2.74889,3.14159,-0.39270,0.78540,1.96350,3.14159,-2.35619,-0.78540,0.39270,1.57080,-2.74889,-2.74889,-1.17810,0.00000,0.78540,3.14159,3.14159,3.14159,-1.57080,-0.39270,1.17810,1.96350,-2.74889,-1.57080,-0.39270,0.78540,1.96350,-2.74889,-2.74889,-1.17810,-0.39270
81.25
3.14159,-2.74889,3.14159,-0.39270,0.78540,1.96350,3.14159,-2.35619,-0.78540,0.39270,1.57080,-2.74889,-2.74889,-1.17810,0.00000,0.78540,3.14159,3.14159,3.14159,-1.17810,-0.39270,0.78540,1.96350,-2.74889,-1.57080,-0.39270,0.78540,1.96350,-2.74889,-2.74889,-1.17810,-0.39270
81.26
3.14159,-2.74889,3.14159,-0.39270,0.78540,1.96350,3.14159,-2.35619,-0.78540,0.39270,1.57080,-2.74889,-2.74889,-1.17810,0.00000,0.78540,3.14159,3.14159,3.14159,-1.17810,-0.39270,0.78540,2.35619,-2.74889,-1.57080,-0.39270,0.78540,1.96350,-2.74889,-2.74889,-1.17810,-0.39270
81.58
3.14159,-2.74889,3.14159,-0.39270,0.78540,1.57080,3.14159,-2.35619,-0.78540,0.39270,1.57080,-2.74889,-2.74889,-1.17810,0.00000,0.78540,3.14159,2.74889,3.14159,-1.17810,-0.39270,0.78540,1.96350,-2.74889,-1.57080,-0.39270,0.78540,1.96350,-2.74889,-2.74889,-1.17810,-0.39270
81.62
3.14159,-2.74889,3.14159,-0.39270,0.78540,1.96350,3.14159,-2.35619,-0.78540,0.39270,1.57080,-2.74889,-2.74889,-1.17810,0.00000,0.78540,3.14159,2.74889,3.14159,-1.17810,-0.39270,0.78540,2.35619,-2.74889,-1.57080,-0.39270,0.78540,1.96350,-2.74889,-2.74889,-1.17810,-0.39270
81.81
3.14159,-2.74889,3.14159,-0.39270,0.78540,1.96350,3.14159,-1.96350,-0.78540,0.39270,1.57080,-2.74889,-2.74889,-1.17810,0.00000,0.78540,3.14159,2.74889,3.14159,-1.57080,-0.39270,0.78540,1.96350,-2.74889,-1.96350,-0.39270,0.78540,1.96350,-2.74889,-2.74889,-1.17810,-0.39270
81.82
3.14159,-2.74889,3.14159,-0.39270,0.78540,1.96350,3.14159,-1.96350,-0.78540,0.39270,1.57080,-2.74889,-2.74889,-1.17810,0.00000,0.78540,3.14159,2.74889,3.14159,-1.17810,-0.39270,1.17810,1.96350,-2.74889,-1.57080,-0.39270,0.78540,1.96350,-2.74889,-2.74889,-1.17810,-0.39270
81.83
3.14159,-2.74889,3.14159,-0.39270,0.78540,1.96350,3.14159,-1.96350,-0.78540,0.39270,1.57080,-2.74889,-2.74889,-1.17810,0.00000,1.17810,3.14159,2.74889,3.14159,-1.17810,-0.39270,0.78540,2.35619,-2.74889,-1.57080,-0.39270,0.78540,1.96350,-2.74889,-2.74889,-1.17810,-0.39270
81.85
3.14159,-2.74889,3.14159,-0.39270,0.78540,1.96350,3.14159,-1.96350,-0.78540,0.39270,1.57080,-2.74889,-2.74889,-0.78540,0.00000,0.78540,3.14159,2.74889,3.14159,-1.57080,-0.39270,0.78540,2.35619,-2.74889,-1.57080,-0.39270,0.78540,1.96350,-2.74889,-2.74889,-1.17810,-0.39270
82.03
3.14159,-2.74889,3.14159,-0.39270,1.17810,1.96350,3.14159,-2.35619,-0.78540,0.39270,1.57080,-2.74889,-2.74889,-1.17810,0.00000,0.78540,3.14159,2.74889,3.14159,-1.17810,-0.39270,0.78540,2.35619,-2.74889,-1.57080,-0.39270,0.78540,1.96350,-2.74889,-2.35619,-1.17810,-0.39270
82.21
3.14159,-2.74889,3.14159,-0.39270,0.78540,1.96350,3.14159,-1.96350,-0.78540,0.39270,1.57080,-2.74889,-2.74889,-1.17810,0.39270,0.78540,3.14159,2.35619,3.14159,-1.57080,-0.39270,0.78540,2.35619,-2.74889,-1.57080,-0.39270,0.39270,1.96350,-2.74889,-1.96350,-1.17810,-0.39270
82.35
2.74889,-2.74889,3.14159,-0.39270,0.78540,1.96350,3.14159,-2.35619,-0.78540,0.39270,1.57080,-2.74889,-2.74889,-1.17810,0.00000,0.78540,3.14159,2.35619,3.14159,-1.17810,-0.39270,0.78540,2.35619,-2.74889,-1.57080,-0.39270,0.78540,1.96350,-2.74889,-2.35619,-1.17810,-0.39270
82.40
2.74889,-2.74889,3.14159,-0.39270,0.39270,1.96350,3.14159,-1.96350,-0.78540,0.39270,1.57080,-2.74889,-2.35619,-1.17810,0.00000,0.78540,3.14159,2.74889,3.14159,-1.57080,-0.39270,0.78540,1.96350,-2.74889,-1.57080,-0.39270,0.39270,1.96350,-2.74889,-2.74889,-1.17810,-0.39270
82.44
2.74889,-2.74889,3.14159,-0.39270,0.78540,1.96350,3.14159,-2.35619,-0.78540,0.39270,1.57080,-2.74889,-2.35619,-1.17810,0.00000,0.78540,3.14159,2.74889,3.14159,-1.57080,-0.39270,0.78540,1.96350,-2.74889,-1.57080,-0.39270,0.78540,1.96350,-2.74889,-2.74889,-1.17810,-0.39270
82.79
2.74889,-2.74889,3.14159,-0.39270,0.78540,1.96350,3.14159,-1.96350,-0.78540,0.39270,1.57080,-2.74889,-2.35619,-1.17810,0.00000,0.78540,3.14159,2.74889,3.14159,-1.57080,-0.39270,0.78540,1.96350,-2.74889,-1.57080,-0.39270,0.78540,1.96350,-2.74889,-2.74889,-1.17810,-0.39270
82.86
2.74889,-2.74889,3.14159,-0.78540,0.78540,1.96350,3.14159,-2.35619,-0.39270,0.39270,1.57080,-2.74889,-2.35619,-1.17810,0.00000,0.78540,2.74889,2.74889,3.14159,-1.57080,-0.39270,0.78540,1.96350,-2.74889,-1.57080,-0.39270,0.39270,1.96350,-2.74889,-2.74889,-1.17810,-0.39270
82.98
3.14159,-2.74889,3.14159,-0.39270,0.78540,1.96350,3.14159,-1.96350,-0.78540,0.39270,1.57080,-2.74889,-2.74889,-1.17810,-0.39270,0.78540,2.74889,2.74889,3.14159,-1.57080,-0.39270,0.78540,1.96350,-2.74889,-1.57080,-0.39270,0.78540,1.96350,-2.74889,-2.74889,-1.57080,-0.39270
83.45
3.14159,-2.74889,3.14159,-0.39270,0.39270,1.57080,3.14159,-1.96350,-0.78540,0.39270,1.57080,-2.74889,-2.35619,-1.17810,0.00000,0.78540,2.74889,2.74889,3.14159,-1.57080,-0.39270,0.78540,2.35619,-2.74889,-1.57080,-0.78540,0.78540,1.96350,-2.74889,-2.74889,-1.17810,-0.39270
83.52
2.74889,-2.74889,3.14159,-0.39270,0.78540,1.96350,3.14159,-2.35619,-0.78540,0.39270,1.57080,-2.74889,-1.96350,-1.17810,0.00000,0.78540,2.74889,2.74889,3.14159,-1.57080,-0.39270,0.78540,1.96350,-2.74889,-1.57080,-0.39270,0.78540,1.96350,-2.74889,-2.74889,-1.17810,-0.39270
83.74
2.74889,-2.74889,3.14159,-0.39270,0.78540,1.96350,3.14159,-2.35619,-0.78540,0.39270,1.57080,-2.74889,-2.35619,-1.17810,0.00000,0.78540,2.74889,2.74889,3.14159,-1.17810,-0.39270,0.78540,1.96350,-2.74889,-1.57080,-0.39270,0.78540,1.96350,-2.74889,-2.74889,-1.17810,-0.39270
83.76
3.14159,-2.74889,3.14159,-0.39270,0.78540,1.96350,3.14159,-1.96350,-0.78540,0.39270,1.57080,-2.74889,-2.35619,-1.17810,0.00000,0.78540,2.74889,2.74889,3.14159,-1.57080,-0.39270,0.78540,2.35619,-2.74889,-1.57080,-0.39270,0.39270,1.96350,-2.74889,-2.74889,-1.17810,-0.39270
83.79
2.74889,-2.74889,3.14159,-0.39270,0.39270,1.57080,3.14159,-1.96350,-0.78540,0.39270,1.57080,-2.74889,-2.35619,-1.17810,-0.39270,0.78540,2.74889,2.74889,3.14159,-1.57080,-0.39270,0.78540,1.96350,-2.74889,-1.57080,-0.39270,0.78540,1.96350,-2.74889,-2.74889,-1.17810,-0.39270
83.92
2.74889,-2.74889,3.14159,-0.39270,0.78540,1.96350,3.14159,-1.96350,-0.78540,0.78540,1.57080,-2.74889,-2.35619,-1.17810,0.00000,0.78540,2.74889,2.74889,3.14159,-1.57080,-0.39270,0.78540,2.35619,-2.74889,-1.57080,-0.39270,0.78540,1.96350,-2.74889,-2.74889,-1.17810,-0.39270
84.50
2.74889,-2.74889,3.14159,0.00000,0.78540,1.96350,3.14159,-1.96350,-0.78540,0.39270,1.96350,-2.74889,-1.96350,-1.17810,0.00000,0.78540,2.35619,2.74889,3.14159,-1.17810,-0.39270,1.17810,2.35619,-2.74889,-1.57080,-0.39270,0.78540,1.96350,-2.74889,-2.74889,-1.17810,0.00000
84.79
2.74889,-2.74889,3.14159,-0.39270,0.78540,1.96350,3.14159,-1.96350,-0.78540,0.39270,1.57080,-2.74889,-2.35619,-1.17810,0.00000,0.39270,2.35619,2.74889,3.14159,-1.57080,-0.39270,0.78540,2.35619,-2.74889,-1.57080,-0.39270,0.39270,1.96350,-2.74889,-2.74889,-1.17810,-0.39270
84.81
2.74889,-2.74889,3.14159,-0.39270,0.78540,1.96350,3.14159,-1.96350,-0.78540,0.39270,1.57080,-2.74889,-2.35619,-1.17810,-0.39270,0.78540,2.35619,2.74889,3.14159,-1.17810,-0.39270,0.78540,1.96350,-2.74889,-1.57080,-0.39270,0.39270,1.96350,-2.74889,-2.74889,-1.17810,-0.39270
84.85
2.35619,-2.74889,3.14159,-0.78540,0.78540,1.96350,3.14159,-1.96350,-0.78540,0.39270,1.57080,-2.74889,-2.35619,-1.17810,0.00000,0.78540,2.35619,2.74889,3.14159,-1.57080,-0.39270,0.78540,1.96350,-2.74889,-1.57080,-0.39270,0.78540,1.96350,-2.74889,-2.74889,-1.17810,-0.39270
85.26
2.74889,-2.74889,3.14159,-0.39270,0.39270,1.96350,3.14159,-1.96350,-0.78540,0.39270,1.57080,-2.74889,-1.96350,-1.17810,0.00000,0.78540,1.96350,2.74889,3.14159,-1.57080,-0.39270,0.78540,1.96350,-2.74889,-1.57080,-0.39270,0.78540,1.57080,-2.74889,-2.74889,-1.17810,-0.39270
85.41
2.74889,-2.74889,3.14159,-0.39270,0.39270,1.96350,3.14159,-1.96350,-0.78540,0.39270,1.57080,-2.74889,-2.35619,-1.17810,-0.39270,0.78540,1.96350,2.74889,3.14159,-1.57080,-0.39270,1.17810,1.96350,-2.74889,-1.57080,-0.39270,0.78540,1.96350,-2.74889,-2.74889,-1.17810,-0.39270
85.49
2.74889,-2.74889,3.14159,-0.39270,0.78540,1.96350,3.14159,-1.96350,-0.78540,0.39270,1.57080,-2.74889,-2.35619,-1.17810,0.00000,0.78540,1.96350,2.74889,3.14159,-1.17810,-0.39270,0.78540,2.35619,-2.74889,-1.57080,-0.39270,0.78540,1.57080,-2.74889,-2.74889,-1.17810,0.00000
85.88
2.74889,-2.74889,3.14159,-0.39270,0.78540,1.96350,3.14159,-1.96350,-0.78540,0.39270,1.57080,-2.74889,-2.35619,-1.17810,0.00000,0.78540,1.96350,2.74889,3.14159,-1.17810,-0.39270,0.78540,2.35619,-2.74889,-1.57080,-0.39270,0.78540,1.96350,-2.74889,-2.74889,-1.17810,0.00000
86.06
2.74889,-2.74889,3.14159,-0.39270,0.78540,1.96350,3.14159,-1.96350,-0.78540,0.39270,1.57080,-2.74889,-2.35619,-1.17810,0.00000,0.78540,1.96350,2.74889,3.14159,-1.57080,-0.39270,0.78540,1.96350,-2.74889,-1.57080,-0.39270,0.78540,1.96350,-2.74889,-2.74889,-1.17810,-0.39270
86.63
2.74889,-2.74889,3.14159,-0.39270,0.78540,1.57080,3.14159,-1.96350,-0.78540,0.39270,1.57080,-2.74889,-1.96350,-1.17810,-0.39270,0.78540,1.57080,2.74889,3.14159,-1.57080,-0.39270,0.78540,2.35619,-2.74889,-1.57080,-0.39270,0.78540,1.96350,-2.74889,-1.96350,-1.17810,-0.39270
86.65
2.74889,-2.74889,3.14159,-0.39270,0.78540,1.57080,2.74889,-1.96350,-0.78540,0.39270,1.57080,-2.74889,-2.35619,-1.17810,-0.39270,0.78540,1.57080,2.74889,3.14159,-1.57080,-0.39270,0.78540,1.96350,-2.74889,-1.57080,-0.39270,0.78540,1.96350,-2.74889,-2.35619,-1.17810,0.00000
87.19
2.74889,-2.74889,3.14159,-0.39270,0.78540,1.96350,3.14159,-1.96350,-0.78540,0.39270,1.57080,-2.74889,-2.35619,-1.17810,0.00000,0.78540,1.57080,2.74889,3.14159,-1.17810,-0.39270,0.78540,2.35619,-2.74889,-1.57080,-0.39270,0.78540,1.96350,-2.74889,-1.96350,-1.17810,0.00000
87.28
2.74889,-2.74889,3.14159,-0.39270,0.78540,1.96350,3.14159,-1.96350,-0.78540,0.39270,1.57080,-2.74889,-2.35619,-1.17810,0.00000,0.78540,1.57080,2.74889,3.14159,-1.57080,-0.39270,0.78540,2.35619,-2.74889,-1.57080,-0.39270,0.78540,1.96350,-2.74889,-1.96350,-1.17810,-0.39270
87.29
2.74889,-2.74889,3.14159,-0.39270,0.78540,1.96350,3.14159,-1.96350,-0.78540,0.39270,1.57080,-2.74889,-2.35619,-1.17810,0.00000,0.78540,1.57080,2.74889,3.14159,-1.57080,-0.39270,0.78540,1.96350,-2.74889,-1.57080,-0.39270,0.78540,1.96350,-2.74889,-1.96350,-1.17810,-0.39270
87.49
2.74889,-2.74889,3.14159,-0.39270,0.78540,1.57080,3.14159,-1.96350,-0.78540,0.39270,1.57080,2.74889,-2.35619,-1.17810,0.00000,1.17810,1.57080,2.35619,3.14159,-1.57080,-0.39270,0.78540,2.35619,-2.74889,-1.57080,-0.78540,0.78540,1.57080,-2.74889,-1.96350,-0.78540,-0.39270
87.64
2.74889,-2.74889,3.14159,-0.39270,0.78540,1.57080,3.14159,-1.96350,-0.78540,0.39270,1.57080,3.14159,-2.35619,-1.17810,0.00000,0.78540,1.96350,2.35619,3.14159,-1.57080,-0.39270,0.78540,1.96350,-2.74889,-1.57080,-0.78540,0.78540,1.57080,-2.74889,-1.96350,-1.17810,-0.39270
87.75
2.74889,-2.74889,3.14159,-0.39270,0.78540,1.57080,3.14159,-1.96350,-0.78540,0.39270,1.57080,3.14159,-2.35619,-1.17810,0.00000,0.39270,1.57080,2.35619,3.14159,-1.57080,-0.39270,0.78540,1.96350,-2.74889,-1.57080,-0.39270,0.39270,1.57080,-2.74889,-1.96350,-1.17810,-0.39270
88.06
2.74889,-2.74889,3.14159,-0.39270,0.78540,1.57080,3.14159,-1.96350,-0.78540,0.39270,1.57080,2.74889,-2.35619,-1.17810,-0.39270,0.78540,1.57080,2.35619,3.14159,-1.57080,-0.39270,0.78540,2.35619,-2.74889,-1.57080,-0.78540,0.78540,1.57080,-2.74889,-1.96350,-1.17810,-0.39270
88.43
2.74889,-2.74889,3.14159,-0.39270,0.78540,1.57080,3.14159,-1.96350,-0.78540,0.39270,1.57080,2.74889,-2.35619,-1.17810,0.00000,0.78540,1.57080,2.35619,3.14159,-1.57080,-0.39270,0.78540,1.96350,-2.74889,-1.57080,-0.78540,0.78540,1.57080,-2.74889,-1.96350,-1.17810,-0.39270
88.53
2.74889,-2.74889,3.14159,-0.39270,0.78540,1.57080,3.14159,-1.96350,-0.78540,0.39270,1.57080,2.74889,-2.35619,-1.17810,0.00000,0.78540,1.57080,2.35619,3.14159,-1.57080,-0.39270,0.78540,1.96350,-2.74889,-1.57080,-0.39270,0.78540,1.57080,-2.74889,-1.96350,-1.17810,-0.39270
88.62
2.74889,-2.74889,3.14159,-0.39270,0.78540,1.96350,3.14159,-1.96350,-0.78540,0.39270,1.57080,2.74889,-2.35619,-1.17810,0.00000,0.78540,1.57080,2.74889,3.14159,-1.57080,-0.39270,1.17810,2.35619,-2.74889,-1.57080,-0.39270,0.78540,1.96350,-2.74889,-1.96350,-1.17810,-0.39270
88.76
2.74889,-2.74889,3.14159,-0.39270,0.78540,1.57080,3.14159,-1.96350,-0.78540,0.39270,1.57080,2.74889,-2.35619,-1.17810,0.00000,0.78540,1.57080,2.74889,3.14159,-1.57080,-0.39270,0.78540,1.96350,-2.74889,-1.57080,-0.78540,0.78540,1.96350,-2.74889,-1.96350,-1.17810,-0.39270
88.76
2.74889,-2.35619,3.14159,-0.39270,0.78540,1.57080,3.14159,-1.96350,-0.78540,0.39270,1.57080,2.74889,-2.35619,-1.17810,0.00000,0.78540,1.57080,2.74889,3.14159,-1.57080,-0.39270,0.78540,1.96350,-2.74889,-1.57080,-0.39270,0.78540,1.96350,-2.74889,-1.96350,-1.17810,-0.39270
88.93
2.74889,-2.74889,3.14159,-0.39270,0.78540,1.57080,3.14159,-1.96350,-0.78540,0.39270,1.57080,2.74889,-2.35619,-1.17810,0.00000,0.78540,1.57080,2.74889,3.14159,-1.57080,-0.39270,0.78540,1.96350,-2.74889,-1.57080,-0.39270,0.78540,1.96350,-2.74889,-1.96350,-1.17810,-0.39270
88.96
2.74889,-2.74889,3.14159,-0.39270,0.78540,1.96350,3.14159,-1.96350,-0.78540,0.39270,1.57080,2.74889,-2.35619,-1.17810,0.00000,0.78540,1.57080,2.74889,3.14159,-1.57080,-0.39270,0.78540,1.96350,-2.74889,-1.57080,-0.39270,0.78540,1.96350,-2.74889,-1.96350,-1.17810,-0.39270
