11.24
-0.39270,0.00000,0.39270,0.39270,0.00000,-0.78540,-0.39270,-0.78540,0.00000,0.39270,0.78540,0.00000,-0.78540,-0.78540,0.00000,0.39270,0.78540,0.39270,-0.78540,-0.39270,0.00000,0.39270,0.39270,0.78540,-0.39270,-0.78540,0.39270,0.39270,0.39270,-0.78540,-0.39270,-0.39270
57.80
-0.78540,-0.39270,0.78540,0.78540,0.39270,-2.74889,-0.39270,-0.78540,0.39270,0.78540,2.35619,-0.78540,-0.78540,-0.78540,0.39270,1.57080,2.35619,1.57080,-1.96350,-0.39270,0.00000,0.00000,0.78540,2.35619,-1.57080,-0.39270,-0.39270,0.78540,1.57080,-1.96350,-1.57080,-0.78540
91.19
-1.57080,-0.39270,0.00000,1.17810,1.57080,-2.74889,-1.57080,-1.17810,0.39270,0.78540,3.14159,-1.96350,-1.17810,-0.39270,0.78540,1.96350,3.14159,2.74889,-2.74889,-0.78540,-0.39270,0.39270,1.57080,3.14159,-2.74889,-0.78540,0.00000,0.78540,1.57080,-2.74889,-1.57080,-1.17810
96.20
-1.57080,-0.78540,-0.39270,1.17810,1.57080,-2.74889,-1.96350,-1.57080,0.39270,0.78540,3.14159,-2.74889,-1.17810,-0.39270,0.78540,1.96350,3.14159,3.14159,-2.74889,-1.57080,-0.39270,0.39270,1.96350,3.14159,-2.74889,-0.78540,0.00000,1.17810,1.96350,-2.74889,-1.57080,-1.17810
96.42
-1.17810,-1.57080,0.00000,0.78540,2.74889,-2.74889,-2.35619,-0.78540,0.39270,1.57080,3.14159,-2.74889,-1.17810,-0.78540,0.78540,1.96350,3.14159,3.14159,-2.74889,-1.17810,0.39270,0.78540,2.35619,3.14159,-2.74889,-1.17810,0.39270,1.17810,3.14159,-2.74889,-1.57080,-0.78540
97.23
-1.57080,-1.57080,0.00000,1.17810,2.35619,-2.74889,-2.35619,-0.39270,0.39270,1.17810,3.14159,-2.74889,-1.96350,-1.17810,1.17810,1.17810,3.14159,3.14159,-2.74889,-1.57080,0.00000,0.78540,2.35619,3.14159,-2.74889,-0.78540,0.00000,1.57080,2.74889,-2.74889,-1.57080,-0.78540
98.89
-1.17810,-1.17810,0.00000,0.78540,2.74889,-2.74889,-1.96350,-1.17810,0.00000,1.57080,3.14159,-2.74889,-1.17810,-0.78540,0.78540,0.78540,3.14159,3.14159,-2.74889,-1.57080,-0.39270,0.39270,2.35619,3.14159,-2.35619,-1.17810,0.00000,1.17810,3.14159,-2.74889,-1.96350,-1.17810
99.73
-1.17810,-1.57080,0.39270,1.17810,2.35619,-2.74889,-1.96350,-0.39270,0.39270,1.17810,3.14159,-2.74889,-1.57080,-1.17810,0.39270,1.17810,3.14159,3.14159,-2.74889,-1.57080,0.00000,0.78540,1.96350,3.14159,-2.74889,-1.17810,0.39270,1.57080,2.35619,-2.74889,-1.96350,-1.17810
99.87
-1.57080,-1.17810,0.39270,0.78540,2.35619,-2.74889,-2.35619,-1.17810,0.00000,1.57080,3.14159,-2.74889,-1.57080,-0.78540,1.17810,0.78540,3.14159,3.14159,-2.74889,-1.57080,0.00000,0.78540,1.57080,3.14159,-2.74889,-0.78540,0.00000,1.17810,2.35619,-2.74889,-1.96350,-1.17810
100.15
-1.17810,-0.78540,0.39270,0.78540,1.96350,-2.74889,-2.35619,-1.17810,0.39270,1.57080,3.14159,-2.74889,-1.57080,-0.78540,0.39270,1.17810,3.14159,3.14159,-2.74889,-1.57080,0.00000,1.17810,1.96350,3.14159,-2.74889,-0.78540,0.00000,1.17810,2.35619,-2.74889,-1.17810,-1.17810
100.78
-1.57080,-1.57080,0.39270,1.17810,2.35619,-2.74889,-1.96350,-0.78540,0.39270,1.17810,3.14159,-2.74889,-1.57080,-1.17810,0.78540,1.17810,3.14159,3.14159,-2.74889,-1.17810,0.00000,0.78540,2.35619,3.14159,-2.74889,-0.78540,0.39270,1.57080,2.74889,-2.74889,-1.96350,-1.17810
101.11
-1.57080,-1.17810,0.39270,1.17810,2.35619,-2.74889,-1.96350,-0.78540,0.39270,1.17810,3.14159,-2.74889,-1.17810,-0.78540,1.17810,1.57080,3.14159,3.14159,-2.74889,-1.17810,0.00000,0.78540,1.96350,3.14159,-2.74889,-1.17810,0.39270,1.17810,2.74889,-2.74889,-1.96350,-0.78540
101.98
-1.17810,-1.17810,0.00000,0.78540,2.74889,-2.74889,-2.35619,-0.78540,0.39270,1.57080,3.14159,-2.74889,-1.57080,-0.78540,0.78540,1.96350,3.14159,3.14159,-2.74889,-1.57080,0.39270,1.17810,1.96350,3.14159,-1.96350,-0.78540,0.00000,1.17810,2.74889,-2.74889,-1.96350,-1.17810
104.11
-1.57080,-1.17810,0.00000,0.78540,1.96350,-2.74889,-1.96350,-0.78540,0.00000,1.57080,3.14159,-2.74889,-1.57080,-0.78540,0.78540,1.57080,3.14159,3.14159,-2.74889,-1.57080,0.00000,1.17810,1.96350,3.14159,-1.96350,-1.17810,0.39270,1.17810,2.74889,-2.74889,-1.96350,-1.57080
104.81
-1.57080,-0.78540,0.00000,1.17810,1.96350,-2.74889,-1.96350,-0.78540,0.39270,1.57080,3.14159,-2.74889,-1.96350,-0.78540,0.78540,0.78540,3.14159,3.14159,-2.74889,-1.57080,-0.39270,0.78540,1.96350,3.14159,-1.96350,-0.78540,0.39270,1.17810,2.35619,-2.74889,-2.35619,-1.57080
105.10
-1.17810,-1.57080,0.00000,1.17810,2.35619,-2.74889,-1.96350,-0.78540,0.39270,1.17810,3.14159,-2.74889,-1.57080,-0.39270,0.39270,1.57080,3.14159,3.14159,-2.74889,-1.57080,0.00000,1.17810,1.96350,3.14159,-1.96350,-0.78540,0.39270,1.17810,2.74889,-2.74889,-1.96350,-1.17810
105.32
-1.57080,-1.17810,0.00000,1.17810,2.35619,-2.74889,-1.57080,-0.78540,0.39270,1.57080,3.14159,-2.74889,-1.57080,-0.78540,0.39270,1.57080,3.14159,3.14159,-2.74889,-1.17810,-0.39270,0.78540,1.96350,3.14159,-2.35619,-0.78540,0.39270,1.17810,2.74889,-2.74889,-1.96350,-1.17810
105.44
-1.17810,-0.78540,0.39270,1.17810,2.74889,-2.74889,-1.57080,-0.78540,0.39270,1.57080,3.14159,-2.74889,-1.57080,-0.39270,0.39270,1.57080,3.14159,3.14159,-2.74889,-0.78540,0.00000,0.78540,1.96350,3.14159,-1.96350,-0.39270,0.39270,1.57080,2.74889,-2.74889,-1.57080,-0.78540
106.19
-1.17810,-0.78540,0.00000,1.17810,2.35619,-2.74889,-1.96350,-0.39270,0.78540,1.57080,3.14159,-2.74889,-1.17810,-0.39270,0.39270,1.17810,3.14159,3.14159,-2.74889,-1.17810,0.00000,0.78540,2.35619,3.14159,-1.96350,-0.78540,0.39270,1.57080,2.74889,-2.74889,-1.96350,-0.78540
106.26
-1.57080,-0.78540,0.00000,1.17810,2.35619,-2.74889,-1.96350,-0.78540,0.39270,1.17810,3.14159,-2.74889,-1.57080,-0.78540,0.78540,1.57080,3.14159,3.14159,-2.74889,-1.17810,0.00000,1.17810,2.35619,3.14159,-1.96350,-0.78540,0.39270,1.57080,2.74889,-2.74889,-1.96350,-1.17810
106.39
-1.57080,-1.17810,0.00000,1.17810,2.35619,-2.74889,-1.57080,-0.78540,0.39270,1.57080,3.14159,-2.74889,-1.57080,-0.39270,1.17810,1.57080,3.14159,3.14159,-2.74889,-1.17810,0.00000,1.17810,2.35619,3.14159,-1.57080,-0.78540,0.39270,1.57080,2.74889,-2.74889,-1.96350,-1.17810
106.74
-1.57080,-0.78540,0.00000,1.17810,2.35619,-2.74889,-1.96350,-0.78540,0.39270,1.57080,3.14159,-2.74889,-1.57080,-0.39270,0.39270,1.17810,3.14159,3.14159,-2.74889,-1.57080,0.00000,1.17810,1.96350,3.14159,-1.96350,-0.78540,0.39270,1.57080,2.74889,-2.74889,-1.57080,-1.17810
106.88
-1.57080,-0.78540,0.00000,1.17810,2.35619,-2.74889,-1.96350,-0.78540,0.39270,1.57080,3.14159,-2.74889,-1.57080,-0.39270,0.39270,1.57080,3.14159,3.14159,-2.74889,-1.17810,-0.39270,0.78540,2.35619,3.14159,-1.96350,-0.78540,0.39270,1.17810,2.74889,-2.74889,-1.57080,-1.17810
107.10
-1.57080,-0.78540,0.00000,1.17810,2.35619,-2.74889,-1.57080,-0.78540,0.39270,1.57080,3.14159,-2.74889,-1.57080,-0.39270,0.78540,1.57080,3.14159,3.14159,-2.74889,-1.17810,0.00000,1.17810,2.35619,3.14159,-1.96350,-0.78540,0.39270,1.57080,2.35619,-2.74889,-1.96350,-0.78540
107.22
-1.17810,-0.78540,0.00000,1.17810,2.35619,-2.74889,-1.96350,-0.78540,0.39270,1.57080,3.14159,-2.74889,-1.57080,-0.39270,0.78540,1.57080,3.14159,3.14159,-2.74889,-1.17810,0.00000,0.78540,1.96350,3.14159,-1.57080,-0.78540,0.39270,1.57080,2.74889,-2.74889,-1.96350,-1.17810
107.31
-1.57080,-1.17810,0.39270,1.57080,2.35619,-2.74889,-1.96350,-0.39270,0.39270,1.57080,2.74889,-2.74889,-1.57080,-0.39270,0.39270,1.17810,2.74889,2.74889,-2.74889,-1.17810,0.00000,0.78540,2.35619,3.14159,-1.96350,-0.39270,0.39270,1.57080,2.35619,-2.74889,-1.96350,-0.78540
107.32
-1.96350,-1.17810,0.39270,1.17810,1.96350,-2.74889,-1.57080,-0.78540,0.39270,1.57080,3.14159,-2.74889,-1.57080,-0.39270,0.78540,1.57080,2.74889,3.14159,-2.74889,-1.17810,-0.39270,0.78540,1.96350,3.14159,-1.96350,-0.78540,0.39270,1.17810,2.74889,-2.74889,-1.57080,-0.78540
107.38
-1.96350,-1.17810,0.39270,1.17810,2.35619,-2.74889,-1.96350,-0.78540,0.39270,1.57080,3.14159,-2.74889,-1.57080,-0.39270,0.78540,1.57080,2.74889,3.14159,-2.74889,-1.57080,-0.39270,0.78540,1.96350,3.14159,-1.96350,-0.78540,0.39270,1.17810,2.74889,-2.74889,-1.57080,-0.78540
107.62
-1.96350,-0.78540,0.00000,0.78540,2.35619,-2.74889,-1.96350,-0.78540,0.39270,1.57080,3.14159,-2.74889,-1.57080,-0.78540,0.78540,1.57080,2.74889,3.14159,-2.74889,-1.17810,0.00000,1.17810,1.96350,3.14159,-1.96350,-0.78540,0.39270,1.17810,2.74889,-2.74889,-1.96350,-1.17810
107.89
-1.17810,-1.17810,0.39270,0.78540,2.74889,-2.74889,-1.57080,-0.78540,0.39270,1.57080,2.74889,-2.74889,-1.57080,-0.39270,0.39270,1.17810,2.35619,3.14159,-2.74889,-1.17810,0.00000,0.78540,1.96350,3.14159,-1.57080,-0.78540,0.39270,1.57080,2.74889,-2.74889,-1.57080,-1.17810
108.95
-1.57080,-1.17810,0.00000,1.17810,2.35619,-2.74889,-1.96350,-0.78540,0.00000,1.57080,2.74889,-2.74889,-1.57080,-0.78540,0.39270,1.17810,1.96350,3.14159,-2.74889,-1.57080,0.00000,0.78540,1.96350,3.14159,-1.96350,-1.17810,0.00000,1.57080,2.74889,-2.74889,-1.96350,-1.17810
109.67
-1.96350,-1.17810,0.00000,1.17810,1.96350,-2.74889,-1.96350,-0.78540,0.39270,1.17810,2.74889,-2.74889,-1.57080,-0.78540,0.78540,1.57080,1.96350,3.14159,-2.74889,-1.17810,-0.39270,0.78540,1.96350,3.14159,-1.96350,-0.78540,0.39270,1.57080,2.74889,-2.74889,-1.96350,-1.17810
109.69
-1.57080,-1.17810,0.00000,1.17810,2.35619,-2.74889,-1.96350,-0.78540,0.39270,1.57080,3.14159,-2.74889,-1.17810,-0.39270,0.78540,1.57080,2.35619,3.14159,-1.96350,-1.17810,0.00000,0.78540,2.35619,3.14159,-1.57080,-0.78540,0.39270,1.17810,2.74889,-2.74889,-1.96350,-1.17810
109.96
-1.57080,-0.78540,0.39270,1.17810,2.35619,-2.74889,-1.96350,-0.78540,0.39270,1.57080,3.14159,-2.74889,-1.17810,-0.39270,0.39270,1.57080,1.96350,3.14159,-2.35619,-1.17810,0.00000,0.78540,1.96350,3.14159,-1.96350,-0.78540,0.39270,1.57080,2.35619,-2.74889,-1.57080,-0.78540
110.16
-1.57080,-0.78540,0.00000,1.17810,1.96350,-2.74889,-1.96350,-0.39270,0.39270,1.57080,2.74889,-2.74889,-1.57080,-0.39270,0.78540,1.17810,2.35619,3.14159,-2.35619,-1.17810,0.00000,0.78540,1.96350,3.14159,-1.57080,-0.78540,0.39270,1.17810,2.35619,-2.74889,-1.57080,-1.17810
110.28
-1.96350,-0.78540,0.00000,1.17810,1.96350,-2.74889,-1.96350,-0.78540,0.39270,1.57080,2.74889,-2.74889,-1.57080,-0.39270,0.78540,1.57080,2.35619,3.14159,-2.74889,-1.17810,0.00000,0.78540,1.96350,3.14159,-1.96350,-0.78540,0.39270,1.57080,2.35619,-2.74889,-1.96350,-0.78540
110.36
-1.57080,-0.78540,0.00000,1.17810,2.35619,-2.74889,-1.96350,-0.78540,0.39270,1.57080,2.74889,-2.74889,-1.17810,-0.39270,0.78540,1.17810,2.35619,3.14159,-2.74889,-1.17810,0.00000,0.78540,1.96350,3.14159,-1.96350,-0.78540,0.39270,1.57080,2.74889,-2.74889,-1.96350,-1.17810
110.60
-1.57080,-0.78540,0.00000,1.17810,1.96350,-2.74889,-1.96350,-0.78540,0.39270,1.57080,2.74889,-2.74889,-1.57080,-0.39270,0.78540,1.17810,2.35619,3.14159,-2.74889,-1.17810,0.00000,0.78540,1.96350,3.14159,-1.96350,-0.78540,0.39270,1.57080,2.74889,-2.74889,-1.96350,-1.17810
110.61
-1.57080,-0.78540,0.39270,1.17810,2.35619,-2.74889,-1.96350,-0.78540,0.39270,1.57080,2.74889,-2.74889,-1.57080,-0.78540,0.39270,1.17810,2.35619,3.14159,-2.35619,-1.17810,0.00000,0.78540,1.96350,3.14159,-1.96350,-0.78540,0.39270,1.17810,2.74889,-2.74889,-1.57080,-1.17810
110.76
-1.17810,-0.78540,0.00000,1.17810,2.35619,-2.74889,-1.96350,-0.78540,0.39270,1.57080,2.74889,-2.74889,-1.57080,-0.39270,0.39270,1.57080,2.35619,3.14159,-2.35619,-1.17810,0.00000,1.17810,1.96350,3.14159,-1.96350,-0.78540,0.39270,1.17810,2.74889,-2.74889,-1.57080,-1.17810
111.10
-1.57080,-0.78540,0.00000,1.17810,2.35619,-2.74889,-1.96350,-0.78540,0.39270,1.57080,2.74889,-2.74889,-1.17810,-0.39270,0.39270,1.17810,2.35619,3.14159,-2.35619,-1.17810,0.00000,0.78540,1.96350,3.14159,-1.96350,-0.78540,0.39270,1.17810,2.74889,-2.74889,-1.96350,-1.17810
111.21
-1.57080,-1.17810,0.00000,1.17810,2.35619,-2.74889,-1.96350,-0.78540,0.39270,1.57080,2.74889,-2.74889,-1.57080,-0.39270,0.78540,1.17810,2.35619,3.14159,-2.35619,-1.17810,0.00000,0.78540,1.96350,3.14159,-1.96350,-0.78540,0.39270,1.57080,2.74889,-2.74889,-1.96350,-0.78540
111.56
-1.57080,-0.78540,0.00000,1.17810,2.35619,-2.74889,-1.96350,-0.78540,0.39270,1.57080,2.74889,-2.74889,-1.57080,-0.39270,0.78540,1.17810,2.35619,3.14159,-2.35619,-1.17810,0.00000,0.78540,1.96350,3.14159,-1.96350,-0.78540,0.39270,1.57080,2.74889,-2.74889,-1.96350,-1.17810
111.61
-1.57080,-0.78540,0.00000,1.17810,1.96350,-2.74889,-1.96350,-0.78540,0.39270,1.57080,2.74889,-2.74889,-1.57080,-0.39270,0.78540,1.17810,1.96350,3.14159,-2.35619,-1.17810,-0.39270,0.78540,1.96350,3.14159,-1.96350,-0.78540,0.39270,1.57080,2.35619,-2.74889,-1.96350,-1.17810
111.67
-1.57080,-0.78540,0.00000,1.17810,2.35619,-2.74889,-1.96350,-0.78540,0.39270,1.57080,2.74889,-2.74889,-1.57080,-0.39270,0.78540,1.17810,1.96350,3.14159,-2.35619,-1.17810,0.00000,0.78540,1.96350,3.14159,-1.96350,-0.78540,0.39270,1.57080,2.35619,-2.74889,-1.96350,-1.17810
111.69
-1.57080,-0.78540,0.00000,1.17810,2.35619,-2.74889,-1.96350,-0.78540,0.39270,1.57080,2.74889,-2.74889,-1.57080,-0.39270,0.39270,1.17810,1.96350,3.14159,-2.35619,-1.17810,0.00000,0.78540,1.96350,3.14159,-1.96350,-0.78540,0.39270,1.57080,2.35619,-2.74889,-1.96350,-1.17810
111.69
-1.57080,-0.78540,0.00000,1.17810,2.35619,-2.74889,-1.96350,-0.78540,0.39270,1.57080,2.74889,-2.74889,-1.57080,-0.39270,0.39270,1.17810,1.96350,3.14159,-2.35619,-1.17810,-0.39270,0.78540,1.96350,3.14159,-1.96350,-0.78540,0.39270,1.57080,2.35619,-2.74889,-1.96350,-1.17810
111.69
-1.57080,-1.17810,0.00000,1.17810,1.96350,3.14159,-1.96350,-0.78540,0.39270,1.57080,2.74889,-2.74889,-1.57080,-0.39270,0.78540,1.17810,1.96350,3.14159,-2.35619,-1.17810,-0.39270,0.78540,1.96350,3.14159,-1.96350,-0.78540,0.00000,1.17810,2.35619,3.14159,-1.96350,-1.17810
111.80
-1.57080,-1.17810,0.00000,0.78540,1.96350,3.14159,-1.96350,-0.78540,0.39270,1.57080,2.35619,-2.74889,-1.57080,-0.39270,0.39270,1.17810,1.96350,3.14159,-2.35619,-1.17810,-0.39270,0.78540,1.96350,3.14159,-1.96350,-0.78540,0.00000,1.17810,2.35619,3.14159,-1.96350,-1.17810
111.80
-1.57080,-1.17810,0.00000,1.17810,2.35619,3.14159,-1.96350,-0.78540,0.39270,1.57080,2.35619,-2.74889,-1.57080,-0.39270,0.39270,1.17810,1.96350,3.14159,-2.35619,-1.17810,-0.39270,0.78540,1.96350,3.14159,-1.96350,-0.78540,0.00000,1.17810,2.35619,3.14159,-1.96350,-1.17810
111.87
-1.57080,-1.17810,0.00000,1.17810,1.96350,3.14159,-1.96350,-0.78540,0.39270,1.57080,2.74889,-2.74889,-1.57080,-0.39270,0.39270,1.17810,1.96350,3.14159,-2.35619,-1.17810,-0.39270,0.78540,1.96350,3.14159,-1.96350,-0.78540,0.00000,1.17810,2.35619,3.14159,-1.96350,-1.17810
111.96
-1.57080,-1.17810,0.00000,1.17810,1.96350,3.14159,-1.96350,-0.78540,0.39270,1.57080,2.35619,-2.74889,-1.57080,-0.39270,0.39270,1.17810,1.96350,3.14159,-2.35619,-1.17810,-0.39270,0.78540,1.96350,3.14159,-1.96350,-0.78540,0.00000,1.17810,2.35619,3.14159,-1.96350,-1.17810
111.96
-1.57080,-0.78540,0.00000,1.17810,1.96350,3.14159,-1.96350,-0.78540,0.39270,1.57080,2.35619,-2.74889,-1.57080,-0.39270,0.39270,1.17810,1.96350,3.14159,-2.35619,-1.17810,-0.39270,0.78540,1.96350,3.14159,-1.96350,-0.78540,0.00000,1.17810,2.35619,3.14159,-1.96350,-1.17810
