5.11
-0.39270,0.00000,0.39270,0.00000,0.39270,0.78540,-0.78540,0.00000,0.39270,0.00000,-0.78540,-0.39270,0.00000,0.39270,0.39270,-0.78540,0.39270,-0.39270,0.00000,0.39270,0.00000,0.78540,0.00000,-0.39270,0.39270,0.39270,-0.78540,0.00000,0.00000,0.39270,0.39270,0.39270
5.72
-0.78540,-0.39270,0.39270,0.00000,0.39270,0.39270,0.39270,0.00000,0.39270,1.17810,0.39270,0.00000,-1.17810,0.39270,1.17810,-0.39270,0.39270,-0.39270,0.00000,0.39270,-0.39270,1.57080,0.00000,0.00000,0.00000,0.39270,-0.78540,-0.78540,0.00000,1.17810,0.78540,0.39270
51.21
-1.17810,0.00000,0.39270,0.39270,1.96350,2.35619,-0.78540,-0.39270,0.39270,1.57080,-2.35619,-0.78540,-0.39270,1.17810,1.17810,-2.35619,-0.78540,-0.39270,-0.39270,0.78540,1.57080,2.35619,-0.39270,-0.39270,0.39270,1.57080,-2.35619,-0.78540,-0.39270,0.78540,1.17810,1.96350
69.69
-1.57080,-0.39270,1.17810,0.78540,2.74889,3.14159,-1.17810,0.00000,0.78540,2.35619,-2.74889,-1.57080,-0.39270,1.17810,1.96350,-2.74889,-1.17810,-0.78540,-0.78540,1.17810,2.35619,3.14159,-1.57080,-0.78540,0.00000,1.57080,-2.74889,-1.96350,-0.39270,0.39270,1.96350,3.14159
70.68
-2.74889,0.39270,0.39270,1.57080,3.14159,3.14159,-0.78540,0.39270,1.96350,3.14159,-2.74889,-1.57080,-0.78540,1.57080,2.35619,-2.74889,-1.57080,-1.17810,0.00000,1.57080,3.14159,3.14159,-1.17810,0.00000,0.78540,2.35619,-2.74889,-1.17810,0.39270,1.17810,2.74889,3.14159
71.88
-2.74889,0.00000,0.00000,2.35619,3.14159,3.14159,-1.57080,0.39270,1.17810,3.14159,-1.96350,-1.57080,0.00000,0.78540,2.74889,-2.74889,-2.74889,-1.17810,-0.39270,1.17810,3.14159,3.14159,-1.17810,0.00000,1.17810,2.35619,-2.74889,-1.17810,0.39270,1.17810,2.74889,3.14159
71.93
-2.74889,0.00000,0.39270,1.57080,3.14159,3.14159,-1.57080,0.00000,1.57080,3.14159,-2.74889,-1.17810,-0.39270,1.57080,2.74889,-2.74889,-2.35619,-1.17810,0.00000,1.17810,2.35619,3.14159,-1.17810,0.39270,0.78540,2.35619,-2.74889,-2.35619,-0.39270,1.17810,3.14159,3.14159
74.51
-2.74889,0.00000,0.39270,1.17810,3.14159,3.14159,-1.57080,0.00000,1.96350,3.14159,-2.74889,-1.57080,-0.39270,1.17810,2.74889,-2.74889,-1.96350,-0.78540,0.00000,1.17810,2.35619,3.14159,-1.17810,0.39270,0.78540,2.35619,-2.74889,-1.57080,-0.39270,1.17810,2.74889,3.14159
74.59
-2.74889,-0.39270,-0.39270,1.57080,3.14159,3.14159,-1.17810,-0.39270,1.17810,3.14159,-2.74889,-1.17810,-0.39270,1.96350,2.74889,-2.74889,-2.35619,-1.17810,0.00000,1.57080,1.96350,3.14159,-1.57080,0.00000,1.17810,2.35619,-2.74889,-1.96350,0.00000,1.17810,2.74889,3.14159
75.32
-2.74889,-0.78540,0.00000,1.96350,3.14159,3.14159,-0.78540,0.39270,1.57080,3.14159,-2.74889,-1.17810,0.00000,1.17810,2.74889,-2.74889,-1.96350,-0.39270,0.00000,1.17810,2.74889,3.14159,-1.57080,-0.39270,1.57080,2.74889,-2.74889,-1.57080,0.00000,0.78540,2.74889,3.14159
75.41
-2.74889,-0.78540,0.39270,1.96350,3.14159,3.14159,-1.17810,0.00000,1.57080,3.14159,-2.74889,-1.57080,-0.39270,1.96350,2.35619,-2.74889,-2.35619,-1.17810,0.39270,1.17810,2.74889,3.14159,-1.57080,0.00000,1.17810,2.74889,-2.74889,-1.17810,0.00000,1.17810,3.14159,3.14159
75.81
-2.74889,-1.17810,0.00000,1.96350,3.14159,3.14159,-1.17810,-0.39270,1.17810,3.14159,-2.74889,-1.17810,-0.39270,1.57080,3.14159,-2.74889,-2.35619,-1.17810,0.39270,1.17810,2.35619,3.14159,-1.17810,0.00000,1.17810,2.35619,-2.74889,-1.17810,0.39270,0.78540,2.74889,3.14159
76.14
-2.35619,-1.17810,0.39270,1.57080,3.14159,3.14159,-1.17810,-0.39270,0.78540,3.14159,-2.74889,-1.57080,-0.39270,1.57080,2.74889,-2.74889,-1.96350,-1.17810,0.00000,1.57080,1.96350,3.14159,-1.17810,0.00000,1.17810,2.35619,-2.74889,-1.57080,0.00000,0.39270,2.74889,3.14159
77.44
-2.35619,-0.78540,0.39270,1.17810,3.14159,3.14159,-1.17810,0.39270,1.17810,3.14159,-2.74889,-1.17810,0.39270,1.96350,2.35619,-2.74889,-2.35619,-1.17810,0.00000,1.17810,2.35619,3.14159,-1.17810,0.00000,1.17810,2.74889,-2.74889,-1.57080,-0.39270,0.78540,2.74889,3.14159
78.04
-2.74889,-0.78540,0.00000,1.57080,3.14159,3.14159,-1.57080,0.00000,1.17810,3.14159,-2.74889,-1.17810,0.00000,1.57080,2.35619,-2.74889,-1.96350,-1.17810,0.00000,1.17810,2.74889,3.14159,-1.57080,0.00000,1.57080,2.35619,-2.74889,-1.57080,0.00000,0.78540,2.74889,3.14159
78.24
-2.35619,-0.78540,0.00000,1.57080,3.14159,3.14159,-1.17810,0.00000,1.17810,3.14159,-2.74889,-1.57080,-0.39270,1.57080,1.96350,-2.74889,-2.35619,-1.17810,0.39270,1.17810,2.35619,3.14159,-1.57080,0.00000,0.78540,2.35619,-2.74889,-1.17810,-0.39270,1.17810,2.74889,3.14159
78.63
-2.74889,-1.17810,0.00000,1.57080,3.14159,3.14159,-1.57080,0.00000,1.17810,3.14159,-2.74889,-1.57080,0.00000,1.17810,1.96350,-2.74889,-1.96350,-0.78540,0.00000,1.17810,2.35619,3.14159,-1.57080,-0.39270,1.17810,2.35619,-2.74889,-1.57080,-0.39270,0.78540,2.74889,3.14159
78.85
-1.96350,-1.17810,0.00000,1.57080,3.14159,3.14159,-1.17810,0.39270,1.17810,3.14159,-2.74889,-1.17810,0.00000,1.17810,2.74889,-2.74889,-2.35619,-0.78540,0.39270,1.57080,2.74889,3.14159,-1.17810,0.00000,1.17810,2.35619,-2.74889,-1.17810,-0.39270,1.17810,2.74889,3.14159
79.03
-2.74889,-0.78540,0.39270,1.57080,3.14159,3.14159,-1.17810,0.00000,1.17810,3.14159,-2.74889,-0.78540,0.00000,1.17810,2.74889,-2.74889,-1.96350,-1.17810,0.00000,1.17810,2.35619,3.14159,-1.17810,0.00000,1.17810,2.74889,-2.74889,-1.57080,-0.39270,1.17810,1.96350,3.14159
79.05
-2.74889,-0.78540,0.39270,1.96350,3.14159,3.14159,-1.17810,0.00000,1.17810,3.14159,-2.74889,-1.17810,0.00000,1.17810,2.35619,-2.74889,-2.35619,-1.17810,0.00000,0.78540,2.35619,3.14159,-1.17810,0.00000,1.17810,2.35619,-2.74889,-1.17810,-0.39270,1.17810,2.35619,3.14159
79.75
-2.35619,-0.78540,0.00000,1.57080,3.14159,3.14159,-1.17810,0.00000,1.17810,3.14159,-2.74889,-1.17810,0.00000,1.57080,2.35619,-2.74889,-2.35619,-0.78540,0.00000,1.17810,2.35619,3.14159,-1.57080,0.00000,1.17810,2.35619,-2.74889,-1.17810,0.00000,1.17810,2.74889,3.14159
79.86
-1.96350,-1.17810,0.00000,1.57080,3.14159,3.14159,-1.17810,0.00000,1.57080,3.14159,-2.74889,-1.17810,0.00000,1.17810,2.35619,-2.74889,-2.74889,-1.17810,0.00000,1.17810,1.96350,3.14159,-1.17810,0.00000,1.17810,2.35619,-2.74889,-1.17810,-0.39270,1.17810,2.35619,3.14159
80.12
-2.35619,-0.78540,0.00000,1.57080,3.14159,3.14159,-1.17810,0.00000,1.57080,2.74889,-2.74889,-1.17810,0.00000,1.17810,2.74889,-2.74889,-2.35619,-1.17810,0.00000,1.57080,2.35619,3.14159,-1.17810,-0.39270,1.17810,2.74889,-2.74889,-1.57080,-0.39270,0.78540,1.96350,3.14159
81.18
-2.35619,-0.78540,0.00000,1.57080,3.14159,3.14159,-1.17810,0.00000,1.57080,2.74889,-2.74889,-1.17810,0.00000,1.17810,2.35619,-2.74889,-2.35619,-0.78540,0.00000,1.17810,2.35619,3.14159,-1.17810,0.00000,1.17810,2.35619,-2.74889,-1.57080,-0.39270,0.78540,2.35619,3.14159
81.43
-1.96350,-1.17810,0.00000,1.57080,3.14159,3.14159,-1.57080,0.00000,1.17810,2.74889,-2.74889,-1.17810,0.00000,1.17810,2.74889,-2.74889,-1.96350,-1.17810,0.39270,1.17810,2.35619,3.14159,-1.57080,0.00000,1.17810,2.35619,-2.74889,-1.17810,-0.39270,1.17810,1.96350,3.14159
81.58
-2.35619,-0.78540,0.00000,1.57080,3.14159,3.14159,-1.57080,0.00000,1.17810,2.74889,-2.74889,-1.17810,-0.39270,1.17810,2.35619,-2.74889,-2.35619,-1.17810,0.00000,1.17810,2.35619,3.14159,-1.17810,0.00000,1.17810,2.35619,-2.74889,-1.17810,0.00000,0.78540,1.96350,3.14159
81.77
-1.57080,-1.17810,0.39270,1.17810,3.14159,3.14159,-1.17810,0.00000,1.17810,2.74889,-2.74889,-1.17810,0.00000,1.17810,2.35619,-2.74889,-1.96350,-0.78540,0.00000,1.17810,2.35619,3.14159,-1.17810,0.00000,1.17810,2.74889,-2.74889,-1.17810,0.00000,1.17810,1.96350,3.14159
81.83
-1.96350,-1.17810,0.39270,1.17810,3.14159,3.14159,-1.17810,0.00000,1.17810,2.74889,-2.74889,-1.57080,0.00000,1.17810,2.35619,-2.74889,-1.96350,-1.17810,0.00000,1.17810,2.35619,3.14159,-1.17810,0.00000,1.17810,2.35619,-2.74889,-1.17810,0.00000,1.17810,2.35619,3.14159
82.30
-2.35619,-1.17810,0.39270,1.57080,2.74889,3.14159,-1.57080,0.00000,1.17810,2.74889,-2.74889,-1.17810,0.00000,1.17810,2.35619,-2.74889,-2.35619,-1.17810,0.00000,1.17810,2.35619,3.14159,-1.17810,0.00000,1.17810,2.35619,-2.74889,-1.57080,-0.39270,0.78540,2.35619,3.14159
82.55
-1.57080,-1.17810,0.00000,1.57080,2.35619,3.14159,-1.17810,0.00000,1.17810,2.74889,-2.74889,-1.17810,0.00000,1.17810,2.35619,-2.74889,-1.96350,-1.17810,0.00000,1.17810,2.35619,3.14159,-1.17810,0.00000,1.17810,2.35619,-2.74889,-1.17810,0.00000,1.17810,1.57080,3.14159
82.62
-2.35619,-1.17810,0.39270,1.57080,2.74889,3.14159,-1.57080,0.00000,1.17810,2.35619,-2.74889,-1.17810,0.00000,1.17810,2.35619,-2.74889,-2.35619,-1.17810,0.00000,1.17810,2.35619,3.14159,-1.57080,0.00000,1.17810,2.35619,-2.74889,-1.57080,0.00000,1.17810,2.35619,3.14159
82.85
-1.96350,-1.17810,0.39270,1.57080,2.74889,3.14159,-1.57080,0.00000,1.17810,2.35619,-2.74889,-1.17810,0.00000,1.17810,2.35619,-2.74889,-1.96350,-1.17810,0.00000,1.17810,2.35619,3.14159,-1.17810,0.00000,1.17810,2.35619,-2.74889,-1.57080,-0.39270,0.78540,1.96350,3.14159
82.88
-1.57080,-1.17810,0.00000,1.57080,2.74889,3.14159,-1.57080,0.00000,1.17810,2.35619,-2.74889,-1.17810,0.00000,1.17810,2.35619,-2.74889,-2.35619,-1.17810,0.00000,1.17810,2.35619,3.14159,-1.17810,0.00000,1.17810,2.35619,-2.74889,-1.17810,0.00000,1.17810,1.96350,3.14159
83.01
-1.96350,-1.17810,0.39270,1.17810,2.35619,3.14159,-1.17810,0.00000,1.17810,2.74889,-2.74889,-1.57080,0.00000,1.17810,2.35619,-2.74889,-2.35619,-1.17810,0.00000,1.17810,2.35619,3.14159,-1.57080,0.00000,1.17810,2.35619,-2.74889,-1.17810,0.00000,1.17810,1.96350,3.14159
83.17
-1.96350,-1.17810,0.39270,1.17810,2.35619,3.14159,-1.17810,0.00000,1.17810,2.74889,-2.74889,-1.57080,0.00000,1.17810,2.35619,-2.74889,-2.35619,-1.17810,0.00000,1.17810,2.35619,3.14159,-1.57080,0.00000,1.17810,2.35619,-2.74889,-1.57080,-0.39270,1.17810,1.96350,3.14159
83.21
-1.57080,-1.17810,0.39270,1.17810,2.35619,3.14159,-1.17810,0.00000,1.17810,2.35619,-2.74889,-1.17810,0.00000,1.17810,2.35619,-2.74889,-2.35619,-1.17810,0.00000,1.17810,2.35619,3.14159,-1.57080,0.00000,1.17810,2.35619,-2.74889,-1.57080,-0.39270,1.17810,1.96350,3.14159
83.33
-1.57080,-1.17810,0.00000,1.17810,2.35619,3.14159,-1.17810,0.00000,1.17810,2.35619,-2.74889,-1.57080,0.00000,1.17810,2.35619,-2.74889,-2.35619,-1.17810,0.00000,1.17810,2.35619,3.14159,-1.57080,0.00000,1.17810,2.35619,-2.74889,-1.57080,0.00000,1.17810,1.96350,3.14159
83.52
-1.96350,-1.17810,0.00000,1.17810,2.35619,3.14159,-1.57080,0.00000,1.17810,2.74889,-2.74889,-1.57080,0.00000,1.17810,2.35619,-2.74889,-2.35619,-1.17810,0.00000,1.17810,2.35619,3.14159,-1.57080,0.00000,1.17810,2.35619,-2.74889,-1.57080,-0.39270,0.78540,1.96350,3.14159
