35.06
3.14159,-1.96350,-1.17810,0.00000,1.17810,2.35619,3.14159,3.14159,-0.78540,0.00000,0.78540,1.96350,3.14159,-2.35619,-1.17810,0.00000,1.17810,2.35619,3.14159,-1.96350,-0.78540,0.39270,1.17810,2.35619,3.14159,-1.96350,-1.17810,0.00000,0.78540,1.96350,-2.74889,-1.96350,2.35619,-2.74889,-1.96350,-0.78540,0.39270,1.57080,2.35619,3.14159,-1.96350,-1.17810,0.00000,0.78540,1.96350,3.14159,-1.96350,-0.78540,0.39270,1.17810,2.35619,-2.74889,-1.57080,-0.78540,0.39270,1.17810,2.35619,3.14159,-1.96350,-1.17810,0.00000,1.17810,2.35619,-2.74889
46.73
3.14159,-1.96350,-1.17810,0.00000,1.17810,2.35619,3.14159,3.14159,-0.78540,0.00000,0.78540,1.96350,3.14159,-2.35619,-1.17810,0.00000,1.17810,2.35619,3.14159,-1.96350,-0.78540,0.39270,1.17810,2.35619,3.14159,-1.96350,-1.17810,0.00000,0.78540,1.96350,-2.74889,-1.96350,2.74889,-2.35619,-1.57080,-0.39270,0.78540,1.96350,2.74889,3.53429,-1.57080,-0.78540,0.39270,1.17810,2.35620,3.53429,-1.57080,-0.39270,0.78540,1.57080,2.74889,-2.35619,-1.17810,-0.39270,0.78540,1.57080,2.74889,3.53429,-1.57080,-0.78540,0.39270,1.57080,2.74889,-2.35619
87.28
3.14159,-1.96350,-1.17810,0.00000,1.17810,2.35619,3.14159,3.14159,-0.78540,0.00000,0.78540,1.96350,3.14159,-2.35619,-1.17810,0.00000,1.17810,2.35619,3.14159,-1.96350,-0.78540,0.39270,1.17810,2.35619,3.14159,-1.96350,-1.17810,0.00000,0.78540,1.96350,-2.74889,-1.96350,3.14159,-1.96349,-1.17810,-0.00000,1.17810,2.35620,3.14159,3.92699,-1.17810,-0.39270,0.78540,1.57080,2.74890,3.92699,-1.17810,-0.00000,1.17810,1.96350,3.14159,-1.96349,-0.78540,-0.00000,1.17810,1.96350,3.14159,3.92699,-1.17810,-0.39270,0.78540,1.96350,3.14159,-1.96349
150.54
3.14159,-1.96350,-1.17810,0.00000,1.17810,2.35619,3.14159,3.14159,-0.78540,0.00000,0.78540,1.96350,3.14159,-2.35619,-1.17810,0.00000,1.17810,2.35619,3.14159,-1.96350,-0.78540,0.39270,1.17810,2.35619,3.14159,-1.96350,-1.17810,0.00000,0.78540,1.96350,-2.74889,-1.96350,3.53429,-1.57079,-0.78540,0.39270,1.57080,2.74890,3.53429,4.31969,-0.78540,-0.00000,1.17810,1.96350,3.14160,4.31969,-0.78540,0.39270,1.57080,2.35620,3.53429,-1.57079,-0.39270,0.39270,1.57080,2.35620,3.53429,4.31969,-0.78540,-0.00000,1.17810,2.35620,3.53429,-1.57079
226.86
3.14159,-1.96350,-1.17810,0.00000,1.17810,2.35619,3.14159,3.14159,-0.78540,0.00000,0.78540,1.96350,3.14159,-2.35619,-1.17810,0.00000,1.17810,2.35619,3.14159,-1.96350,-0.78540,0.39270,1.17810,2.35619,3.14159,-1.96350,-1.17810,0.00000,0.78540,1.96350,-2.74889,-1.96350,3.92699,-1.17809,-0.39270,0.78540,1.96350,3.14160,3.92699,4.71239,-0.39270,0.39270,1.57080,2.35620,3.53430,4.71239,-0.39270,0.78540,1.96350,2.74890,3.92699,-1.17809,-0.00000,0.78540,1.96350,2.74890,3.92699,4.71239,-0.39270,0.39270,1.57080,2.74890,3.92699,-1.17809
304.64
3.14159,-1.96350,-1.17810,0.00000,1.17810,2.35619,3.14159,3.14159,-0.78540,0.00000,0.78540,1.96350,3.14159,-2.35619,-1.17810,0.00000,1.17810,2.35619,3.14159,-1.96350,-0.78540,0.39270,1.17810,2.35619,3.14159,-1.96350,-1.17810,0.00000,0.78540,1.96350,-2.74889,-1.96350,4.31969,-0.78539,-0.00000,1.17810,2.35620,3.53430,4.31969,5.10509,-0.00000,0.78540,1.96350,2.74890,3.92700,5.10509,-0.00000,1.17810,2.35620,3.14160,4.31969,-0.78539,0.39270,1.17810,2.35620,3.14160,4.31969,5.10509,-0.00000,0.78540,1.96350,3.14160,4.31969,-0.78539
372.03
3.14159,-1.96350,-1.17810,0.00000,1.17810,2.35619,3.14159,3.14159,-0.78540,0.00000,0.78540,1.96350,3.14159,-2.35619,-1.17810,0.00000,1.17810,2.35619,3.14159,-1.96350,-0.78540,0.39270,1.17810,2.35619,3.14159,-1.96350,-1.17810,0.00000,0.78540,1.96350,-2.74889,-1.96350,4.71238,-0.39270,0.39269,1.57079,2.74889,3.92699,4.71238,5.49778,0.39269,1.17809,2.35619,3.14159,4.31969,5.49778,0.39269,1.57079,2.74889,3.53429,4.71238,-0.39270,0.78539,1.57079,2.74889,3.53429,4.71238,5.49778,0.39269,1.17809,2.35619,3.53429,4.71238,-0.39270
418.78
3.14159,-1.96350,-1.17810,0.00000,1.17810,2.35619,3.14159,3.14159,-0.78540,0.00000,0.78540,1.96350,3.14159,-2.35619,-1.17810,0.00000,1.17810,2.35619,3.14159,-1.96350,-0.78540,0.39270,1.17810,2.35619,3.14159,-1.96350,-1.17810,0.00000,0.78540,1.96350,-2.74889,-1.96350,5.10508,0.00000,0.78539,1.96349,3.14159,4.31969,5.10508,5.89048,0.78539,1.57079,2.74889,3.53429,4.71239,5.89048,0.78539,1.96349,3.14159,3.92699,5.10508,0.00000,1.17809,1.96349,3.14159,3.92699,5.10508,5.89048,0.78539,1.57079,2.74889,3.92699,5.10508,0.00000
437.75
3.14159,-1.96350,-1.17810,0.00000,1.17810,2.35619,3.14159,3.14159,-0.78540,0.00000,0.78540,1.96350,3.14159,-2.35619,-1.17810,0.00000,1.17810,2.35619,3.14159,-1.96350,-0.78540,0.39270,1.17810,2.35619,3.14159,-1.96350,-1.17810,0.00000,0.78540,1.96350,-2.74889,-1.96350,5.49778,0.39270,1.17809,2.35619,3.53429,4.71239,5.49778,6.28318,1.17809,1.96349,3.14159,3.92699,5.10509,6.28318,1.17809,2.35619,3.53429,4.31969,5.49778,0.39270,1.57079,2.35619,3.53429,4.31969,5.49778,6.28318,1.17809,1.96349,3.14159,4.31969,5.49778,0.39270
