199.90
1.57080,2.35619,-2.74889,-1.96350,-0.78540,0.00000,0.78540,1.57080,2.35619,3.14159,-2.35619,-1.17810,-0.39270,0.39270,1.57080,2.35619,-2.74889,-1.96350,-0.78540,0.00000,0.78540,1.96350,2.74889,3.14159,-1.96350,-1.17810,-0.39270,0.78540,1.57080,2.35619,-2.74889,-1.96350,1.57080,2.35619,-2.74889,-1.96350,-1.17810,0.00000,0.78540,1.57080,2.35619,3.14159,-2.35619,-1.57080,-0.39270,0.39270,1.57080,2.35619,-2.74889,-1.96350,-0.78540,0.00000,1.17810,1.96350,2.74889,3.14159,-1.96350,-1.17810,-0.39270,0.78540,1.57080,2.35619,-2.74889,-1.96350
208.68
1.57080,2.35619,-2.74889,-1.96350,-0.78540,0.00000,0.78540,1.57080,2.35619,3.14159,-2.35619,-1.17810,-0.39270,0.39270,1.57080,2.35619,-2.74889,-1.96350,-0.78540,0.00000,0.78540,1.96350,2.74889,3.14159,-1.96350,-1.17810,-0.39270,0.78540,1.57080,2.35619,-2.74889,-1.96350,3.53430,4.31969,-0.78539,-0.00000,0.78540,1.96350,2.74890,3.53430,4.31969,5.10509,-0.39269,0.39270,1.57080,2.35620,3.53430,4.31969,-0.78539,-0.00000,1.17810,1.96350,3.14160,3.92700,4.71239,5.10509,-0.00000,0.78540,1.57080,2.74890,3.53430,4.31969,-0.78539,-0.00000
266.74
1.57080,2.35619,-2.74889,-1.96350,-0.78540,0.00000,0.78540,1.57080,2.35619,3.14159,-2.35619,-1.17810,-0.39270,0.39270,1.57080,2.35619,-2.74889,-1.96350,-0.78540,0.00000,0.78540,1.96350,2.74889,3.14159,-1.96350,-1.17810,-0.39270,0.78540,1.57080,2.35619,-2.74889,-1.96350,3.92699,4.71238,-0.39270,0.39269,1.17809,2.35619,3.14159,3.92699,4.71238,5.49778,0.00000,0.78539,1.96349,2.74889,3.92699,4.71238,-0.39270,0.39269,1.57079,2.35619,3.53429,4.31969,5.10508,5.49778,0.39269,1.17809,1.96349,3.14159,3.92699,4.71238,-0.39270,0.39269
328.73
1.57080,2.35619,-2.74889,-1.96350,-0.78540,0.00000,0.78540,1.57080,2.35619,3.14159,-2.35619,-1.17810,-0.39270,0.39270,1.57080,2.35619,-2.74889,-1.96350,-0.78540,0.00000,0.78540,1.96350,2.74889,3.14159,-1.96350,-1.17810,-0.39270,0.78540,1.57080,2.35619,-2.74889,-1.96350,4.31969,5.10508,0.00000,0.78539,1.57079,2.74889,3.53429,4.31969,5.10508,5.89048,0.39270,1.17809,2.35619,3.14159,4.31969,5.10508,0.00000,0.78539,1.96349,2.74889,3.92699,4.71239,5.49778,5.89048,0.78539,1.57079,2.35619,3.53429,4.31969,5.10508,0.00000,0.78539
385.22
1.57080,2.35619,-2.74889,-1.96350,-0.78540,0.00000,0.78540,1.57080,2.35619,3.14159,-2.35619,-1.17810,-0.39270,0.39270,1.57080,2.35619,-2.74889,-1.96350,-0.78540,0.00000,0.78540,1.96350,2.74889,3.14159,-1.96350,-1.17810,-0.39270,0.78540,1.57080,2.35619,-2.74889,-1.96350,4.71239,5.49778,0.39270,1.17809,1.96349,3.14159,3.92699,4.71239,5.49778,6.28318,0.78540,1.57079,2.74889,3.53429,4.71239,5.49778,0.39270,1.17809,2.35619,3.14159,4.31969,5.10509,5.89048,6.28318,1.17809,1.96349,2.74889,3.92699,4.71239,5.49778,0.39270,1.17809
421.73
3.14160,3.92699,-1.17809,-0.39270,0.78540,1.57080,2.35620,3.14160,3.92699,4.71239,-0.78539,0.39270,1.17810,1.96350,3.14160,3.92699,-1.17809,-0.39270,0.78540,1.57080,2.35620,3.53430,4.31969,4.71239,-0.39270,0.39270,1.17810,2.35620,3.14160,3.92699,-1.17809,-0.39270,1.57080,2.35619,-2.74889,-1.96350,-1.17810,0.00000,0.78540,1.57080,2.35619,3.14159,-2.35619,-1.57080,-0.39270,0.39270,1.57080,2.35619,-2.74889,-1.96350,-0.78540,0.00000,1.17810,1.96350,2.74889,3.14159,-1.96350,-1.17810,-0.39270,0.78540,1.57080,2.35619,-2.74889,-1.96350
447.36
3.53430,4.31969,-0.78539,-0.00000,1.17810,1.96350,2.74890,3.53430,4.31969,5.10509,-0.39269,0.78540,1.57080,2.35620,3.53430,4.31969,-0.78539,-0.00000,1.17810,1.96350,2.74890,3.92700,4.71239,5.10509,-0.00000,0.78540,1.57080,2.74890,3.53430,4.31969,-0.78539,-0.00000,1.57080,2.35619,-2.74889,-1.96350,-1.17810,0.00000,0.78540,1.57080,2.35619,3.14159,-2.35619,-1.57080,-0.39270,0.39270,1.57080,2.35619,-2.74889,-1.96350,-0.78540,0.00000,1.17810,1.96350,2.74889,3.14159,-1.96350,-1.17810,-0.39270,0.78540,1.57080,2.35619,-2.74889,-1.96350
449.41
3.92699,4.71238,-0.39270,0.39269,1.57079,2.35619,3.14159,3.92699,4.71238,5.49778,0.00000,1.17809,1.96349,2.74889,3.92699,4.71238,-0.39270,0.39269,1.57079,2.35619,3.14159,4.31969,5.10508,5.49778,0.39269,1.17809,1.96349,3.14159,3.92699,4.71238,-0.39270,0.39269,1.57080,2.35619,-2.74889,-1.96350,-1.17810,0.00000,0.78540,1.57080,2.35619,3.14159,-2.35619,-1.57080,-0.39270,0.39270,1.57080,2.35619,-2.74889,-1.96350,-0.78540,0.00000,1.17810,1.96350,2.74889,3.14159,-1.96350,-1.17810,-0.39270,0.78540,1.57080,2.35619,-2.74889,-1.96350
